0 0 0 0 0 0 0 0 
0.0174551 0.0174551 0.0174551 0.0174551 0.0174551 0.0174551 0.0174551 0.0174551 
0.0349101 0.0349101 0.0349101 0.0349101 0.0349101 0.0349101 0.0349101 0.0349101 
0.0523652 0.0523652 0.0523652 0.0523652 0.0523652 0.0523652 0.0523652 0.0523652 
0.0698203 0.0698203 0.0698203 0.0698203 0.0698203 0.0698203 0.0698203 0.0698203 
0.0872753 0.0872753 0.0872753 0.0872753 0.0872753 0.0872753 0.0872753 0.0872753 
0.10473 0.10473 0.10473 0.10473 0.10473 0.10473 0.10473 0.10473 
0.122185 0.122185 0.122185 0.122185 0.122185 0.122185 0.122185 0.122185 
0.139641 0.139641 0.139641 0.139641 0.139641 0.139641 0.139641 0.139641 
0.157096 0.157096 0.157096 0.157096 0.157096 0.157096 0.157096 0.157096 
0.174551 0.174551 0.174551 0.174551 0.174551 0.174551 0.174551 0.174551 
0.192006 0.192006 0.192006 0.192006 0.192006 0.192006 0.192006 0.192006 
0.209461 0.209461 0.209461 0.209461 0.209461 0.209461 0.209461 0.209461 
0.226916 0.226916 0.226916 0.226916 0.226916 0.226916 0.226916 0.226916 
0.244371 0.244371 0.244371 0.244371 0.244371 0.244371 0.244371 0.244371 
0.261826 0.261826 0.261826 0.261826 0.261826 0.261826 0.261826 0.261826 
0.279281 0.279281 0.279281 0.279281 0.279281 0.279281 0.279281 0.279281 
0.296736 0.296736 0.296736 0.296736 0.296736 0.296736 0.296736 0.296736 
0.314191 0.314191 0.314191 0.314191 0.314191 0.314191 0.314191 0.314191 
0.331646 0.331646 0.331646 0.331646 0.331646 0.331646 0.331646 0.331646 
0.349101 0.349101 0.349101 0.349101 0.349101 0.349101 0.349101 0.349101 
0.366556 0.366556 0.366556 0.366556 0.366556 0.366556 0.366556 0.366556 
0.384011 0.384011 0.384011 0.384011 0.384011 0.384011 0.384011 0.384011 
0.401466 0.401466 0.401466 0.401466 0.401466 0.401466 0.401466 0.401466 
0.418922 0.418922 0.418922 0.418922 0.418922 0.418922 0.418922 0.418922 
0.436377 0.436377 0.436377 0.436377 0.436377 0.436377 0.436377 0.436377 
0.453832 0.453832 0.453832 0.453832 0.453832 0.453832 0.453832 0.453832 
0.471287 0.471287 0.471287 0.471287 0.471287 0.471287 0.471287 0.471287 
0.4884 0.49188 0.49125 0.491042 0.491531 0.490471 0.491417 0.495265 
0.501401 0.501644 0.501508 0.501641 0.501667 0.501665 0.501613 0.502031 
0.515848 0.518903 0.518233 0.51828 0.518508 0.517894 0.518478 0.521977 
0.527135 0.527235 0.527139 0.527247 0.527231 0.527516 0.527184 0.527683 
0.539061 0.541664 0.541058 0.541165 0.541278 0.540989 0.541274 0.544436 
0.548685 0.548504 0.548509 0.548497 0.548554 0.548959 0.548486 0.548866 
0.558328 0.560532 0.559987 0.560086 0.560197 0.560019 0.560215 0.562987 
0.566301 0.565849 0.565939 0.565791 0.565972 0.566359 0.565907 0.566038 
0.573774 0.575652 0.575161 0.575235 0.575374 0.575203 0.575441 0.57779 
0.580087 0.579388 0.579577 0.579291 0.579597 0.579916 0.579554 0.579387 
0.585444 0.587044 0.586631 0.586676 0.586837 0.58664 0.586953 0.588905 
0.59007 0.589144 0.589457 0.589047 0.589455 0.589697 0.589421 0.58898 
0.593324 0.594694 0.594371 0.594408 0.594563 0.594343 0.594708 0.596335 
0.596222 0.595113 0.595541 0.595046 0.595516 0.595704 0.595472 0.59482 
0.597369 0.598578 0.598317 0.598388 0.598495 0.598282 0.598656 0.600045 
0.598504 0.597273 0.597775 0.597241 0.597731 0.597899 0.597671 0.596876 
0.597545 0.598664 0.598418 0.598561 0.598582 0.598408 0.598762 0.599991 
0.596901 0.595604 0.596132 0.595589 0.596072 0.596244 0.596003 0.59512 
0.593854 0.594939 0.594664 0.594899 0.594817 0.594695 0.595027 0.596152 
0.591444 0.590119 0.590637 0.590096 0.590568 0.590744 0.590499 0.589562 
0.586355 0.587444 0.587116 0.587443 0.587262 0.587183 0.587507 0.588564 
0.582238 0.580908 0.5814 0.580857 0.581327 0.581493 0.581259 0.580284 
0.575209 0.576325 0.575936 0.576349 0.576078 0.57603 0.576356 0.577367 
0.569519 0.568192 0.568659 0.568104 0.568584 0.568728 0.568511 0.567509 
0.560742 0.561896 0.561451 0.561941 0.561588 0.561562 0.561892 0.562874 
0.553724 0.5524 0.552851 0.552275 0.552773 0.552887 0.552685 0.551662 
0.543515 0.544711 0.544222 0.544782 0.544349 0.544343 0.544671 0.545639 
0.535556 0.534229 0.534677 0.534072 0.534595 0.534675 0.534482 0.53344 
0.524381 0.525617 0.5251 0.525725 0.525213 0.525229 0.525543 0.526511 
0.516029 0.51469 0.51515 0.514506 0.515062 0.515108 0.514914 0.513856 
0.504516 0.50579 0.505258 0.505944 0.505355 0.505397 0.505686 0.506667 
0.496485 0.495125 0.495607 0.494919 0.495515 0.495525 0.495325 0.49425 
0.485419 0.486733 0.486194 0.486937 0.486274 0.486343 0.486603 0.487608 
0.47857 0.477184 0.477692 0.476953 0.477601 0.47757 0.477365 0.47627 
0.468855 0.470215 0.469671 0.470471 0.469736 0.469835 0.470062 0.471103 
0.46414 0.462721 0.463256 0.462458 0.46317 0.463093 0.46289 0.461769 
0.456711 0.458122 0.457569 0.458427 0.457622 0.457753 0.45795 0.45904 
0.455052 0.453592 0.454151 0.453285 0.454074 0.453946 0.453753 0.452598 
0.450714 0.452187 0.451616 0.452538 0.45166 0.451825 0.451999 0.453147 
0.452882 0.45138 0.451947 0.451017 0.451889 0.451705 0.451534 0.450328 
0.452191 0.453731 0.453146 0.45413 0.453172 0.453388 0.453524 0.454761 
0.458314 0.456748 0.45733 0.456318 0.457284 0.457046 0.456902 0.455639 
0.461042 0.462657 0.462048 0.463108 0.462056 0.462333 0.462433 0.463774 
0.470753 0.469108 0.469698 0.4686 0.469671 0.469368 0.469269 0.467916 
0.47617 0.477875 0.477239 0.478388 0.477227 0.477573 0.477633 0.479102 
0.488499 0.486757 0.487353 0.486158 0.487348 0.486971 0.48693 0.485454 
0.495281 0.497093 0.496427 0.497681 0.496391 0.496822 0.496828 0.498463 
0.508751 0.506884 0.507486 0.506177 0.507503 0.507041 0.507075 0.505431 
0.51512 0.517067 0.516366 0.517746 0.5163 0.516837 0.516768 0.518633 
0.527957 0.525932 0.526532 0.525087 0.526572 0.526011 0.526145 0.524273 
0.531923 0.534046 0.533298 0.534832 0.533189 0.533869 0.533691 0.535894 
0.542361 0.540129 0.540706 0.539095 0.540768 0.540095 0.540367 0.538179 
0.541981 0.54436 0.543525 0.545265 0.543354 0.544248 0.543893 0.546653 
0.54859 0.546085 0.546574 0.544768 0.54665 0.545865 0.546334 0.543708 
0.542522 0.545356 0.544287 0.546366 0.544016 0.545307 0.544611 0.548429 
0.545069 0.542259 0.542434 0.54046 0.542501 0.541704 0.5424 0.539229 
0.532687 0.536665 0.534806 0.537684 0.534354 0.536652 0.534977 0.541467 
0.532361 0.529654 0.528599 0.526914 0.528599 0.528409 0.528933 0.525651 
0.512847 0.521439 0.516151 0.521977 0.515348 0.521331 0.515344 0.531935 
0.512748 0.513719 0.507323 0.508565 0.507148 0.510797 0.507601 0.508608 
0.475301 0.512083 0.488505 0.508417 0.487052 0.51132 0.478229 0.562141 
0.491418 0.503642 0.484902 0.49097 0.484692 0.495304 0.480988 0.519061 
0.48036 0.486062 0.479035 0.486212 0.476719 0.483258 0.480867 0.487404 
0.517461 0.520686 0.469077 0.478297 0.473965 0.476493 0.47814 0.471576 
0.494625 0.501035 0.468179 0.484666 0.468061 0.473461 0.475348 0.46628 
0.480652 0.479593 0.476732 0.473945 0.473395 0.473963 0.473275 0.472042 
0.473182 0.490013 0.463041 0.525095 0.460673 0.483684 0.472734 0.475266 
0.482072 0.480082 0.481028 0.503891 0.479053 0.484079 0.481256 0.478449 
0.487777 0.485858 0.493052 0.489114 0.49198 0.485786 0.493101 0.48042 
0.507041 0.484877 0.505325 0.492737 0.504392 0.49247 0.50265 0.486606 
0.508009 0.495664 0.513349 0.493814 0.512425 0.497729 0.51374 0.493843 
0.573506 0.481464 0.53245 0.494543 0.528283 0.499097 0.530137 0.484905 
0.549874 0.501325 0.530161 0.503285 0.527125 0.508389 0.531542 0.500394 
0.522935 0.513094 0.529025 0.511517 0.529906 0.51736 0.526813 0.516899 
0.522786 0.515487 0.526778 0.512973 0.525907 0.517894 0.528743 0.515303 
0.508931 0.515135 0.522871 0.513039 0.526285 0.519251 0.520367 0.519266 
0.506564 0.511454 0.514967 0.510178 0.515079 0.514398 0.518001 0.511587 
0.494121 0.504808 0.508534 0.502784 0.517046 0.509124 0.505725 0.509138 
0.490381 0.497286 0.498597 0.49708 0.500238 0.499798 0.505571 0.496863 
0.483099 0.485022 0.498607 0.476106 0.53898 0.482222 0.496285 0.489067 
0.482578 0.478976 0.488464 0.476165 0.512654 0.47163 0.523546 0.472216 
0.467975 0.481551 0.47687 0.482755 0.480354 0.485308 0.491839 0.482264 
0.465179 0.483114 0.47079 0.484828 0.472853 0.487677 0.470304 0.484877 
0.464879 0.483205 0.473329 0.484194 0.468303 0.489985 0.469048 0.487146 
0.470736 0.486565 0.475322 0.489932 0.472116 0.490676 0.466969 0.488226 
0.476363 0.489547 0.483956 0.490048 0.477542 0.494762 0.474355 0.49244 
0.484002 0.497581 0.486054 0.506942 0.482368 0.499294 0.478199 0.496436 
0.490494 0.502628 0.496072 0.504635 0.490687 0.505354 0.487607 0.502411 
0.491723 0.51918 0.482702 0.570635 0.479758 0.51871 0.487052 0.51148 
0.501135 0.516039 0.50108 0.544311 0.49668 0.517448 0.499708 0.512024 
0.509409 0.51393 0.512292 0.514955 0.509794 0.512969 0.507094 0.50992 
0.510105 0.513526 0.513836 0.516028 0.510064 0.515303 0.510702 0.512244 
0.512447 0.511171 0.514104 0.503634 0.512083 0.51079 0.511871 0.509271 
0.509821 0.508194 0.512277 0.50522 0.509262 0.5105 0.511493 0.50904 
0.509522 0.505268 0.509348 0.49752 0.507878 0.504796 0.509494 0.5047 
0.505844 0.50186 0.507723 0.498014 0.505278 0.503711 0.507546 0.503572 
0.505029 0.501445 0.503379 0.49806 0.502176 0.499955 0.504547 0.500687 
0.501952 0.500065 0.50348 0.49805 0.501309 0.501017 0.503206 0.501252 
0.498928 0.509095 0.489007 0.538728 0.487894 0.506486 0.497485 0.504819 
0.500541 0.505296 0.497435 0.528429 0.495467 0.50569 0.501406 0.504304 
0.508352 0.503232 0.507599 0.49296 0.506597 0.499904 0.505324 0.502415 
0.501511 0.510071 0.495663 0.541127 0.493811 0.510368 0.502036 0.517678 
0.515384 0.506302 0.506469 0.506056 0.5052 0.502458 0.50736 0.506091 
0.510512 0.501276 0.512552 0.494196 0.510109 0.502053 0.509296 0.503433 
0.543971 0.503421 0.511652 0.485365 0.507304 0.503524 0.499825 0.548425 
0.528067 0.500077 0.510143 0.489027 0.505713 0.504452 0.502021 0.535666 
0.492829 0.555105 0.490302 0.491098 0.498005 0.504573 0.50041 0.514566 
0.492456 0.532712 0.49324 0.500061 0.495036 0.508129 0.493664 0.527192 
0.493658 0.506241 0.498406 0.486646 0.496154 0.502138 0.497568 0.501396 
0.462657 0.527516 0.473104 0.543623 0.472481 0.526239 0.465976 0.585986 
0.481921 0.503903 0.488432 0.511474 0.487089 0.509 0.486681 0.535221 
0.497248 0.496819 0.499375 0.489702 0.499744 0.50183 0.49884 0.499181 
0.495264 0.490982 0.499468 0.487113 0.499264 0.497308 0.501519 0.492188 
0.501824 0.48997 0.503977 0.481904 0.505186 0.496007 0.503934 0.482232 
0.499035 0.486656 0.502986 0.482965 0.503123 0.492854 0.505487 0.482168 
0.502893 0.487772 0.505579 0.482453 0.507283 0.493918 0.504504 0.47967 
0.499473 0.485765 0.50353 0.484131 0.503744 0.491336 0.506463 0.481009 
0.501748 0.487629 0.504642 0.484746 0.506916 0.493668 0.502654 0.480875 
0.498803 0.48539 0.502304 0.485194 0.502777 0.489794 0.509258 0.480907 
0.500757 0.486974 0.502881 0.485615 0.506465 0.492549 0.501759 0.48115 
0.503791 0.480943 0.503572 0.481977 0.506831 0.478035 0.543269 0.470942 
0.501686 0.485988 0.501139 0.485787 0.508455 0.487661 0.521309 0.477179 
0.492711 0.48852 0.495255 0.490724 0.495247 0.495062 0.49595 0.491476 
0.498407 0.488862 0.498887 0.48895 0.51158 0.492356 0.500891 0.482882 
0.485529 0.493258 0.494912 0.493726 0.496095 0.498614 0.483597 0.519063 
0.508166 0.480375 0.515193 0.470352 0.578032 0.471743 0.512023 0.48653 
0.50349 0.486549 0.50585 0.486256 0.538221 0.485276 0.503747 0.476659 
0.500604 0.494247 0.502558 0.499666 0.503241 0.499615 0.498624 0.484219 
0.497007 0.494363 0.50154 0.498341 0.501349 0.497375 0.494547 0.482152 
0.49775 0.497583 0.501808 0.502235 0.490971 0.501662 0.49384 0.490107 
0.496165 0.496684 0.500246 0.499637 0.49341 0.497741 0.492589 0.489825 
0.498382 0.499613 0.500242 0.502611 0.48846 0.501377 0.493617 0.496565 
0.49667 0.499 0.498191 0.50041 0.490885 0.498121 0.493029 0.495305 
0.498547 0.501809 0.498254 0.503269 0.487929 0.501873 0.493835 0.500037 
0.496367 0.501026 0.496396 0.501272 0.490063 0.498919 0.493377 0.497908 
0.498261 0.503539 0.496946 0.504093 0.488293 0.502882 0.494069 0.502011 
0.496266 0.502581 0.495668 0.502212 0.490403 0.500281 0.494372 0.500049 
0.498623 0.504929 0.49678 0.505032 0.489675 0.504601 0.495335 0.504114 
0.496964 0.503767 0.496036 0.503103 0.491979 0.501943 0.49646 0.502248 
0.499592 0.505795 0.49741 0.505766 0.491851 0.506178 0.496884 0.505833 
0.497952 0.504114 0.496938 0.503385 0.49405 0.502847 0.498709 0.50375 
0.500602 0.505556 0.498196 0.505558 0.493993 0.506666 0.498171 0.506277 
0.498697 0.503293 0.497733 0.502469 0.495876 0.502346 0.501222 0.504496 
0.501422 0.50431 0.498628 0.504235 0.495586 0.506053 0.499052 0.505718 
0.4988 0.502125 0.49815 0.500657 0.497462 0.500553 0.506267 0.507541 
0.501986 0.503482 0.498712 0.50262 0.497084 0.505089 0.500606 0.506345 
0.493417 0.504467 0.497935 0.498849 0.501267 0.494501 0.535897 0.537854 
0.500226 0.505163 0.498916 0.501714 0.500044 0.502382 0.521247 0.528246 
0.505516 0.50097 0.500627 0.498871 0.50044 0.501729 0.505046 0.501583 
0.502945 0.505114 0.499839 0.502784 0.499625 0.505474 0.50364 0.512036 
0.509463 0.500212 0.502716 0.499184 0.500939 0.501047 0.498795 0.492981 
0.501135 0.506999 0.499418 0.504711 0.498317 0.506753 0.496754 0.515341 
0.538368 0.492787 0.508099 0.497595 0.502289 0.499055 0.500802 0.485997 
0.500977 0.515889 0.492739 0.512316 0.490089 0.518057 0.478598 0.568914 
0.4883 0.513293 0.498975 0.505956 0.494195 0.50961 0.484574 0.535805 
0.514474 0.505296 0.501135 0.504134 0.499768 0.504591 0.500757 0.503577 
0.496237 0.501584 0.514178 0.496154 0.503894 0.497967 0.497984 0.498388 
0.575236 0.478113 0.519817 0.4902 0.513287 0.488912 0.517733 0.467573 
0.544154 0.470554 0.574177 0.47363 0.520217 0.48295 0.512891 0.469564 
0.508486 0.492583 0.536407 0.492432 0.509815 0.494203 0.506632 0.486338 
0.50576 0.486562 0.54504 0.486883 0.512584 0.489626 0.504004 0.479659 
0.493127 0.496886 0.523284 0.499084 0.503787 0.499269 0.500277 0.492551 
0.488015 0.504016 0.488801 0.505262 0.500631 0.498912 0.494381 0.489035 
0.484306 0.504621 0.492093 0.507318 0.495273 0.505026 0.493532 0.504018 
0.485232 0.50507 0.477691 0.503939 0.503692 0.498686 0.493418 0.492251 
0.470943 0.511074 0.481231 0.509056 0.491464 0.511122 0.481236 0.549058 
0.486772 0.499728 0.485956 0.484849 0.556981 0.483132 0.499278 0.511822 
0.49419 0.495611 0.493623 0.492397 0.531674 0.492525 0.504802 0.492559 
0.485797 0.503891 0.478571 0.502173 0.493521 0.500396 0.493373 0.495092 
0.492774 0.495558 0.491855 0.498153 0.499871 0.498859 0.499461 0.487982 
0.483606 0.510307 0.478066 0.503112 0.481193 0.500713 0.49003 0.492874 
0.491197 0.499072 0.491703 0.500146 0.492226 0.49961 0.496098 0.490645 
0.465763 0.567795 0.462721 0.514597 0.472145 0.506511 0.481945 0.504767 
0.484665 0.533186 0.487123 0.505335 0.490331 0.501073 0.493731 0.496985 
0.491379 0.499955 0.488224 0.502346 0.481799 0.497944 0.491354 0.492519 
0.494528 0.498883 0.497275 0.499118 0.496314 0.496883 0.497291 0.492015 
0.492098 0.486472 0.488956 0.49902 0.482581 0.495733 0.49164 0.489528 
0.494432 0.487551 0.497849 0.492574 0.503987 0.491793 0.498014 0.487787 
0.490676 0.479395 0.48795 0.492853 0.48426 0.490771 0.491623 0.484366 
0.498303 0.474638 0.506205 0.470694 0.554901 0.471179 0.50653 0.476871 
0.490393 0.473118 0.490086 0.481284 0.511864 0.480041 0.494036 0.478009 
0.492988 0.475338 0.500175 0.476185 0.529404 0.477408 0.499826 0.478018 
0.486504 0.475055 0.485387 0.483019 0.501095 0.482068 0.488941 0.479159 
0.485209 0.483746 0.48891 0.492196 0.47657 0.493788 0.487249 0.486283 
0.484463 0.480424 0.480041 0.489967 0.474408 0.489025 0.482959 0.483639 
0.486815 0.486671 0.489646 0.49327 0.46972 0.495071 0.486467 0.488971 
0.488866 0.483205 0.481703 0.491138 0.471868 0.49004 0.484306 0.485534 
0.490719 0.489663 0.494354 0.493699 0.473324 0.495725 0.489321 0.491845 
0.496167 0.486294 0.485131 0.492382 0.475822 0.490931 0.487743 0.487691 
0.493915 0.493007 0.500984 0.494072 0.479594 0.496415 0.492631 0.495295 
0.528887 0.480521 0.492666 0.490135 0.483707 0.487973 0.495314 0.480718 
0.51353 0.489797 0.514608 0.491406 0.48636 0.495157 0.495851 0.493158 
0.488687 0.49429 0.488482 0.493202 0.484329 0.491214 0.488075 0.494454 
0.510465 0.464843 0.595713 0.462282 0.506737 0.481937 0.503185 0.484362 
0.488326 0.477051 0.537033 0.476359 0.494522 0.482275 0.490343 0.485212 
0.485919 0.492041 0.494145 0.491088 0.488767 0.490235 0.489296 0.491062 
0.475719 0.482469 0.483324 0.484766 0.482719 0.483179 0.481476 0.482921 
0.477486 0.487323 0.470313 0.488663 0.479711 0.48823 0.481838 0.486644 
0.46847 0.477493 0.464323 0.481196 0.472499 0.480186 0.473306 0.478212 
0.471981 0.48242 0.460225 0.483179 0.471546 0.484136 0.474748 0.482985 
0.464323 0.473638 0.455649 0.476087 0.46495 0.47517 0.467285 0.474263 
0.4693 0.478828 0.456606 0.477667 0.466824 0.479012 0.470746 0.479802 
0.462087 0.469923 0.452322 0.471264 0.460935 0.469868 0.46412 0.469859 
0.467364 0.474746 0.455964 0.472399 0.464948 0.473923 0.46864 0.475859 
0.459452 0.464784 0.450618 0.466319 0.458329 0.464331 0.461586 0.46396 
0.464252 0.468916 0.455403 0.466416 0.463595 0.468374 0.465967 0.470869 
0.455133 0.457664 0.447816 0.460565 0.454602 0.457971 0.457534 0.456459 
0.458892 0.461701 0.452864 0.458873 0.461082 0.461804 0.461009 0.465681 
0.448091 0.449357 0.441855 0.4545 0.44766 0.450506 0.450522 0.447738 
0.448811 0.454092 0.446843 0.449501 0.45843 0.453896 0.451489 0.464785 
0.434575 0.441695 0.429679 0.452269 0.435681 0.442969 0.437105 0.441087 
0.419473 0.451944 0.434764 0.435653 0.480061 0.443184 0.426728 0.510376 
0.405317 0.441572 0.397946 0.492603 0.425899 0.43856 0.409093 0.466233 
0.41994 0.433787 0.411376 0.463853 0.412174 0.436567 0.421103 0.430583 
0.397368 0.404427 0.398994 0.405408 0.406896 0.404662 0.400024 0.403225 
0.398528 0.402826 0.396032 0.405607 0.388535 0.405445 0.39918 0.391817 
0.366383 0.367307 0.368861 0.358818 0.378024 0.366189 0.368648 0.361433 
0.365242 0.363543 0.364245 0.360687 0.356349 0.365244 0.365993 0.353189 
0.324972 0.310329 0.33099 0.292917 0.382065 0.299858 0.330653 0.304974 
0.318416 0.310006 0.320207 0.30277 0.336695 0.307326 0.321269 0.301854 
0.240378 0.237553 0.242424 0.232125 0.263132 0.236931 0.242205 0.233847 
0.241652 0.238382 0.241305 0.238746 0.234983 0.242158 0.241935 0.232944 
