0 0 0 0 0 0 0 0 
0.0174551 0.0174551 0.0174551 0.0174551 0.0174551 0.0174551 0.0174551 0.0174551 
0.0349101 0.0349101 0.0349101 0.0349101 0.0349101 0.0349101 0.0349101 0.0349101 
0.0523652 0.0523652 0.0523652 0.0523652 0.0523652 0.0523652 0.0523652 0.0523652 
0.0698203 0.0698203 0.0698203 0.0698203 0.0698203 0.0698203 0.0698203 0.0698203 
0.0872753 0.0872753 0.0872753 0.0872753 0.0872753 0.0872753 0.0872753 0.0872753 
0.10473 0.10473 0.10473 0.10473 0.10473 0.10473 0.10473 0.10473 
0.122185 0.122185 0.122185 0.122185 0.122185 0.122185 0.122185 0.122185 
0.139641 0.139641 0.139641 0.139641 0.139641 0.139641 0.139641 0.139641 
0.157096 0.157096 0.157096 0.157096 0.157096 0.157096 0.157096 0.157096 
0.174551 0.174551 0.174551 0.174551 0.174551 0.174551 0.174551 0.174551 
0.192006 0.192006 0.192006 0.192006 0.192006 0.192006 0.192006 0.192006 
0.209461 0.209461 0.209461 0.209461 0.209461 0.209461 0.209461 0.209461 
0.226916 0.226916 0.226916 0.226916 0.226916 0.226916 0.226916 0.226916 
0.244371 0.244371 0.244371 0.244371 0.244371 0.244371 0.244371 0.244371 
0.261826 0.261826 0.261826 0.261826 0.261826 0.261826 0.261826 0.261826 
0.279281 0.279281 0.279281 0.279281 0.279281 0.279281 0.279281 0.279281 
0.296736 0.296736 0.296736 0.296736 0.296736 0.296736 0.296736 0.296736 
0.314191 0.314191 0.314191 0.314191 0.314191 0.314191 0.314191 0.314191 
0.331646 0.331646 0.331646 0.331646 0.331646 0.331646 0.331646 0.331646 
0.349101 0.349101 0.349101 0.349101 0.349101 0.349101 0.349101 0.349101 
0.366556 0.366556 0.366556 0.366556 0.366556 0.366556 0.366556 0.366556 
0.384011 0.384011 0.384011 0.384011 0.384011 0.384011 0.384011 0.384011 
0.401466 0.401466 0.401466 0.401466 0.401466 0.401466 0.401466 0.401466 
0.418922 0.418922 0.418922 0.418922 0.418922 0.418922 0.418922 0.418922 
0.436377 0.436377 0.436377 0.436377 0.436377 0.436377 0.436377 0.436377 
0.453832 0.453832 0.453832 0.453832 0.453832 0.453832 0.453832 0.453832 
0.471287 0.471287 0.471287 0.471287 0.471287 0.471287 0.471287 0.471287 
0.487103 0.493112 0.490474 0.490505 0.490218 0.490362 0.492275 0.495137 
0.501793 0.501952 0.501943 0.501719 0.501721 0.502045 0.502022 0.502517 
0.515399 0.520556 0.518167 0.518291 0.517944 0.518346 0.519823 0.522634 
0.528264 0.528388 0.528362 0.528095 0.528087 0.528656 0.528335 0.529128 
0.539672 0.544306 0.542067 0.542356 0.541918 0.542488 0.543542 0.546268 
0.5509 0.550943 0.550961 0.550724 0.550669 0.551397 0.550793 0.551643 
0.560379 0.564607 0.562498 0.562979 0.562435 0.563088 0.563847 0.566365 
0.570115 0.570006 0.570094 0.569892 0.569822 0.570605 0.569813 0.570568 
0.577825 0.581657 0.57967 0.580298 0.579699 0.580344 0.580923 0.583185 
0.586138 0.585804 0.585984 0.585764 0.585737 0.586486 0.585589 0.586201 
0.592148 0.595576 0.593723 0.594435 0.593823 0.5944 0.594879 0.596892 
0.599047 0.598445 0.598754 0.598463 0.598515 0.599181 0.598236 0.59869 
0.603379 0.606408 0.604721 0.605468 0.604867 0.605345 0.605789 0.60755 
0.608852 0.607969 0.608446 0.608046 0.608206 0.608755 0.607824 0.608089 
0.611514 0.614171 0.612673 0.613417 0.612853 0.613206 0.613681 0.615176 
0.615551 0.614401 0.615062 0.61452 0.614821 0.615222 0.614364 0.614417 
0.616544 0.618871 0.617559 0.61827 0.617769 0.617977 0.618538 0.619769 
0.619127 0.617743 0.618576 0.617872 0.618334 0.618571 0.617828 0.617671 
0.618437 0.62049 0.619337 0.620007 0.619568 0.619638 0.620309 0.621305 
0.619541 0.617967 0.618939 0.618078 0.618694 0.618783 0.618157 0.61782 
0.617146 0.618985 0.617952 0.618597 0.618196 0.618165 0.618926 0.619738 
0.616743 0.615032 0.616103 0.615112 0.615852 0.615834 0.61529 0.614819 
0.612631 0.614322 0.613367 0.614024 0.613616 0.613535 0.614342 0.615029 
0.610723 0.608929 0.610059 0.608978 0.609802 0.609722 0.609213 0.608653 
0.604914 0.60652 0.605605 0.606318 0.605856 0.605773 0.606579 0.607193 
0.601548 0.599718 0.600874 0.59974 0.600613 0.600506 0.599993 0.59938 
0.594115 0.595685 0.594779 0.595581 0.595029 0.594978 0.595752 0.596334 
0.589392 0.587557 0.588713 0.587546 0.588449 0.588335 0.587801 0.587157 
0.580458 0.582022 0.581104 0.582012 0.581351 0.581352 0.582084 0.582662 
0.574535 0.572707 0.573846 0.572652 0.573582 0.573469 0.572913 0.572248 
0.564279 0.565851 0.56491 0.565928 0.565151 0.565214 0.565905 0.566499 
0.557376 0.555554 0.556669 0.555441 0.556408 0.556292 0.555725 0.555037 
0.546042 0.54763 0.546663 0.547788 0.546894 0.547022 0.547678 0.548302 
0.538459 0.536639 0.537729 0.536454 0.537472 0.537344 0.536777 0.53606 
0.526374 0.527984 0.526993 0.528221 0.527212 0.527403 0.528029 0.528693 
0.518505 0.516681 0.517749 0.516414 0.517498 0.517345 0.516788 0.516031 
0.506092 0.507732 0.50672 0.508052 0.506925 0.507176 0.507773 0.508491 
0.498432 0.4966 0.497648 0.496242 0.497408 0.497214 0.496676 0.495866 
0.486206 0.487883 0.486857 0.488294 0.487046 0.487355 0.487922 0.488709 
0.479341 0.477494 0.478525 0.477036 0.4783 0.478053 0.477541 0.476659 
0.467887 0.469612 0.468574 0.470123 0.468745 0.469117 0.469646 0.470526 
0.46247 0.460599 0.461611 0.460028 0.461407 0.461094 0.460616 0.459643 
0.452408 0.454193 0.453146 0.454817 0.453295 0.453739 0.45422 0.455225 
0.449122 0.447216 0.448207 0.446513 0.448026 0.447636 0.447201 0.446112 
0.441063 0.442924 0.441867 0.443674 0.441989 0.442519 0.442939 0.444116 
0.44058 0.438623 0.439584 0.437763 0.439431 0.438951 0.438575 0.437333 
0.435061 0.437023 0.435948 0.437916 0.436036 0.436678 0.437014 0.43843 
0.438018 0.435993 0.43691 0.434935 0.436791 0.436202 0.435907 0.434462 
0.435496 0.437583 0.436491 0.438636 0.436535 0.437309 0.437542 0.43929 
0.442228 0.440087 0.440947 0.438787 0.440861 0.440145 0.439972 0.438231 
0.442649 0.444899 0.443774 0.446145 0.443753 0.444721 0.4448 0.447043 
0.45324 0.450936 0.45169 0.449309 0.451637 0.450782 0.450778 0.448631 
0.456206 0.458719 0.457496 0.460172 0.457379 0.458655 0.458481 0.461551 
0.470473 0.46796 0.468474 0.465841 0.468443 0.467472 0.467707 0.465 
0.475102 0.478144 0.476591 0.479777 0.476316 0.478196 0.47751 0.482189 
0.492703 0.490022 0.48988 0.487087 0.489833 0.488948 0.489424 0.486075 
0.497311 0.501903 0.49911 0.503564 0.49854 0.502024 0.499823 0.508631 
0.517912 0.5159 0.513516 0.5114 0.51335 0.513657 0.513619 0.510508 
0.518229 0.529701 0.521421 0.530614 0.520273 0.529665 0.52074 0.545235 
0.541789 0.546444 0.535061 0.538012 0.534569 0.541437 0.534987 0.539536 
0.516251 0.570587 0.533731 0.56493 0.531539 0.569369 0.519185 0.646787 
0.560954 0.58351 0.552327 0.563188 0.55157 0.56988 0.545882 0.608985 
0.574423 0.575734 0.564967 0.575998 0.561092 0.571522 0.56792 0.577922 
0.636933 0.647008 0.563885 0.579708 0.570161 0.576523 0.57704 0.570463 
0.649725 0.612255 0.576628 0.593608 0.573107 0.576267 0.587651 0.556707 
0.600585 0.589475 0.581577 0.584152 0.575114 0.583271 0.576485 0.578209 
0.562584 0.604479 0.551359 0.656369 0.548607 0.594012 0.565499 0.581572 
0.558547 0.574877 0.563503 0.60954 0.562128 0.580583 0.563419 0.573389 
0.543318 0.564847 0.561717 0.567872 0.56267 0.564189 0.562276 0.556263 
0.548597 0.537981 0.556389 0.548688 0.557279 0.550167 0.552634 0.541539 
0.525608 0.527723 0.54272 0.525801 0.543259 0.532991 0.544147 0.525265 
0.595378 0.479241 0.544479 0.500264 0.539759 0.508455 0.541756 0.485546 
0.540979 0.482111 0.518432 0.488358 0.515039 0.496445 0.521899 0.479646 
0.485351 0.475375 0.497185 0.476481 0.499203 0.48567 0.495126 0.481215 
0.472434 0.461621 0.480386 0.461137 0.479707 0.467933 0.484919 0.459628 
0.446375 0.447718 0.466326 0.446985 0.471629 0.455853 0.464192 0.453493 
0.442139 0.436614 0.453743 0.437166 0.454019 0.442018 0.459957 0.434771 
0.428401 0.426057 0.447353 0.424675 0.459995 0.433111 0.445189 0.431905 
0.431909 0.420778 0.442535 0.422563 0.445854 0.424604 0.454619 0.418211 
0.433263 0.41175 0.45356 0.400164 0.514063 0.407994 0.453293 0.417214 
0.447012 0.415244 0.454741 0.413495 0.492007 0.404485 0.509379 0.403731 
0.441011 0.430601 0.452038 0.432192 0.460928 0.434504 0.479542 0.431028 
0.450268 0.44716 0.458161 0.45256 0.462208 0.452131 0.462347 0.446913 
0.457784 0.462432 0.467699 0.462892 0.464629 0.468977 0.468938 0.466343 
0.473446 0.481173 0.482794 0.491929 0.47535 0.485029 0.47343 0.480384 
0.484571 0.498379 0.494278 0.497613 0.488015 0.502689 0.487063 0.501022 
0.502187 0.513999 0.532135 0.559801 0.493027 0.523069 0.495482 0.515417 
0.51111 0.532342 0.535627 0.551266 0.509725 0.539116 0.508746 0.535568 
0.513824 0.56595 0.503594 0.639407 0.499775 0.564583 0.509043 0.554276 
0.525111 0.565123 0.529135 0.604063 0.521684 0.567749 0.523395 0.56343 
0.536453 0.566145 0.537307 0.557737 0.540261 0.563995 0.532567 0.561423 
0.534123 0.564002 0.539724 0.558674 0.537232 0.566264 0.533248 0.567002 
0.53623 0.558518 0.53281 0.535835 0.537571 0.556247 0.533311 0.555809 
0.526706 0.546639 0.527915 0.533388 0.527212 0.548793 0.526611 0.551239 
0.521905 0.533884 0.513848 0.513242 0.519047 0.531652 0.519394 0.531321 
0.505751 0.516057 0.505229 0.504789 0.504789 0.518728 0.505849 0.521915 
0.496347 0.502493 0.48617 0.492261 0.490779 0.500799 0.493303 0.499598 
0.476912 0.486252 0.477508 0.482379 0.476135 0.489798 0.476812 0.493347 
0.465177 0.486792 0.444878 0.527416 0.448238 0.485154 0.460763 0.478863 
0.45155 0.473125 0.449633 0.507813 0.446509 0.476841 0.451757 0.481815 
0.472184 0.466545 0.454785 0.455532 0.456664 0.464018 0.455898 0.463551 
0.429889 0.486156 0.437396 0.529906 0.431715 0.488035 0.432753 0.529777 
0.466832 0.483201 0.456484 0.485813 0.45646 0.478217 0.456462 0.507986 
0.480058 0.480615 0.488384 0.475214 0.476279 0.483653 0.475269 0.500255 
0.548541 0.49973 0.494618 0.477721 0.488312 0.499417 0.479385 0.567228 
0.53978 0.502809 0.552178 0.488124 0.507077 0.516381 0.49172 0.598288 
0.508413 0.607733 0.522537 0.512635 0.514676 0.531361 0.513931 0.565184 
0.530169 0.588093 0.528313 0.542476 0.528306 0.545512 0.529652 0.56856 
0.544384 0.557039 0.549231 0.533318 0.545166 0.548614 0.548393 0.545497 
0.507919 0.592277 0.516589 0.623811 0.520382 0.587042 0.515215 0.662375 
0.537784 0.557496 0.542775 0.575907 0.545371 0.564985 0.545797 0.594413 
0.553865 0.543173 0.550876 0.538458 0.558045 0.549698 0.558407 0.530191 
0.536516 0.527342 0.540213 0.525899 0.546355 0.537693 0.549083 0.518484 
0.529369 0.513695 0.528569 0.505145 0.537408 0.522638 0.536157 0.486911 
0.505325 0.494118 0.509335 0.490914 0.516076 0.504998 0.518413 0.479001 
0.493499 0.478264 0.493839 0.471838 0.502444 0.487954 0.499218 0.453825 
0.471964 0.459739 0.475907 0.457766 0.481561 0.470082 0.484923 0.448365 
0.465426 0.448333 0.465969 0.443962 0.473582 0.457615 0.469289 0.429113 
0.453067 0.437522 0.456896 0.436477 0.46109 0.445647 0.470169 0.433129 
0.458363 0.435096 0.458501 0.431628 0.466046 0.442328 0.462492 0.420002 
0.455465 0.434335 0.461185 0.431879 0.467735 0.430997 0.515246 0.449846 
0.471514 0.44093 0.472236 0.436702 0.483729 0.441081 0.503636 0.439981 
0.474689 0.450471 0.476568 0.452093 0.477631 0.459557 0.482366 0.454943 
0.491349 0.463618 0.492202 0.459656 0.510624 0.465739 0.496856 0.453546 
0.479371 0.482298 0.493201 0.480989 0.496858 0.489829 0.478517 0.519639 
0.511857 0.482127 0.526948 0.458644 0.619545 0.465025 0.5182 0.491064 
0.515839 0.487012 0.524609 0.483968 0.57317 0.487704 0.51631 0.481142 
0.510026 0.529452 0.517287 0.506953 0.522695 0.509571 0.51253 0.496725 
0.519276 0.50237 0.525571 0.503016 0.521994 0.505991 0.513475 0.487455 
0.514496 0.495952 0.519581 0.508547 0.501404 0.510773 0.508725 0.497335 
0.508531 0.494717 0.511915 0.501774 0.502425 0.502512 0.50524 0.489995 
0.503819 0.495186 0.505694 0.501109 0.489059 0.502432 0.49973 0.494054 
0.499083 0.492436 0.499671 0.493577 0.489712 0.493861 0.495592 0.485695 
0.495533 0.492144 0.495349 0.4936 0.480119 0.494405 0.490418 0.489004 
0.491887 0.488944 0.491228 0.488768 0.482206 0.488352 0.488199 0.482429 
0.490506 0.490785 0.489682 0.491739 0.476861 0.491913 0.485358 0.487668 
0.489718 0.489867 0.48882 0.49033 0.481509 0.4893 0.486727 0.484314 
0.49111 0.494749 0.490145 0.495935 0.479548 0.495697 0.486244 0.492003 
0.492434 0.495261 0.49149 0.496328 0.485662 0.494897 0.490343 0.490742 
0.494873 0.501436 0.49375 0.502539 0.485022 0.502151 0.490226 0.498972 
0.496396 0.500984 0.495387 0.502349 0.490791 0.500785 0.495488 0.497831 
0.497882 0.506617 0.496446 0.507157 0.489364 0.507004 0.493378 0.504453 
0.49841 0.503639 0.497248 0.504898 0.493789 0.503553 0.499733 0.503021 
0.498764 0.509362 0.496607 0.50834 0.4912 0.508976 0.494631 0.507568 
0.498495 0.504179 0.497482 0.504495 0.495504 0.503332 0.507011 0.510581 
0.498029 0.51473 0.495118 0.508523 0.492567 0.509846 0.497224 0.512926 
0.49088 0.510152 0.497236 0.504016 0.501268 0.497046 0.551955 0.558898 
0.488046 0.550777 0.487354 0.514504 0.495134 0.51106 0.526639 0.553552 
0.50992 0.524063 0.501923 0.506651 0.50393 0.508333 0.511109 0.508828 
0.512025 0.510133 0.509243 0.508806 0.505737 0.511825 0.511519 0.522818 
0.525972 0.505096 0.515111 0.50674 0.510776 0.509525 0.507768 0.496092 
0.514468 0.508582 0.51311 0.514112 0.507382 0.517855 0.50498 0.531413 
0.574318 0.491584 0.52638 0.506561 0.516061 0.509682 0.51431 0.488978 
0.519109 0.520919 0.506146 0.525323 0.499354 0.534148 0.484067 0.610032 
0.504319 0.521051 0.514464 0.517826 0.50719 0.523545 0.495386 0.559278 
0.535577 0.509397 0.515072 0.514788 0.510852 0.516274 0.512774 0.521451 
0.511083 0.509045 0.529944 0.506324 0.514669 0.50978 0.508895 0.508067 
0.607412 0.480832 0.531942 0.499122 0.518819 0.501755 0.518778 0.50975 
0.571708 0.469158 0.610718 0.473485 0.531283 0.489425 0.519571 0.488569 
0.522663 0.492215 0.560213 0.491341 0.517551 0.495269 0.514848 0.487264 
0.516594 0.484532 0.570972 0.482404 0.522089 0.488543 0.509869 0.476748 
0.497568 0.49026 0.542457 0.491297 0.510673 0.492448 0.505868 0.481709 
0.489103 0.498933 0.491972 0.499026 0.507191 0.492983 0.496763 0.47716 
0.480546 0.493518 0.4975 0.496886 0.498883 0.494817 0.494844 0.490952 
0.478918 0.496549 0.473438 0.496 0.508782 0.493014 0.490893 0.479733 
0.454396 0.502295 0.47885 0.500321 0.4912 0.504495 0.472807 0.557326 
0.475682 0.491477 0.480268 0.474036 0.58041 0.479264 0.493535 0.510952 
0.483764 0.48414 0.492399 0.481822 0.544534 0.482664 0.501518 0.479364 
0.466918 0.505351 0.46133 0.508581 0.475792 0.540063 0.471845 0.494107 
0.478381 0.488473 0.485749 0.494965 0.490543 0.513295 0.487579 0.476073 
0.46835 0.511445 0.462648 0.503292 0.470844 0.496146 0.480741 0.482346 
0.477365 0.491554 0.489558 0.491659 0.484374 0.490959 0.486715 0.474965 
0.441219 0.594831 0.439202 0.517461 0.457139 0.495138 0.467463 0.497199 
0.472491 0.528834 0.520141 0.483956 0.487449 0.482579 0.484999 0.478712 
0.478661 0.492571 0.494523 0.499354 0.470501 0.481638 0.47889 0.479653 
0.476782 0.49718 0.484645 0.494278 0.48546 0.484949 0.482675 0.480855 
0.472885 0.48852 0.46153 0.540937 0.456881 0.491802 0.473079 0.485583 
0.477673 0.487478 0.476263 0.511398 0.493303 0.485469 0.484794 0.480828 
0.482507 0.472657 0.47745 0.490066 0.480444 0.480823 0.484468 0.477105 
0.49256 0.467784 0.500071 0.461459 0.579352 0.457124 0.506087 0.466913 
0.490665 0.463641 0.488033 0.467975 0.528778 0.467888 0.496289 0.470097 
0.492363 0.468033 0.49912 0.464155 0.550394 0.466343 0.504486 0.469582 
0.49098 0.464541 0.486497 0.468144 0.517477 0.471051 0.495234 0.471851 
0.484352 0.477283 0.486849 0.482366 0.476899 0.487317 0.491101 0.479796 
0.487609 0.469353 0.478497 0.475197 0.478295 0.479262 0.487307 0.476744 
0.481385 0.480841 0.483431 0.481758 0.463007 0.48801 0.486252 0.482869 
0.487588 0.471017 0.474395 0.47541 0.468773 0.479642 0.483047 0.478019 
0.478658 0.486264 0.481744 0.481368 0.460213 0.487661 0.482689 0.484929 
0.494114 0.470563 0.473379 0.475253 0.467775 0.478321 0.48172 0.476299 
0.472453 0.514987 0.478216 0.484582 0.459507 0.488229 0.479667 0.489076 
0.545908 0.468844 0.48341 0.468248 0.477951 0.468289 0.492942 0.457918 
0.522656 0.461115 0.516467 0.468901 0.473826 0.476912 0.492237 0.468981 
0.500969 0.464734 0.488023 0.468799 0.482894 0.47057 0.485808 0.471036 
0.517244 0.425639 0.631135 0.435338 0.498075 0.463501 0.501266 0.460428 
0.541871 0.429974 0.568188 0.438255 0.534327 0.448846 0.501721 0.448993 
0.506034 0.465667 0.493891 0.474604 0.496663 0.4752 0.487699 0.471851 
0.468602 0.47383 0.473202 0.47976 0.469971 0.479188 0.472238 0.479834 
0.468208 0.480334 0.454945 0.485516 0.464911 0.48608 0.472104 0.483024 
0.450831 0.477608 0.448543 0.481058 0.452898 0.480817 0.461183 0.481423 
0.45517 0.47992 0.443432 0.481944 0.452778 0.483944 0.46306 0.481255 
0.444176 0.473336 0.439014 0.475345 0.444418 0.475407 0.453244 0.476942 
0.44877 0.473372 0.439027 0.473571 0.446712 0.476535 0.457083 0.474639 
0.441133 0.465252 0.433313 0.466885 0.438633 0.467347 0.446316 0.472764 
0.44167 0.466304 0.435663 0.464019 0.442497 0.468345 0.451465 0.469016 
0.449288 0.457729 0.427197 0.461033 0.430692 0.464446 0.431812 0.496092 
0.439676 0.464556 0.429848 0.457625 0.437593 0.464558 0.4397 0.488426 
0.423313 0.451468 0.427181 0.449042 0.433421 0.448067 0.440683 0.450937 
0.430246 0.450319 0.433611 0.445207 0.441518 0.451084 0.444186 0.457572 
0.421423 0.437646 0.425129 0.443363 0.430718 0.438678 0.437488 0.429746 
0.426375 0.441551 0.430461 0.437157 0.444675 0.443034 0.436851 0.453689 
0.414608 0.432566 0.414308 0.446976 0.422818 0.43307 0.424979 0.426177 
0.39464 0.445961 0.419011 0.426515 0.484625 0.434154 0.409196 0.525982 
0.384729 0.439554 0.377089 0.51418 0.419295 0.433735 0.393844 0.469354 
0.404774 0.4262 0.392772 0.473707 0.394909 0.430784 0.407573 0.417702 
0.381392 0.394539 0.384868 0.397641 0.398215 0.393659 0.388751 0.386012 
0.382193 0.388544 0.37858 0.395412 0.369023 0.393346 0.384508 0.368524 
0.348827 0.350879 0.353203 0.339411 0.369348 0.348403 0.355273 0.336664 
0.346501 0.342901 0.345062 0.340851 0.336584 0.346352 0.349006 0.324728 
0.308523 0.287386 0.318126 0.262433 0.397686 0.271302 0.319716 0.275557 
0.299501 0.286563 0.302446 0.278342 0.331889 0.284083 0.305089 0.272927 
0.227457 0.216881 0.23383 0.204129 0.2777 0.210157 0.234742 0.20936 
0.226207 0.220982 0.228238 0.21764 0.241521 0.221785 0.22968 0.212404 
