0 0 0 0 0 0 0 0 
0.0174551 0.0174551 0.0174551 0.0174551 0.0174551 0.0174551 0.0174551 0.0174551 
0.0349101 0.0349101 0.0349101 0.0349101 0.0349101 0.0349101 0.0349101 0.0349101 
0.0523652 0.0523652 0.0523652 0.0523652 0.0523652 0.0523652 0.0523652 0.0523652 
0.0698203 0.0698203 0.0698203 0.0698203 0.0698203 0.0698203 0.0698203 0.0698203 
0.0872753 0.0872753 0.0872753 0.0872753 0.0872753 0.0872753 0.0872753 0.0872753 
0.10473 0.10473 0.10473 0.10473 0.10473 0.10473 0.10473 0.10473 
0.122185 0.122185 0.122185 0.122185 0.122185 0.122185 0.122185 0.122185 
0.139641 0.139641 0.139641 0.139641 0.139641 0.139641 0.139641 0.139641 
0.157096 0.157096 0.157096 0.157096 0.157096 0.157096 0.157096 0.157096 
0.174551 0.174551 0.174551 0.174551 0.174551 0.174551 0.174551 0.174551 
0.192006 0.192006 0.192006 0.192006 0.192006 0.192006 0.192006 0.192006 
0.209461 0.209461 0.209461 0.209461 0.209461 0.209461 0.209461 0.209461 
0.226916 0.226916 0.226916 0.226916 0.226916 0.226916 0.226916 0.226916 
0.244371 0.244371 0.244371 0.244371 0.244371 0.244371 0.244371 0.244371 
0.261826 0.261826 0.261826 0.261826 0.261826 0.261826 0.261826 0.261826 
0.279281 0.279281 0.279281 0.279281 0.279281 0.279281 0.279281 0.279281 
0.296736 0.296736 0.296736 0.296736 0.296736 0.296736 0.296736 0.296736 
0.314191 0.314191 0.314191 0.314191 0.314191 0.314191 0.314191 0.314191 
0.331646 0.331646 0.331646 0.331646 0.331646 0.331646 0.331646 0.331646 
0.349101 0.349101 0.349101 0.349101 0.349101 0.349101 0.349101 0.349101 
0.366556 0.366556 0.366556 0.366556 0.366556 0.366556 0.366556 0.366556 
0.384011 0.384011 0.384011 0.384011 0.384011 0.384011 0.384011 0.384011 
0.401466 0.401466 0.401466 0.401466 0.401466 0.401466 0.401466 0.401466 
0.418922 0.418922 0.418922 0.418922 0.418922 0.418922 0.418922 0.418922 
0.436377 0.436377 0.436377 0.436377 0.436377 0.436377 0.436377 0.436377 
0.453832 0.453832 0.453832 0.453832 0.453832 0.453832 0.453832 0.453832 
0.471287 0.471287 0.471287 0.471287 0.471287 0.471287 0.471287 0.471287 
0.484191 0.50109 0.491928 0.49229 0.489427 0.4916 0.500409 0.500508 
0.502227 0.503349 0.502637 0.501925 0.502395 0.502321 0.503631 0.503686 
0.513634 0.528235 0.519662 0.520288 0.51793 0.519767 0.527412 0.527911 
0.529285 0.530401 0.529288 0.528894 0.529318 0.529366 0.530148 0.530712 
0.538958 0.551862 0.543649 0.54505 0.542665 0.544402 0.550434 0.551465 
0.552943 0.553729 0.552546 0.552645 0.552797 0.553088 0.552867 0.553881 
0.561331 0.572841 0.565019 0.567152 0.564502 0.566364 0.570919 0.572341 
0.574129 0.574456 0.573387 0.573883 0.573674 0.574348 0.573183 0.574497 
0.581471 0.591787 0.584357 0.587084 0.584072 0.586208 0.589577 0.591258 
0.593256 0.593132 0.592238 0.593007 0.592442 0.593535 0.591623 0.593132 
0.599584 0.608917 0.601842 0.60503 0.60167 0.604087 0.60655 0.608422 
0.610348 0.609861 0.609155 0.610068 0.609249 0.610674 0.608207 0.60986 
0.615584 0.624135 0.617383 0.620891 0.617291 0.619892 0.621677 0.623708 
0.625246 0.624485 0.62398 0.624898 0.623986 0.625596 0.622745 0.6245 
0.629288 0.637195 0.630761 0.634445 0.630749 0.633407 0.634715 0.636856 
0.637765 0.636767 0.636498 0.637281 0.636445 0.638094 0.635022 0.636802 
0.640538 0.647863 0.641772 0.6455 0.641844 0.644441 0.645459 0.647627 
0.647793 0.646538 0.646555 0.647089 0.64647 0.648031 0.644898 0.646595 
0.649279 0.656033 0.65032 0.653997 0.650476 0.652921 0.653814 0.655907 
0.655338 0.653792 0.654137 0.654346 0.654032 0.655416 0.652348 0.653855 
0.655583 0.661776 0.656461 0.660034 0.656687 0.658928 0.659809 0.661753 
0.660528 0.658684 0.659374 0.65922 0.659245 0.660402 0.657472 0.658724 
0.659623 0.665296 0.660373 0.663826 0.660641 0.662664 0.663589 0.665357 
0.66356 0.661444 0.662468 0.661946 0.6623 0.663217 0.660447 0.661425 
0.661586 0.666805 0.662244 0.665588 0.662523 0.664345 0.665325 0.666936 
0.664585 0.662245 0.66357 0.662691 0.663349 0.664036 0.661422 0.662136 
0.661566 0.666399 0.662157 0.665415 0.662426 0.664078 0.665109 0.6666 
0.663624 0.6611 0.662688 0.661465 0.662415 0.662886 0.660421 0.660884 
0.659507 0.664003 0.660045 0.663236 0.660295 0.661805 0.662888 0.664289 
0.66056 0.657869 0.659695 0.658133 0.659378 0.659641 0.657331 0.657539 
0.655251 0.659436 0.655741 0.658877 0.655972 0.657357 0.658503 0.659834 
0.65523 0.652374 0.654426 0.652519 0.65408 0.654125 0.651987 0.651922 
0.648661 0.652549 0.649109 0.652196 0.649324 0.650588 0.651815 0.653088 
0.647555 0.64453 0.646801 0.64454 0.646442 0.646254 0.644308 0.643942 
0.639735 0.64334 0.640147 0.643196 0.640347 0.641495 0.642816 0.644046 
0.637625 0.63443 0.636909 0.634289 0.636549 0.636114 0.634376 0.633681 
0.628641 0.631985 0.629022 0.632055 0.629205 0.630248 0.631665 0.632885 
0.625674 0.622323 0.624984 0.622009 0.624632 0.623945 0.622419 0.621374 
0.615653 0.618768 0.616008 0.61906 0.616167 0.617134 0.618632 0.619895 
0.611996 0.608512 0.611313 0.607999 0.610975 0.610047 0.608723 0.607316 
0.601048 0.603979 0.601377 0.604503 0.601505 0.602441 0.603987 0.605376 
0.596841 0.593259 0.596143 0.592513 0.595825 0.594678 0.593536 0.591756 
0.585031 0.587829 0.585336 0.588602 0.58542 0.58639 0.587934 0.589559 
0.580387 0.576745 0.579644 0.575727 0.57935 0.578015 0.577032 0.574862 
0.567752 0.57047 0.568032 0.571511 0.56806 0.569137 0.570621 0.572623 
0.562801 0.559137 0.561975 0.557791 0.561708 0.560216 0.55937 0.556773 
0.54941 0.552091 0.549656 0.553426 0.549611 0.550876 0.552234 0.554797 
0.544369 0.54071 0.543402 0.538957 0.54316 0.541533 0.540823 0.537727 
0.530377 0.533052 0.530569 0.534704 0.530424 0.531968 0.533131 0.53651 
0.525615 0.521974 0.524409 0.519687 0.524179 0.522436 0.521892 0.51817 
0.511296 0.51397 0.511373 0.515948 0.511077 0.513022 0.513913 0.518512 
0.507359 0.503734 0.505729 0.500688 0.505466 0.503637 0.503342 0.498806 
0.493092 0.495738 0.492888 0.497994 0.492338 0.494896 0.495401 0.501975 
0.490728 0.487105 0.488271 0.482863 0.487859 0.486065 0.486162 0.480579 
0.476972 0.479553 0.476033 0.481881 0.475001 0.478696 0.478512 0.488805 
0.477194 0.473682 0.472979 0.467322 0.472128 0.470869 0.471447 0.464828 
0.464472 0.467241 0.461568 0.469035 0.459513 0.466053 0.46381 0.483228 
0.468627 0.466346 0.46045 0.455847 0.458435 0.459956 0.459775 0.454374 
0.457279 0.462862 0.449061 0.462669 0.444512 0.461226 0.448546 0.501311 
0.465918 0.472627 0.449552 0.453228 0.44432 0.459316 0.446451 0.458884 
0.459066 0.481172 0.431664 0.474966 0.41869 0.486944 0.400047 0.676052 
0.51091 0.500054 0.443964 0.463586 0.430508 0.474069 0.422033 0.583249 
0.500118 0.490237 0.444547 0.472359 0.432029 0.462724 0.443457 0.504533 
0.63925 0.656553 0.426462 0.520173 0.424185 0.465154 0.453753 0.45274 
0.69214 0.559704 0.456253 0.517326 0.443241 0.444695 0.481588 0.391636 
0.562168 0.480987 0.47478 0.472865 0.45018 0.455723 0.460615 0.431012 
0.521746 0.511204 0.415635 0.652694 0.433842 0.473428 0.449606 0.441486 
0.490243 0.450001 0.47156 0.553288 0.455461 0.470448 0.447319 0.441781 
0.377521 0.54611 0.421788 0.51317 0.419129 0.492381 0.4145 0.537609 
0.446444 0.471532 0.434984 0.471971 0.451864 0.472933 0.438651 0.486088 
0.437282 0.447892 0.444108 0.44619 0.442292 0.459363 0.460362 0.446571 
0.669366 0.350975 0.488618 0.404572 0.492969 0.432939 0.496242 0.395407 
0.578543 0.386377 0.473836 0.419058 0.464044 0.438722 0.500442 0.382995 
0.458849 0.420493 0.460789 0.425825 0.492046 0.464783 0.473354 0.428386 
0.451233 0.430094 0.466088 0.441436 0.467764 0.46198 0.487816 0.418809 
0.422612 0.433838 0.481493 0.424217 0.580187 0.509315 0.474633 0.447509 
0.44371 0.443672 0.490097 0.45326 0.534044 0.498631 0.504492 0.439189 
0.450759 0.438959 0.519404 0.42578 0.652729 0.456637 0.522427 0.452244 
0.478169 0.453785 0.529014 0.46254 0.602276 0.470965 0.563476 0.447885 
0.495762 0.449247 0.562575 0.430368 0.741965 0.449699 0.576362 0.460691 
0.537137 0.461646 0.573976 0.47685 0.689632 0.443004 0.738406 0.432976 
0.518805 0.496516 0.556704 0.506774 0.573539 0.504151 0.652633 0.494096 
0.520586 0.537453 0.539773 0.628915 0.540567 0.551114 0.566612 0.526835 
0.526712 0.545139 0.55325 0.590672 0.526341 0.555696 0.566943 0.546522 
0.548821 0.555178 0.588422 0.591231 0.552032 0.561447 0.550983 0.546656 
0.549112 0.566869 0.582586 0.580089 0.541284 0.571095 0.559811 0.566683 
0.568805 0.571541 0.673862 0.700864 0.54077 0.59123 0.548073 0.568637 
0.560674 0.592 0.633551 0.671702 0.534771 0.604414 0.556271 0.592206 
0.549094 0.644203 0.540404 0.844005 0.51099 0.641447 0.530488 0.611286 
0.558056 0.626839 0.564845 0.752837 0.529202 0.630008 0.557008 0.614577 
0.579295 0.614758 0.577146 0.610241 0.571916 0.611986 0.561972 0.597704 
0.575333 0.603029 0.579015 0.602732 0.56095 0.606354 0.582644 0.604306 
0.584563 0.597616 0.57387 0.546737 0.574648 0.595422 0.569829 0.590056 
0.5884 0.576353 0.576397 0.550593 0.568842 0.569987 0.640111 0.576227 
0.586761 0.575343 0.570159 0.522398 0.571282 0.567233 0.59818 0.567312 
0.615178 0.544385 0.571961 0.525275 0.564292 0.543999 0.649967 0.549742 
0.600108 0.547906 0.592311 0.515957 0.558578 0.544127 0.599374 0.541945 
0.525703 0.558878 0.547171 0.551041 0.512576 0.567875 0.515258 0.587145 
0.516898 0.626188 0.452419 0.702362 0.46278 0.580167 0.489114 0.57051 
0.471313 0.587062 0.4673 0.659771 0.451564 0.570692 0.452725 0.599693 
0.614432 0.504463 0.491169 0.494293 0.488637 0.518818 0.487032 0.508402 
0.456908 0.558468 0.417002 0.677891 0.393501 0.57272 0.388422 0.693212 
0.473961 0.527749 0.423251 0.525077 0.426136 0.522599 0.417621 0.613158 
0.449161 0.493572 0.438386 0.504708 0.402865 0.509662 0.40021 0.569317 
0.565898 0.477267 0.4231 0.426091 0.408163 0.489925 0.385281 0.662649 
0.498646 0.443082 0.520964 0.383179 0.394539 0.481109 0.355109 0.683491 
0.349715 0.659406 0.400561 0.393965 0.373519 0.473152 0.348495 0.572966 
0.345703 0.576613 0.356296 0.42339 0.346313 0.465265 0.337505 0.524127 
0.338047 0.459885 0.365675 0.374156 0.395053 0.432621 0.348351 0.460803 
0.234204 0.515731 0.271164 0.579531 0.294838 0.503778 0.260406 0.698611 
0.297281 0.435956 0.311842 0.484397 0.323131 0.465443 0.310176 0.56984 
0.338724 0.416857 0.336454 0.401048 0.350241 0.442012 0.336939 0.430721 
0.322685 0.404257 0.341641 0.391735 0.357082 0.436911 0.352583 0.426787 
0.346715 0.412573 0.353346 0.379711 0.366828 0.43956 0.355746 0.390882 
0.329303 0.420572 0.359564 0.395832 0.378236 0.450715 0.364077 0.464509 
0.352975 0.442755 0.377051 0.40762 0.389904 0.468752 0.363085 0.49189 
0.391052 0.434409 0.41103 0.413467 0.438549 0.460455 0.428318 0.46439 
0.441608 0.451677 0.444486 0.428843 0.461292 0.475497 0.449842 0.427756 
0.472099 0.450148 0.49197 0.420843 0.590443 0.456627 0.534594 0.458646 
0.51445 0.482729 0.518067 0.45787 0.584135 0.493194 0.539132 0.454023 
0.521713 0.504531 0.543653 0.490219 0.574244 0.498764 0.720933 0.575885 
0.576947 0.533411 0.576276 0.514407 0.613165 0.534179 0.683227 0.553055 
0.594227 0.550237 0.598411 0.546534 0.606645 0.570447 0.646261 0.579351 
0.627809 0.580063 0.631377 0.559203 0.68047 0.58144 0.654935 0.571787 
0.615506 0.593615 0.653827 0.573225 0.696373 0.584871 0.72547 0.70784 
0.680111 0.598763 0.713483 0.532518 0.970275 0.541292 0.755121 0.633132 
0.687201 0.591929 0.715935 0.559522 0.911032 0.566136 0.702879 0.599587 
0.627227 0.743628 0.654372 0.629276 0.717199 0.621443 0.663862 0.618408 
0.63633 0.673981 0.661247 0.620664 0.664674 0.611103 0.633495 0.581987 
0.637173 0.605684 0.654161 0.605387 0.606165 0.596821 0.623948 0.571285 
0.610712 0.578639 0.629445 0.581931 0.580038 0.570276 0.586689 0.545499 
0.587444 0.536925 0.595865 0.556847 0.531681 0.548036 0.563899 0.522724 
0.545346 0.509769 0.566079 0.52107 0.505582 0.511071 0.518376 0.49733 
0.51249 0.466782 0.518351 0.489242 0.453532 0.486761 0.485214 0.460158 
0.444241 0.455104 0.527854 0.439573 0.427064 0.445982 0.421052 0.493352 
0.419569 0.404036 0.460263 0.410518 0.366455 0.44719 0.386513 0.425946 
0.38984 0.347305 0.390805 0.366652 0.356606 0.37726 0.360221 0.336914 
0.34976 0.314406 0.355582 0.32867 0.315035 0.324036 0.334826 0.308915 
0.32186 0.271592 0.319875 0.278852 0.363878 0.273977 0.310689 0.259315 
0.294072 0.262053 0.298469 0.266426 0.309465 0.258209 0.296903 0.254395 
0.280436 0.245106 0.274314 0.260525 0.270949 0.254921 0.277556 0.237024 
0.290276 0.246988 0.287996 0.247708 0.280631 0.230791 0.351018 0.228077 
0.294734 0.249555 0.284179 0.259619 0.277409 0.249917 0.336413 0.243094 
0.30756 0.288088 0.310664 0.276741 0.292709 0.276473 0.311455 0.282105 
0.333907 0.302483 0.326176 0.304206 0.317574 0.300307 0.364934 0.321367 
0.362681 0.373756 0.404587 0.331081 0.355122 0.338435 0.374692 0.374919 
0.370119 0.418283 0.412719 0.385277 0.396908 0.368522 0.558842 0.561826 
0.369212 0.692013 0.372874 0.48007 0.411378 0.451405 0.521572 0.619168 
0.478721 0.634284 0.457971 0.510536 0.471846 0.495218 0.516388 0.539479 
0.539011 0.587911 0.525503 0.548975 0.527304 0.539606 0.55784 0.607722 
0.620841 0.611199 0.584517 0.589228 0.578455 0.580818 0.587585 0.578374 
0.648725 0.630503 0.624608 0.632301 0.618709 0.629519 0.624882 0.701634 
0.872541 0.608891 0.704233 0.647216 0.675381 0.647915 0.684248 0.62736 
0.81594 0.683191 0.694335 0.709066 0.672769 0.728004 0.657231 0.951033 
0.757687 0.730091 0.728625 0.729283 0.701815 0.743579 0.686885 0.862012 
0.806235 0.713274 0.742361 0.73004 0.727531 0.736273 0.735531 0.764005 
0.744 0.720955 0.781989 0.726268 0.734496 0.735188 0.721957 0.743206 
0.974127 0.628575 0.793085 0.687208 0.747641 0.698013 0.74623 0.728696 
0.850018 0.593566 0.97072 0.628901 0.751697 0.659918 0.722461 0.644019 
0.667229 0.604852 0.808371 0.627242 0.69383 0.635774 0.675051 0.588108 
0.587631 0.553387 0.765882 0.580775 0.653621 0.587612 0.611319 0.526144 
0.490112 0.49242 0.639037 0.52844 0.585323 0.531594 0.553947 0.462503 
0.399128 0.4571 0.451854 0.506245 0.509709 0.491165 0.4546 0.447224 
0.338776 0.371379 0.418259 0.411221 0.447395 0.423766 0.403222 0.397169 
0.297329 0.33781 0.318247 0.371776 0.411794 0.383996 0.338981 0.330417 
0.217304 0.31831 0.306272 0.343932 0.360771 0.361312 0.276092 0.490026 
0.252722 0.305599 0.270804 0.353802 0.524337 0.322768 0.286618 0.401096 
0.276156 0.292852 0.299561 0.401776 0.468135 0.318184 0.322572 0.328234 
0.264915 0.357944 0.267614 0.419806 0.336531 0.480037 0.278966 0.366607 
0.339612 0.33405 0.371022 0.370388 0.419735 0.414953 0.441221 0.325147 
0.348463 0.445008 0.352152 0.426724 0.395453 0.416828 0.436699 0.387006 
0.407787 0.459806 0.459384 0.429545 0.505241 0.458106 0.442051 0.430675 
0.347704 0.812284 0.385638 0.555677 0.460155 0.520875 0.454491 0.540685 
0.483604 0.694295 0.649288 0.53491 0.529431 0.635349 0.49172 0.558345 
0.57209 0.609055 0.646443 0.604947 0.56625 0.623679 0.638012 0.568532 
0.710842 0.61597 0.660163 0.619011 0.647352 0.609667 0.669491 0.584288 
0.668115 0.660788 0.599841 0.833911 0.564934 0.799172 0.598365 0.673664 
0.65039 0.680709 0.652179 0.754731 0.690032 0.72841 0.655118 0.682952 
0.683605 0.638723 0.672897 0.679136 0.69612 0.662009 0.675886 0.66226 
0.668935 0.624323 0.707962 0.603758 0.927849 0.594743 0.708232 0.635289 
0.65038 0.589646 0.650584 0.601017 0.765508 0.583828 0.660231 0.613096 
0.588874 0.566917 0.622121 0.552503 0.732941 0.548285 0.622485 0.578879 
0.541347 0.504036 0.521949 0.565532 0.561295 0.503324 0.545522 0.521411 
0.44852 0.450848 0.468086 0.467761 0.397043 0.442305 0.468993 0.459949 
0.391252 0.345365 0.374098 0.333558 0.336564 0.331695 0.392644 0.362239 
0.284358 0.293882 0.305819 0.267685 0.239839 0.267493 0.301524 0.297287 
0.26451 0.214707 0.23503 0.20362 0.225459 0.196081 0.286893 0.21606 
0.206392 0.217427 0.255239 0.18734 0.188396 0.188091 0.238798 0.20751 
0.254533 0.181168 0.219572 0.178622 0.203444 0.173258 0.21361 0.183706 
0.191482 0.324963 0.215847 0.20993 0.187371 0.196878 0.213187 0.230995 
0.49536 0.213435 0.258677 0.218063 0.251189 0.178612 0.268499 0.157665 
0.437508 0.240662 0.363136 0.246052 0.271168 0.221867 0.298932 0.243339 
0.428652 0.271758 0.393422 0.251553 0.368992 0.242295 0.341208 0.275257 
0.502293 0.254583 0.789689 0.245352 0.449507 0.2755 0.437832 0.28985 
0.682239 0.272034 0.746647 0.270826 0.652802 0.291378 0.513888 0.306659 
0.623222 0.432289 0.587606 0.426332 0.591649 0.423096 0.532691 0.415106 
0.530956 0.52685 0.559825 0.515999 0.549061 0.524609 0.51421 0.596011 
0.551855 0.660638 0.528011 0.589526 0.567263 0.589212 0.568131 0.625646 
0.57461 0.640649 0.567977 0.603746 0.588948 0.609425 0.601074 0.613226 
0.610561 0.616627 0.583386 0.622612 0.611923 0.632588 0.636178 0.628056 
0.59994 0.607548 0.583647 0.61388 0.609619 0.624412 0.632057 0.612989 
0.593015 0.580054 0.567716 0.600522 0.600683 0.61429 0.633109 0.60286 
0.565311 0.536529 0.534347 0.554961 0.568805 0.561731 0.621796 0.555346 
0.514162 0.486221 0.484536 0.507269 0.522442 0.517574 0.602561 0.515467 
0.494156 0.410995 0.413567 0.44035 0.438983 0.466704 0.459856 0.523747 
0.395333 0.344686 0.343184 0.364821 0.368506 0.397356 0.382022 0.428372 
0.284923 0.278454 0.26789 0.292773 0.288568 0.311446 0.293826 0.296561 
0.243108 0.23826 0.231539 0.245799 0.24997 0.267048 0.251191 0.284741 
0.206804 0.214556 0.200476 0.231261 0.214262 0.233038 0.21186 0.220587 
0.196433 0.226153 0.203824 0.228189 0.236014 0.242025 0.207609 0.313319 
0.196073 0.235848 0.196919 0.272589 0.231027 0.24463 0.198942 0.280065 
0.166691 0.299983 0.224403 0.282785 0.418239 0.272759 0.20902 0.554684 
0.212441 0.348834 0.185706 0.566451 0.338369 0.334468 0.211685 0.491085 
0.299225 0.377678 0.273807 0.545324 0.311661 0.379019 0.305922 0.410795 
0.329251 0.39075 0.331572 0.426193 0.39394 0.390612 0.328958 0.400263 
0.39556 0.43327 0.392947 0.473145 0.390356 0.435994 0.414398 0.412678 
0.417379 0.444942 0.412968 0.425846 0.462314 0.503057 0.39503 0.424773 
0.479082 0.463205 0.475917 0.469069 0.473881 0.492988 0.533997 0.430439 
0.573537 0.432553 0.507633 0.322182 0.765334 0.332472 0.542978 0.357587 
0.54537 0.464823 0.505343 0.417831 0.609209 0.406661 0.599749 0.396375 
0.388929 0.363368 0.402601 0.314438 0.537632 0.312291 0.444309 0.337101 
0.371264 0.392189 0.379432 0.381641 0.387024 0.38519 0.375858 0.372147 
