0 0 0 0 0 0 0 0 
0.0174551 0.0174551 0.0174551 0.0174551 0.0174551 0.0174551 0.0174551 0.0174551 
0.0349101 0.0349101 0.0349101 0.0349101 0.0349101 0.0349101 0.0349101 0.0349101 
0.0523652 0.0523652 0.0523652 0.0523652 0.0523652 0.0523652 0.0523652 0.0523652 
0.0698203 0.0698203 0.0698203 0.0698203 0.0698203 0.0698203 0.0698203 0.0698203 
0.0872753 0.0872753 0.0872753 0.0872753 0.0872753 0.0872753 0.0872753 0.0872753 
0.10473 0.10473 0.10473 0.10473 0.10473 0.10473 0.10473 0.10473 
0.122185 0.122185 0.122185 0.122185 0.122185 0.122185 0.122185 0.122185 
0.139641 0.139641 0.139641 0.139641 0.139641 0.139641 0.139641 0.139641 
0.157096 0.157096 0.157096 0.157096 0.157096 0.157096 0.157096 0.157096 
0.174551 0.174551 0.174551 0.174551 0.174551 0.174551 0.174551 0.174551 
0.192006 0.192006 0.192006 0.192006 0.192006 0.192006 0.192006 0.192006 
0.209461 0.209461 0.209461 0.209461 0.209461 0.209461 0.209461 0.209461 
0.226916 0.226916 0.226916 0.226916 0.226916 0.226916 0.226916 0.226916 
0.244371 0.244371 0.244371 0.244371 0.244371 0.244371 0.244371 0.244371 
0.261826 0.261826 0.261826 0.261826 0.261826 0.261826 0.261826 0.261826 
0.279281 0.279281 0.279281 0.279281 0.279281 0.279281 0.279281 0.279281 
0.296736 0.296736 0.296736 0.296736 0.296736 0.296736 0.296736 0.296736 
0.314191 0.314191 0.314191 0.314191 0.314191 0.314191 0.314191 0.314191 
0.331646 0.331646 0.331646 0.331646 0.331646 0.331646 0.331646 0.331646 
0.349101 0.349101 0.349101 0.349101 0.349101 0.349101 0.349101 0.349101 
0.366556 0.366556 0.366556 0.366556 0.366556 0.366556 0.366556 0.366556 
0.384011 0.384011 0.384011 0.384011 0.384011 0.384011 0.384011 0.384011 
0.401466 0.401466 0.401466 0.401466 0.401466 0.401466 0.401466 0.401466 
0.418922 0.418922 0.418922 0.418922 0.418922 0.418922 0.418922 0.418922 
0.436377 0.436377 0.436377 0.436377 0.436377 0.436377 0.436377 0.436377 
0.453832 0.453832 0.453832 0.453832 0.453832 0.453832 0.453832 0.453832 
0.471287 0.471287 0.471287 0.471287 0.471287 0.471287 0.471287 0.471287 
0.485717 0.496247 0.490135 0.474208 0.493799 0.492115 0.498435 0.50296 
0.503432 0.503881 0.501948 0.501856 0.502471 0.504324 0.50514 0.506135 
0.516868 0.525938 0.51942 0.50614 0.523146 0.522841 0.528464 0.533523 
0.532859 0.533493 0.530707 0.531331 0.531119 0.534235 0.534145 0.536454 
0.545257 0.553707 0.547066 0.535765 0.550496 0.550965 0.554787 0.560943 
0.560193 0.56103 0.557708 0.55931 0.557474 0.56166 0.55984 0.563651 
0.571756 0.579877 0.573079 0.563595 0.575883 0.577049 0.579071 0.586352 
0.585667 0.586693 0.582904 0.585882 0.581881 0.5872 0.58377 0.588764 
0.59627 0.604284 0.597193 0.589756 0.599532 0.601498 0.60199 0.610071 
0.609139 0.610507 0.60605 0.610834 0.60453 0.611114 0.606203 0.612102 
0.618809 0.627057 0.619312 0.614077 0.621504 0.624364 0.623497 0.632247 
0.630697 0.632758 0.6273 0.634049 0.625493 0.633436 0.627082 0.633858 
0.639469 0.648441 0.639748 0.636642 0.641917 0.645694 0.643533 0.652967 
0.650441 0.653573 0.647024 0.655664 0.644959 0.654254 0.646448 0.654026 
0.658352 0.66841 0.658754 0.657615 0.660924 0.665578 0.662109 0.6722 
0.668529 0.672849 0.665337 0.675724 0.663039 0.67359 0.664354 0.672664 
0.675713 0.686818 0.676354 0.676938 0.678569 0.683945 0.679329 0.689975 
0.685216 0.690497 0.682239 0.694105 0.679733 0.691352 0.680914 0.689813 
0.691778 0.70363 0.692585 0.694504 0.694865 0.700714 0.695307 0.70633 
0.700701 0.706551 0.69783 0.710769 0.695108 0.707534 0.696261 0.705535 
0.706719 0.718942 0.707592 0.710386 0.709937 0.715975 0.710183 0.721354 
0.71512 0.721168 0.712271 0.725882 0.709323 0.722312 0.710536 0.719954 
0.720629 0.732945 0.721515 0.724813 0.723939 0.729947 0.72406 0.735189 
0.72851 0.734538 0.725656 0.73968 0.722488 0.735898 0.723778 0.733207 
0.733479 0.745792 0.734383 0.737983 0.736906 0.74278 0.736904 0.747933 
0.740778 0.746753 0.737945 0.75228 0.734551 0.748352 0.735885 0.745329 
0.745131 0.757485 0.74609 0.74991 0.748722 0.75443 0.748568 0.759544 
0.751753 0.757728 0.748982 0.763604 0.745347 0.759557 0.746684 0.756207 
0.755406 0.767873 0.756449 0.760452 0.759198 0.764737 0.758884 0.769866 
0.761274 0.767274 0.75858 0.773475 0.754695 0.769339 0.756032 0.765661 
0.764191 0.776765 0.765311 0.769428 0.768207 0.773532 0.767759 0.77873 
0.769296 0.775235 0.766658 0.781746 0.762534 0.777563 0.763893 0.773552 
0.77153 0.784076 0.77268 0.776749 0.775774 0.780734 0.77524 0.786065 
0.775954 0.781626 0.773324 0.788422 0.768974 0.784227 0.770385 0.779889 
0.777652 0.789937 0.778773 0.782529 0.782108 0.786438 0.781532 0.791994 
0.781562 0.786696 0.778898 0.793752 0.774311 0.789548 0.775786 0.784902 
0.782959 0.794729 0.784005 0.787153 0.787606 0.790993 0.787013 0.796887 
0.786599 0.790955 0.783887 0.798262 0.779027 0.794019 0.780549 0.789073 
0.788018 0.799083 0.788968 0.791267 0.792856 0.795022 0.792238 0.801371 
0.791714 0.795137 0.788967 0.802721 0.78379 0.798385 0.785303 0.79313 
0.793584 0.803835 0.79442 0.795721 0.798621 0.79937 0.797963 0.806312 
0.797753 0.800163 0.794975 0.808069 0.789426 0.803581 0.790871 0.798003 
0.800609 0.809982 0.801272 0.801508 0.805819 0.805037 0.805127 0.812752 
0.805735 0.807089 0.802889 0.815368 0.796882 0.810672 0.798222 0.804753 
0.810208 0.818616 0.810555 0.809692 0.81547 0.813107 0.814814 0.821839 
0.816793 0.817027 0.813763 0.825729 0.807157 0.820762 0.808395 0.81448 
0.823524 0.830891 0.823285 0.82138 0.828565 0.824704 0.828109 0.834806 
0.831998 0.83115 0.828583 0.840267 0.821167 0.834964 0.82234 0.828327 
0.841673 0.847954 0.840456 0.837548 0.846107 0.840839 0.846087 0.852964 
0.85248 0.850583 0.848361 0.859949 0.839839 0.854212 0.841029 0.847403 
0.866032 0.870958 0.863116 0.859064 0.869107 0.862419 0.870055 0.877677 
0.879666 0.876658 0.874228 0.885783 0.864084 0.879485 0.865541 0.872911 
0.898584 0.901482 0.892607 0.886934 0.898718 0.890596 0.901762 0.911126 
0.915989 0.911398 0.907939 0.919197 0.895017 0.912219 0.897408 0.907009 
0.94369 0.942116 0.931328 0.922792 0.936766 0.927242 0.944614 0.957907 
0.966902 0.958958 0.952649 0.962991 0.934492 0.955173 0.939209 0.954996 
1.01262 0.99805 0.984423 0.969702 0.987196 0.975908 1.00647 1.03094 
1.04752 1.02761 1.01593 1.02275 0.986904 1.01336 0.995604 1.03128 
1.14444 1.07566 1.06737 1.03274 1.06155 1.04257 1.11319 1.17479 
1.21847 1.12694 1.1217 1.11058 1.06608 1.09473 1.06911 1.17545 
1.57835 1.16124 1.2418 1.11841 1.20712 1.14568 1.44648 1.73467 
1.84121 1.3147 1.33126 1.27556 1.21952 1.21335 1.41418 1.84817 
1.82788 1.82236 1.41278 1.44845 1.46383 1.25958 1.29168 1.85202 
2.16367 2.1169 1.7821 1.9027 1.46349 1.29334 1.39173 1.66695 
2.08553 2.13703 1.77518 1.90486 1.42201 1.40575 1.32427 1.4924 
1.96856 1.77465 1.61132 2.00767 1.44545 1.40955 1.32064 1.48969 
1.97305 1.50543 1.77845 2.17751 1.7955 1.39101 1.40011 1.37029 
1.69695 1.42825 1.80449 1.99343 1.68183 1.43419 1.30584 1.5693 
1.34972 1.80746 1.47445 1.73745 1.41153 1.3799 1.3686 1.85982 
1.36181 1.5144 1.25232 1.47299 1.32356 1.38487 1.32844 1.77051 
1.65162 1.05941 1.21863 1.22171 1.26248 1.24637 1.51226 1.59879 
1.53184 0.980709 1.03706 1.16637 1.1347 1.602 1.32193 1.67911 
1.4709 1.01397 0.972421 1.03901 1.10376 1.41873 1.15524 1.36167 
1.21298 0.915166 0.871559 0.977718 1.13188 1.23895 1.10824 1.2121 
1.00283 0.733058 0.844394 0.832316 1.26598 1.16114 0.962448 1.06992 
0.878782 0.654014 0.729568 0.958381 1.47588 1.36378 0.936634 0.975508 
0.671824 0.554643 0.696413 0.874106 1.4317 1.22557 0.831133 0.885181 
0.565232 0.511209 0.623491 0.852785 1.40893 1.071 0.800046 0.799264 
0.441176 0.456634 0.587036 0.806015 1.28125 0.959858 0.790204 0.752888 
0.47373 0.442094 0.515965 0.891998 1.21093 0.809171 1.04552 0.482136 
0.42225 0.392002 0.535082 0.821736 1.19097 0.765179 1.28725 0.741891 
0.414539 0.500442 0.414461 0.775628 0.834965 0.562238 1.05905 0.589333 
0.305997 0.480173 0.488588 1.06748 0.659014 0.487639 0.688618 0.401437 
0.240555 0.369803 0.477647 0.892778 0.477799 0.335767 0.466446 0.29174 
0.189912 0.351176 0.528357 0.699716 0.443607 0.246555 0.284847 0.195949 
0.168525 0.249839 0.648376 0.725779 0.270049 0.177074 0.193259 0.17014 
0.125868 0.417546 0.897099 0.990288 0.428701 0.121034 0.135225 0.136699 
0.143412 0.272566 0.844723 0.872713 0.278328 0.121928 0.122884 0.135602 
0.136924 0.234158 0.778169 0.941531 0.390288 0.103386 0.112625 0.124467 
0.146001 0.175848 0.621073 0.888318 0.326341 0.108555 0.126093 0.143696 
0.124659 0.222713 0.353981 0.678939 0.184434 0.126675 0.111296 0.212419 
0.133758 0.246413 0.246964 0.446381 0.16888 0.121861 0.171782 0.264696 
0.111185 0.571619 0.137784 0.29079 0.164073 0.120362 0.251076 0.161319 
0.162704 0.479353 0.177328 0.191421 0.217851 0.0904191 0.618362 0.211001 
0.348768 0.252528 0.276927 0.137093 0.44807 0.080618 0.666271 0.115937 
0.63166 0.142577 0.444177 0.116142 0.649638 0.0775253 0.728765 0.123864 
0.540484 0.212621 0.731328 0.355465 0.487813 0.116706 0.66652 0.145937 
0.278582 0.578004 0.524338 0.726705 0.295493 0.178755 0.342096 0.342546 
0.251923 0.834338 0.516683 1.03795 0.49998 0.201524 0.184676 0.420274 
0.566799 0.577334 0.570072 0.997127 0.453498 0.230236 0.174124 0.637251 
0.960876 0.45319 0.427009 0.928038 0.327335 0.262842 0.148774 0.747545 
0.894535 0.460066 0.588615 1.09454 0.476073 0.317478 0.473577 1.0128 
0.785048 0.855333 0.409321 1.04204 0.399217 0.389425 0.465078 1.04107 
1.08938 0.703306 0.549704 0.98855 0.398512 0.595209 0.478003 1.08162 
1.22379 0.590437 0.697849 0.839095 0.402556 0.578456 0.709787 1.27131 
1.26629 0.85805 1.09209 0.651781 0.481189 0.512274 0.834987 1.40717 
0.961475 1.35061 1.02153 0.628709 0.51831 0.542867 0.694376 1.27552 
0.845853 1.36159 0.829716 0.585908 0.689728 0.46652 0.597504 1.11179 
0.60905 1.03394 0.562069 0.847491 0.931928 0.544339 0.624381 1.20321 
0.652251 0.717542 0.645352 1.18709 0.938572 0.591499 0.86061 1.20735 
0.852372 0.39869 0.579788 1.13588 0.767428 0.608821 0.795992 1.20228 
0.712859 0.358355 0.393065 0.86624 0.570898 0.634558 0.55201 1.10675 
0.539852 0.274231 0.324196 0.642182 0.542615 0.589632 0.528926 0.868292 
0.396707 0.282194 0.234652 0.496002 0.467241 0.515894 0.432432 0.849685 
0.301246 0.217694 0.205572 0.410197 0.517134 0.523949 0.460933 0.934361 
0.372409 0.250013 0.169738 0.344671 0.475192 0.477539 0.45679 0.988822 
0.37745 0.173258 0.183551 0.326123 0.5656 0.533802 0.451244 0.819665 
0.420509 0.144463 0.20396 0.246031 0.711307 0.46259 0.465494 0.588961 
0.248796 0.181683 0.161367 0.428953 1.00051 0.785592 0.553812 0.531399 
0.169309 0.205002 0.192695 0.364069 0.948025 0.667106 0.777523 0.706957 
0.143877 0.210252 0.228718 0.33084 0.736541 0.800708 1.20591 0.777732 
0.438626 0.161287 0.347549 0.314115 0.659717 0.717711 1.19899 0.704384 
0.380044 0.241073 0.361625 0.397134 0.625939 0.575531 0.964501 0.658776 
0.280576 0.33613 0.353428 0.501833 0.699959 0.601164 0.802194 0.831209 
0.326768 0.410562 0.641168 0.663369 1.05823 0.599056 1.03413 0.898315 
0.659672 0.519498 0.665989 0.945089 1.34582 0.824489 0.854976 0.835578 
0.462848 0.953113 0.504223 0.891994 1.36155 0.80188 0.486944 1.02737 
0.440651 1.03496 0.632644 0.620288 1.13288 0.601062 0.375353 0.768104 
0.391997 0.945431 0.513982 0.50641 0.764356 0.433303 0.26766 0.581239 
0.338012 0.694209 0.380894 0.431715 0.531285 0.496493 0.183655 0.462366 
0.353045 0.426161 0.368856 0.323338 0.390991 0.324498 0.176003 0.357149 
0.289989 0.371375 0.296612 0.248908 0.374768 0.204473 0.171905 0.287249 
0.257533 0.2792 0.322403 0.197154 0.268477 0.156744 0.151167 0.283407 
0.222424 0.156105 0.397431 0.145124 0.185192 0.171083 0.134165 0.303867 
0.103824 0.40979 0.668392 0.10321 0.169867 0.141909 0.10325 0.637211 
0.127827 0.343893 0.571473 0.129487 0.0959625 0.492858 0.0817108 0.567492 
0.178035 0.179263 0.335169 0.135816 0.169119 0.387739 0.127958 0.280173 
0.177387 0.170058 0.221576 0.127514 0.184533 0.173818 0.163876 0.18209 
0.168222 0.124032 0.167947 0.0976034 0.579705 0.102757 0.151739 0.134291 
0.167455 0.145881 0.154433 0.123312 0.470372 0.105646 0.178327 0.142276 
0.168421 0.123288 0.139122 0.119608 0.372972 0.120706 0.172757 0.134012 
0.25006 0.14784 0.165293 0.131743 0.233396 0.0917934 0.533424 0.101636 
0.362911 0.116693 0.156348 0.129094 0.129586 0.120214 0.53511 0.110684 
0.701044 0.152071 0.274352 0.123408 0.117039 0.107464 0.363119 0.14507 
0.546194 0.164807 0.306249 0.11487 0.102985 0.148507 0.362426 0.249225 
0.295982 0.502567 0.623971 0.0966446 0.10688 0.0828194 0.487749 0.662268 
0.165987 0.749008 0.485657 0.134131 0.0803285 0.325747 0.847742 0.80176 
0.548084 0.999482 0.500712 0.14955 0.122634 0.153867 0.774985 0.806166 
0.556551 1.00077 0.487893 0.150658 0.123366 0.127493 0.576098 0.619417 
0.549739 0.714669 0.224917 0.434936 0.0984891 0.156059 0.334235 0.565648 
0.497093 0.497839 0.269143 0.386986 0.1227 0.156096 0.210591 0.598846 
0.690766 0.252205 0.265525 0.228951 0.147149 0.145645 0.200119 0.773836 
0.783863 0.135522 0.492747 0.154064 0.17506 0.136209 0.266378 0.898274 
0.748944 0.147592 0.393692 0.151311 0.176203 0.107851 0.483926 1.01484 
0.768715 0.121373 0.564058 0.146019 0.201985 0.249708 0.376024 1.00824 
0.755457 0.180032 0.507897 0.162899 0.210113 0.234282 0.257919 0.887364 
0.785052 0.191617 0.568384 0.16853 0.412627 0.166463 0.277109 0.885323 
0.838644 0.173352 0.794801 0.215115 0.369222 0.232757 0.316025 0.956792 
0.979551 0.408029 0.963353 0.416939 0.331221 0.279014 0.302652 0.8672 
0.82204 0.423065 0.993888 0.388521 0.369918 0.278892 0.252616 0.5894 
0.600638 0.380536 1.00366 0.651162 0.365187 0.325284 0.428925 0.51079 
0.332222 0.437367 0.939614 0.697325 0.379597 0.41542 0.344988 0.611378 
0.303476 0.322227 0.689335 0.926755 0.410013 0.516136 0.54842 0.873387 
0.256138 0.42724 0.463736 0.8861 0.509549 0.523807 0.500185 0.833794 
0.247048 0.342758 0.407782 0.698415 0.698942 0.58837 0.460759 0.893758 
0.225846 0.693288 0.285311 0.874537 1.07946 0.628123 0.586566 0.856801 
0.380375 0.555639 0.411332 1.0202 1.45785 0.980723 0.481054 0.93539 
0.285456 0.844318 0.412857 1.05259 1.46645 1.1037 0.478045 0.746934 
0.342623 0.734702 0.39727 0.976073 1.20994 1.24599 0.691684 0.513765 
0.392751 0.598013 0.482742 0.774508 1.07499 1.16642 1.0167 0.452454 
0.389104 0.722849 0.524487 0.588919 0.966048 0.894589 0.992364 0.392524 
0.368959 0.930486 0.638005 0.593535 1.17769 0.794058 0.751704 0.403409 
0.377103 1.00278 0.763857 0.552616 0.960632 0.913555 0.609525 0.474045 
0.427711 0.945659 1.07877 0.606728 0.785247 1.14255 0.556489 0.490227 
0.855589 0.699307 1.06034 0.580447 0.760553 1.00679 0.945394 0.433671 
1.06882 0.553264 0.745634 0.939356 0.485475 1.05239 0.789436 0.477168 
0.930128 0.511065 0.623411 1.19634 0.591485 1.20599 0.577194 0.544225 
0.508342 0.896363 0.453811 1.00592 0.636459 1.05207 0.422026 0.644084 
0.437846 0.678363 0.56332 0.639561 1.06765 0.906796 0.402977 0.575753 
0.417848 0.469471 0.527164 0.615476 1.23113 0.624895 0.440606 0.484831 
0.430512 0.318408 0.829966 0.458756 1.02785 0.46685 0.446915 0.41208 
0.383624 0.295441 0.679955 0.426075 0.958358 0.387551 0.414078 0.380505 
0.357301 0.28496 0.487081 0.389236 0.834248 0.31116 0.402411 0.35641 
0.309976 0.311369 0.394959 0.333451 0.653846 0.263549 0.351674 0.342699 
0.303295 0.280502 0.309266 0.318982 0.361115 0.25393 0.355824 0.324672 
0.289079 0.264901 0.28089 0.262252 0.258841 0.220184 0.31837 0.291312 
0.342029 0.219191 0.265972 0.211564 0.210706 0.123634 0.672919 0.182496 
0.295254 0.28056 0.233282 0.199709 0.161237 0.156164 0.47437 0.222095 
0.287632 0.332463 0.200331 0.206841 0.143092 0.170002 0.251083 0.274337 
0.25633 0.683318 0.167427 0.218356 0.122101 0.167871 0.213996 0.306047 
0.670977 0.37539 0.362597 0.166326 0.149082 0.134986 0.199368 0.217657 
0.727095 0.169903 0.414884 0.157028 0.136055 0.130367 0.239429 0.169175 
0.543355 0.12689 0.720635 0.125379 0.186809 0.131654 0.197095 0.214116 
0.58754 0.133537 0.762236 0.128559 0.177392 0.12261 0.247273 0.159281 
0.674031 0.126741 0.723265 0.0829084 0.597251 0.0767097 0.26402 0.157138 
0.599107 0.153653 0.604316 0.128082 0.538074 0.117694 0.262874 0.181797 
0.211921 0.46105 0.201627 0.273634 0.183622 0.213983 0.130428 0.58611 
0.1203 0.686171 0.139683 0.267447 0.123875 0.202947 0.185604 0.487076 
0.121356 0.668698 0.113934 0.230157 0.110627 0.174796 0.171538 0.309938 
0.127981 0.393563 0.137548 0.192732 0.114165 0.159027 0.223627 0.216469 
0.155859 0.175775 0.150885 0.165903 0.110508 0.149263 0.168156 0.183782 
0.128039 0.109822 0.13993 0.155679 0.109657 0.146602 0.24122 0.16308 
0.172405 0.102327 0.127031 0.146633 0.105174 0.139166 0.153877 0.212922 
0.154218 0.0903873 0.127615 0.133544 0.114135 0.0937393 0.548821 0.12907 
0.548413 0.0669183 0.124056 0.139623 0.0979358 0.160285 0.17909 0.606486 
0.615069 0.0765951 0.128344 0.133868 0.109169 0.14997 0.115759 0.617643 
0.350984 0.105128 0.124521 0.139747 0.107986 0.13808 0.152665 0.322102 
0.195298 0.110843 0.126576 0.137623 0.116127 0.138725 0.129377 0.314955 
0.13679 0.10931 0.125053 0.147998 0.11609 0.134266 0.139838 0.180027 
0.0882057 0.111756 0.120599 0.147584 0.138733 0.1514 0.0855633 0.542466 
0.0967755 0.105288 0.126074 0.171883 0.165643 0.129462 0.106063 0.477403 
0.0825109 0.106501 0.136292 0.109724 0.582777 0.0811983 0.0826257 0.689031 
0.10373 0.121714 0.0851719 0.539884 0.626667 0.099417 0.089493 0.621423 
0.116042 0.121974 0.106665 0.603402 0.284662 0.135525 0.103646 0.402029 
0.127249 0.113011 0.137079 0.313936 0.164004 0.128317 0.127079 0.159106 
0.121583 0.113092 0.145103 0.165844 0.130983 0.121725 0.116068 0.103526 
0.109228 0.110751 0.1279 0.116866 0.144116 0.118034 0.108638 0.0968411 
0.109537 0.107051 0.128307 0.106425 0.144035 0.107491 0.105656 0.0891765 
0.104465 0.0971117 0.128615 0.0630128 0.564392 0.0655159 0.110366 0.0849538 
0.10672 0.0981076 0.135138 0.0734455 0.667587 0.0732459 0.110636 0.083491 
0.0928437 0.089022 0.11584 0.0687562 0.605841 0.0709025 0.10072 0.0789879 
0.0989193 0.0980099 0.119435 0.10248 0.352127 0.0989958 0.102296 0.0852341 
