0 0 0 0 0 0 0 0 
0.0174551 0.0174551 0.0174551 0.0174551 0.0174551 0.0174551 0.0174551 0.0174551 
0.0349101 0.0349101 0.0349101 0.0349101 0.0349101 0.0349101 0.0349101 0.0349101 
0.0523652 0.0523652 0.0523652 0.0523652 0.0523652 0.0523652 0.0523652 0.0523652 
0.0698203 0.0698203 0.0698203 0.0698203 0.0698203 0.0698203 0.0698203 0.0698203 
0.0872753 0.0872753 0.0872753 0.0872753 0.0872753 0.0872753 0.0872753 0.0872753 
0.10473 0.10473 0.10473 0.10473 0.10473 0.10473 0.10473 0.10473 
0.122185 0.122185 0.122185 0.122185 0.122185 0.122185 0.122185 0.122185 
0.139641 0.139641 0.139641 0.139641 0.139641 0.139641 0.139641 0.139641 
0.157096 0.157096 0.157096 0.157096 0.157096 0.157096 0.157096 0.157096 
0.174551 0.174551 0.174551 0.174551 0.174551 0.174551 0.174551 0.174551 
0.192006 0.192006 0.192006 0.192006 0.192006 0.192006 0.192006 0.192006 
0.209461 0.209461 0.209461 0.209461 0.209461 0.209461 0.209461 0.209461 
0.226916 0.226916 0.226916 0.226916 0.226916 0.226916 0.226916 0.226916 
0.244371 0.244371 0.244371 0.244371 0.244371 0.244371 0.244371 0.244371 
0.261826 0.261826 0.261826 0.261826 0.261826 0.261826 0.261826 0.261826 
0.279281 0.279281 0.279281 0.279281 0.279281 0.279281 0.279281 0.279281 
0.296736 0.296736 0.296736 0.296736 0.296736 0.296736 0.296736 0.296736 
0.314191 0.314191 0.314191 0.314191 0.314191 0.314191 0.314191 0.314191 
0.331646 0.331646 0.331646 0.331646 0.331646 0.331646 0.331646 0.331646 
0.349101 0.349101 0.349101 0.349101 0.349101 0.349101 0.349101 0.349101 
0.366556 0.366556 0.366556 0.366556 0.366556 0.366556 0.366556 0.366556 
0.384011 0.384011 0.384011 0.384011 0.384011 0.384011 0.384011 0.384011 
0.401466 0.401466 0.401466 0.401466 0.401466 0.401466 0.401466 0.401466 
0.418922 0.418922 0.418922 0.418922 0.418922 0.418922 0.418922 0.418922 
0.436377 0.436377 0.436377 0.436377 0.436377 0.436377 0.436377 0.436377 
0.453832 0.453832 0.453832 0.453832 0.453832 0.453832 0.453832 0.453832 
0.471287 0.471287 0.471287 0.471287 0.471287 0.471287 0.471287 0.471287 
0.482356 0.49529 0.489765 0.477755 0.49587 0.490562 0.504346 0.500964 
0.503521 0.503812 0.503572 0.502233 0.503174 0.504104 0.506137 0.505982 
0.514924 0.525585 0.520222 0.509609 0.525764 0.521634 0.534348 0.531898 
0.534307 0.533981 0.532961 0.531991 0.533014 0.534419 0.536302 0.536979 
0.544774 0.553894 0.548091 0.539423 0.553939 0.5508 0.561929 0.560164 
0.562277 0.561583 0.559881 0.560292 0.560503 0.562836 0.563798 0.56484 
0.571482 0.579977 0.573974 0.567295 0.579973 0.577953 0.587338 0.585897 
0.587476 0.586997 0.585063 0.586738 0.585648 0.588972 0.588457 0.59 
0.595829 0.60435 0.598365 0.593096 0.603867 0.602856 0.610194 0.609519 
0.610926 0.610887 0.608772 0.611314 0.608661 0.612998 0.610675 0.613364 
0.618792 0.627464 0.621285 0.617055 0.625865 0.625941 0.631271 0.63191 
0.633196 0.633499 0.630923 0.634268 0.629887 0.635437 0.631415 0.635626 
0.640503 0.649317 0.642615 0.639454 0.646305 0.647634 0.651238 0.653308 
0.654083 0.654719 0.651446 0.655815 0.649666 0.656565 0.651026 0.656695 
0.660659 0.669759 0.662351 0.660475 0.665461 0.66807 0.670116 0.673432 
0.673343 0.674472 0.670418 0.67609 0.668215 0.676442 0.669401 0.676339 
0.679186 0.688819 0.680633 0.680242 0.683479 0.687277 0.687773 0.692174 
0.69107 0.692914 0.688032 0.695196 0.685638 0.695099 0.686491 0.694616 
0.696302 0.706716 0.697682 0.698854 0.70043 0.705296 0.704239 0.709692 
0.707525 0.710266 0.704507 0.713205 0.701997 0.71259 0.702406 0.711726 
0.712259 0.72361 0.713679 0.716349 0.716365 0.722181 0.719653 0.726153 
0.722906 0.726604 0.719969 0.730108 0.717335 0.728963 0.717294 0.727781 
0.727198 0.739492 0.728691 0.732678 0.73131 0.737955 0.734146 0.741602 
0.737306 0.741865 0.734444 0.745823 0.731665 0.74421 0.731261 0.742779 
0.741186 0.754277 0.742724 0.747753 0.745274 0.752588 0.747795 0.756008 
0.750777 0.755976 0.74794 0.760287 0.745005 0.758296 0.744363 0.756684 
0.754276 0.767926 0.755807 0.761557 0.7583 0.766062 0.760648 0.769354 
0.763376 0.768947 0.760515 0.773546 0.757429 0.771246 0.75665 0.769512 
0.766538 0.780502 0.768027 0.774201 0.770496 0.778458 0.77277 0.7817 
0.775186 0.780894 0.772284 0.785765 0.769072 0.783193 0.7682 0.781365 
0.778074 0.792167 0.77952 0.785885 0.782009 0.78995 0.784256 0.793191 
0.786314 0.792003 0.783382 0.797161 0.780066 0.794333 0.779103 0.792405 
0.78899 0.803108 0.790405 0.79681 0.79295 0.800726 0.795188 0.803995 
0.79685 0.802442 0.793906 0.807903 0.790486 0.804822 0.789413 0.802778 
0.799367 0.813465 0.80076 0.8071 0.803372 0.810908 0.805619 0.814241 
0.806871 0.812324 0.803926 0.818095 0.80038 0.814756 0.799176 0.812583 
0.809307 0.823344 0.810673 0.81685 0.813357 0.820589 0.815636 0.824039 
0.816522 0.821769 0.813575 0.827859 0.809875 0.824254 0.808518 0.821945 
0.819038 0.832913 0.820355 0.826225 0.82312 0.829944 0.825465 0.833585 
0.826117 0.831024 0.823157 0.837451 0.819279 0.833565 0.817745 0.831117 
0.828992 0.842523 0.830219 0.835573 0.833086 0.839322 0.835545 0.843255 
0.836194 0.840556 0.833193 0.847344 0.829104 0.843145 0.827372 0.840564 
0.839831 0.852771 0.840895 0.845472 0.843882 0.849298 0.84653 0.853671 
0.847503 0.851091 0.844411 0.858255 0.840054 0.853676 0.838104 0.850989 
0.852424 0.864513 0.853209 0.85674 0.856317 0.860677 0.859271 0.865713 
0.86099 0.863608 0.857721 0.871135 0.852992 0.866071 0.850811 0.863327 
0.867859 0.878845 0.868181 0.870407 0.87138 0.874501 0.874823 0.880528 
0.877844 0.87935 0.874255 0.887175 0.868981 0.881484 0.866565 0.878771 
0.887559 0.897195 0.887103 0.887787 0.890323 0.892116 0.894565 0.899669 
0.8997 0.900014 0.895516 0.907957 0.889398 0.901463 0.886792 0.898996 
0.913683 0.921591 0.911831 0.910674 0.914902 0.9154 0.92054 0.925492 
0.929192 0.928186 0.923782 0.935759 0.916274 0.928251 0.913677 0.926624 
0.94995 0.955258 0.94531 0.941746 0.947833 0.9472 0.956148 0.962013 
0.970976 0.968176 0.962754 0.974105 0.952768 0.965292 0.950795 0.966209 
1.00335 1.00358 0.992471 0.985163 0.993463 0.991973 1.00745 1.01684 
1.03391 1.02742 1.01868 1.02858 1.00383 1.01794 1.00396 1.02644 
1.08888 1.07541 1.06216 1.04733 1.05922 1.05672 1.08659 1.10687 
1.13756 1.11855 1.10333 1.10826 1.07805 1.09409 1.08244 1.12625 
1.25043 1.18248 1.17453 1.13797 1.16155 1.15233 1.22759 1.28361 
1.33786 1.25991 1.24787 1.22915 1.19714 1.20232 1.1975 1.31274 
1.76861 1.30519 1.40235 1.27312 1.36118 1.31437 1.66582 1.91301 
2.06819 1.56823 1.51613 1.45752 1.43005 1.37776 1.69444 2.1016 
2.14036 2.09096 1.74692 1.70201 1.75349 1.43732 1.57112 2.12429 
2.4298 2.39224 2.19587 2.1914 1.82782 1.47365 1.67224 1.97933 
2.41645 2.48209 2.18775 2.24575 1.72657 1.65915 1.57325 1.79753 
2.27561 2.11837 2.0241 2.37046 1.80774 1.64551 1.56434 1.80914 
2.19897 1.85398 2.20133 2.46401 2.16975 1.68277 1.65751 1.70754 
1.94471 1.73974 2.16487 2.28642 2.04733 1.70803 1.55775 1.91739 
1.63722 2.07428 1.85076 1.9904 1.73509 1.60775 1.70158 2.18484 
1.62628 1.74904 1.52895 1.7049 1.58922 1.60222 1.60977 2.12718 
1.88221 1.33591 1.37669 1.45779 1.44925 1.52039 1.75925 1.97972 
1.58882 1.19338 1.15588 1.36585 1.34431 1.84065 1.54355 2.0639 
1.47452 1.25048 1.06253 1.21205 1.28464 1.64182 1.35628 1.69703 
1.32851 1.06769 0.967443 1.12159 1.30598 1.42971 1.30668 1.48541 
1.09702 0.814038 0.910861 0.941219 1.45119 1.34019 1.12487 1.22214 
0.945317 0.746396 0.755596 1.12375 1.71621 1.58953 1.06362 1.04896 
0.778251 0.623928 0.68932 1.06471 1.52394 1.46781 0.944832 0.973155 
0.682924 0.563608 0.622079 1.09974 1.41802 1.2366 0.89729 0.849842 
0.556409 0.503945 0.567729 1.05645 1.28125 1.15346 0.881168 0.806906 
0.513919 0.462196 0.559367 1.02084 1.21093 0.860302 1.14603 0.713654 
0.404863 0.433707 0.536239 1.01512 1.19492 0.857212 1.41383 0.85951 
0.373699 0.505844 0.506499 0.80656 0.850535 0.709191 1.24857 0.758228 
0.365879 0.452246 0.610714 1.05444 0.659014 0.490379 0.915392 0.531024 
0.348369 0.360321 0.567229 0.967046 0.477799 0.343246 0.633685 0.433481 
0.30101 0.348737 0.640497 0.714624 0.443607 0.249834 0.389114 0.320206 
0.253188 0.270095 0.815487 0.725779 0.270049 0.178898 0.247804 0.276765 
0.15577 0.493466 1.01735 0.990288 0.428701 0.123848 0.149786 0.216815 
0.163473 0.388131 0.845854 0.872713 0.278375 0.122871 0.131062 0.186454 
0.156957 0.300443 0.785869 0.941531 0.390801 0.103477 0.118943 0.153596 
0.165171 0.174959 0.719414 0.888372 0.334788 0.10856 0.128883 0.162342 
0.131888 0.208579 0.425958 0.743522 0.179938 0.123988 0.113611 0.243434 
0.130038 0.264287 0.244938 0.507798 0.162999 0.124816 0.15406 0.296704 
0.111493 0.60628 0.126594 0.346831 0.157533 0.112372 0.278063 0.153492 
0.149337 0.534095 0.166899 0.197995 0.215008 0.101887 0.622203 0.217831 
0.374439 0.23826 0.265194 0.136736 0.477284 0.0761406 0.69275 0.105736 
0.648573 0.128607 0.470525 0.117156 0.656485 0.112322 0.669492 0.112026 
0.537983 0.245077 0.718873 0.388787 0.475229 0.102271 0.626768 0.134528 
0.260516 0.593461 0.595126 0.769674 0.287643 0.134943 0.348042 0.305823 
0.274904 0.839736 0.580976 1.05289 0.492388 0.100263 0.177465 0.365277 
0.61223 0.605014 0.65987 0.997254 0.50169 0.112451 0.150075 0.64359 
0.993063 0.479823 0.54165 0.928038 0.383498 0.109599 0.141552 0.748079 
0.894535 0.492162 0.625785 1.09459 0.585558 0.0823953 0.495481 0.991228 
0.785048 0.876804 0.447156 0.998389 0.433021 0.119953 0.486918 1.04107 
1.09797 0.704462 0.565699 0.978499 0.361374 0.325602 0.537557 1.08162 
1.18324 0.621993 0.694767 0.86609 0.289883 0.336106 0.762261 1.27131 
1.28329 0.852945 1.08956 0.705834 0.317488 0.276596 0.891183 1.40731 
0.972951 1.34489 1.05377 0.656516 0.365447 0.258777 0.762734 1.27928 
0.866632 1.37134 0.883852 0.564033 0.624838 0.169277 0.633484 1.11139 
0.608847 1.06767 0.558591 0.863599 0.866756 0.308659 0.603123 1.23233 
0.646099 0.706467 0.657272 1.19572 0.932793 0.384884 0.864242 1.20735 
0.869991 0.361585 0.635929 1.18951 0.759046 0.391704 0.826268 1.20228 
0.712895 0.317204 0.375275 0.922082 0.509007 0.469487 0.561526 1.11461 
0.539657 0.224047 0.275787 0.651677 0.477663 0.436453 0.499193 0.911428 
0.396541 0.207744 0.204292 0.461874 0.403725 0.375718 0.42429 0.87009 
0.300662 0.150557 0.156391 0.360891 0.482295 0.382308 0.467494 0.934361 
0.37418 0.124765 0.126983 0.277988 0.446863 0.360379 0.507281 0.988822 
0.376552 0.102459 0.120754 0.266934 0.550401 0.442679 0.434368 0.881796 
0.412328 0.0974203 0.115651 0.20553 0.74991 0.435217 0.450169 0.659596 
0.221764 0.107337 0.0878921 0.463879 0.976035 0.816526 0.543794 0.546543 
0.142201 0.111392 0.114645 0.364931 0.961157 0.71472 0.890988 0.731137 
0.124625 0.0999586 0.125801 0.289834 0.770779 0.859165 1.23352 0.772126 
0.411117 0.0811356 0.212206 0.259544 0.673674 0.771213 1.30874 0.728558 
0.331112 0.114193 0.202076 0.35116 0.622814 0.585139 1.10933 0.671734 
0.236621 0.139697 0.223793 0.468318 0.724282 0.586855 1.04488 0.799204 
0.241256 0.128961 0.525118 0.664168 1.08958 0.654077 1.18552 0.846162 
0.551118 0.334669 0.57314 0.95224 1.38033 0.861446 1.10245 0.835769 
0.427309 0.751016 0.404279 0.919398 1.41623 0.905812 0.577048 0.978271 
0.337127 0.933238 0.589676 0.667052 1.18087 0.842731 0.35086 0.78802 
0.297657 0.832689 0.492703 0.486782 0.857638 0.544168 0.350907 0.539584 
0.231028 0.697769 0.350312 0.376696 0.660322 0.545213 0.334876 0.395045 
0.240038 0.420795 0.318949 0.294736 0.447432 0.345376 0.342022 0.318257 
0.188605 0.389008 0.259148 0.22262 0.434997 0.187501 0.244549 0.283503 
0.178077 0.287422 0.288941 0.177669 0.299771 0.139588 0.162521 0.291309 
0.15805 0.143926 0.430615 0.123725 0.212288 0.14762 0.12085 0.352208 
0.0831265 0.436949 0.68552 0.093149 0.205694 0.112449 0.0909014 0.648107 
0.122191 0.375484 0.616296 0.098771 0.248651 0.478386 0.0661484 0.582446 
0.174482 0.18236 0.351034 0.122152 0.258226 0.391417 0.118074 0.268539 
0.182616 0.16016 0.256778 0.110366 0.192832 0.15792 0.135996 0.159567 
0.16222 0.123288 0.163598 0.0864004 0.560691 0.0987657 0.131855 0.125502 
0.165139 0.145031 0.129397 0.100607 0.480588 0.0960416 0.142926 0.131529 
0.172546 0.119148 0.123699 0.0978785 0.437949 0.0987429 0.162775 0.122048 
0.250883 0.149767 0.134184 0.111934 0.219427 0.0810285 0.554864 0.0985058 
0.450278 0.10231 0.142739 0.10874 0.121734 0.106296 0.58951 0.0941483 
0.730682 0.179518 0.243401 0.103663 0.105844 0.0999721 0.366273 0.183489 
0.566506 0.151609 0.336647 0.0928173 0.0954273 0.131056 0.380468 0.286658 
0.282233 0.622725 0.640732 0.0799466 0.0896592 0.0660391 0.586452 0.705142 
0.179198 0.799977 0.560804 0.10299 0.0637071 0.40624 0.891457 0.788666 
0.621035 1.00476 0.539951 0.114137 0.10254 0.180479 0.731562 0.905118 
0.611722 1.04623 0.491778 0.118064 0.103938 0.104063 0.606556 0.733196 
0.634762 0.781165 0.182989 0.411389 0.0818564 0.126269 0.344546 0.661606 
0.538761 0.550327 0.227298 0.383185 0.0997667 0.115934 0.209014 0.665558 
0.822983 0.242876 0.227516 0.185047 0.117807 0.114764 0.172699 0.799192 
0.769338 0.127127 0.494736 0.122231 0.125095 0.0904909 0.294708 0.857241 
0.751381 0.127876 0.37434 0.120925 0.116254 0.0793099 0.54368 1.01484 
0.72 0.120807 0.582089 0.114482 0.140854 0.0952694 0.501524 1.00825 
0.770865 0.13203 0.49194 0.128319 0.125402 0.112176 0.338934 0.887364 
0.774743 0.135727 0.592873 0.133656 0.324672 0.0866974 0.392718 0.885323 
0.750456 0.159193 0.728108 0.160332 0.273402 0.105029 0.364198 0.905415 
0.942152 0.330102 0.86493 0.438144 0.216677 0.127062 0.32126 0.893007 
0.827408 0.354347 0.948198 0.444305 0.225333 0.145149 0.229002 0.629068 
0.588761 0.367955 1.00366 0.698764 0.258536 0.148328 0.430832 0.50723 
0.299404 0.424294 0.935066 0.771614 0.262424 0.26841 0.32643 0.675238 
0.331996 0.235088 0.75345 0.934714 0.364663 0.36603 0.574834 0.846699 
0.267051 0.306778 0.488257 0.908593 0.466039 0.420179 0.535335 0.845548 
0.268273 0.244531 0.393353 0.716274 0.721704 0.483999 0.518079 0.873024 
0.238765 0.628907 0.281228 0.88917 1.08804 0.656528 0.632481 0.841972 
0.352562 0.500212 0.426495 1.0456 1.47317 1.01669 0.542055 0.958123 
0.235246 0.769883 0.430434 1.04529 1.54767 1.15386 0.526153 0.76645 
0.266805 0.684417 0.365456 0.958115 1.35587 1.34182 0.765974 0.506685 
0.243326 0.54596 0.395433 0.831415 1.15365 1.28746 1.03013 0.53088 
0.206706 0.70396 0.415366 0.76762 1.00396 0.929561 0.987466 0.443273 
0.207122 0.837784 0.611753 0.669818 1.24416 0.79227 0.766429 0.396749 
0.244814 0.854296 0.848587 0.525015 1.06109 0.942606 0.582727 0.430916 
0.274933 0.825059 1.11432 0.638313 0.917203 1.09219 0.538567 0.418235 
0.766351 0.628864 1.08766 0.595359 0.753629 1.00187 0.911914 0.382152 
0.946806 0.443288 0.820417 0.880763 0.456842 1.05128 0.762549 0.398987 
0.827514 0.366115 0.685309 1.15577 0.670331 1.14912 0.556334 0.399441 
0.408819 0.837892 0.434495 0.969034 0.642149 0.973798 0.366007 0.474513 
0.259115 0.627482 0.412029 0.743498 1.06692 0.862597 0.264122 0.449323 
0.234534 0.357207 0.391339 0.631025 1.21691 0.666397 0.233466 0.37371 
0.22522 0.196106 0.712809 0.450523 1.02801 0.472755 0.219991 0.308077 
0.197096 0.143687 0.597655 0.358692 0.964619 0.37042 0.204828 0.265472 
0.170517 0.15219 0.364107 0.296167 0.85265 0.244913 0.205728 0.241003 
0.160141 0.139128 0.268926 0.192568 0.68665 0.157609 0.195433 0.215801 
0.14771 0.144714 0.178993 0.169871 0.393789 0.15526 0.213231 0.210848 
0.149252 0.14098 0.154928 0.14905 0.203824 0.136211 0.223244 0.185967 
0.173804 0.13793 0.144041 0.123348 0.151178 0.0906948 0.586892 0.118145 
0.169287 0.175434 0.140209 0.118954 0.1139 0.116981 0.429167 0.156095 
0.164632 0.279548 0.119691 0.122934 0.107887 0.125133 0.200871 0.191325 
0.225618 0.631616 0.109671 0.128071 0.0994956 0.121875 0.154994 0.257973 
0.597152 0.428873 0.252596 0.112705 0.115488 0.103665 0.148847 0.169933 
0.737501 0.150481 0.389815 0.107373 0.113023 0.103059 0.184452 0.121542 
0.599408 0.126422 0.642624 0.124732 0.1441 0.105555 0.162929 0.15484 
0.689292 0.0911587 0.732866 0.103485 0.181316 0.0990292 0.218676 0.11987 
0.701743 0.0995485 0.682241 0.09583 0.546551 0.0677053 0.237924 0.143769 
0.573482 0.153422 0.537155 0.13717 0.579927 0.0970139 0.242516 0.219233 
0.219997 0.475795 0.199503 0.262504 0.176733 0.198535 0.152843 0.614999 
0.123521 0.715045 0.109016 0.246477 0.107222 0.198625 0.239815 0.471378 
0.126648 0.664314 0.104935 0.211179 0.101169 0.182317 0.229035 0.272334 
0.126235 0.421002 0.129762 0.187172 0.10173 0.171695 0.295757 0.176577 
0.156601 0.174028 0.149218 0.167257 0.104281 0.167784 0.234748 0.159772 
0.127782 0.111696 0.144141 0.162453 0.102044 0.166729 0.315904 0.146434 
0.174493 0.102712 0.131125 0.158438 0.1009 0.164226 0.245313 0.204457 
0.160928 0.0926741 0.137093 0.146353 0.108338 0.142718 0.562045 0.131103 
0.566113 0.066701 0.133946 0.156705 0.0950799 0.190105 0.23 0.613688 
0.673497 0.0784342 0.142296 0.153099 0.1043 0.197722 0.122101 0.695951 
0.447858 0.104514 0.14025 0.159898 0.107852 0.175372 0.167395 0.397026 
0.238313 0.121921 0.142666 0.159494 0.115062 0.17857 0.141769 0.368168 
0.149583 0.121379 0.139694 0.173424 0.116356 0.169586 0.151715 0.261161 
0.0902152 0.13011 0.135742 0.173271 0.138715 0.193526 0.0919517 0.599487 
0.0900918 0.122239 0.140237 0.199813 0.198084 0.164826 0.10875 0.604016 
0.100651 0.122402 0.160579 0.132731 0.525919 0.132084 0.0957498 0.694369 
0.0896017 0.148779 0.105895 0.535192 0.631615 0.109149 0.0974077 0.674246 
0.111833 0.146432 0.121281 0.610982 0.349967 0.13977 0.109299 0.451128 
0.133196 0.130108 0.150676 0.354928 0.193809 0.13611 0.135725 0.186885 
0.132122 0.128005 0.166934 0.189004 0.141156 0.129238 0.125553 0.110916 
0.117864 0.123939 0.146874 0.126701 0.155865 0.122498 0.116712 0.101165 
0.118213 0.120098 0.147951 0.112514 0.172689 0.112054 0.112747 0.0919329 
0.112187 0.106791 0.146502 0.0870752 0.52109 0.067886 0.118376 0.0873354 
0.115136 0.107652 0.159507 0.0774791 0.667587 0.0737554 0.118821 0.0854421 
0.0985902 0.0966 0.129827 0.0743046 0.59629 0.072208 0.107064 0.0808678 
0.105049 0.106428 0.133687 0.111609 0.356099 0.100344 0.108121 0.0873351 
