0 0 0 0 0 0 0 0 
0.0174551 0.0174551 0.0174551 0.0174551 0.0174551 0.0174551 0.0174551 0.0174551 
0.0349101 0.0349101 0.0349101 0.0349101 0.0349101 0.0349101 0.0349101 0.0349101 
0.0523652 0.0523652 0.0523652 0.0523652 0.0523652 0.0523652 0.0523652 0.0523652 
0.0698203 0.0698203 0.0698203 0.0698203 0.0698203 0.0698203 0.0698203 0.0698203 
0.0872753 0.0872753 0.0872753 0.0872753 0.0872753 0.0872753 0.0872753 0.0872753 
0.10473 0.10473 0.10473 0.10473 0.10473 0.10473 0.10473 0.10473 
0.122185 0.122185 0.122185 0.122185 0.122185 0.122185 0.122185 0.122185 
0.139641 0.139641 0.139641 0.139641 0.139641 0.139641 0.139641 0.139641 
0.157096 0.157096 0.157096 0.157096 0.157096 0.157096 0.157096 0.157096 
0.174551 0.174551 0.174551 0.174551 0.174551 0.174551 0.174551 0.174551 
0.192006 0.192006 0.192006 0.192006 0.192006 0.192006 0.192006 0.192006 
0.209461 0.209461 0.209461 0.209461 0.209461 0.209461 0.209461 0.209461 
0.226916 0.226916 0.226916 0.226916 0.226916 0.226916 0.226916 0.226916 
0.244371 0.244371 0.244371 0.244371 0.244371 0.244371 0.244371 0.244371 
0.261826 0.261826 0.261826 0.261826 0.261826 0.261826 0.261826 0.261826 
0.279281 0.279281 0.279281 0.279281 0.279281 0.279281 0.279281 0.279281 
0.296736 0.296736 0.296736 0.296736 0.296736 0.296736 0.296736 0.296736 
0.314191 0.314191 0.314191 0.314191 0.314191 0.314191 0.314191 0.314191 
0.331646 0.331646 0.331646 0.331646 0.331646 0.331646 0.331646 0.331646 
0.349101 0.349101 0.349101 0.349101 0.349101 0.349101 0.349101 0.349101 
0.366556 0.366556 0.366556 0.366556 0.366556 0.366556 0.366556 0.366556 
0.384011 0.384011 0.384011 0.384011 0.384011 0.384011 0.384011 0.384011 
0.401466 0.401466 0.401466 0.401466 0.401466 0.401466 0.401466 0.401466 
0.418922 0.418922 0.418922 0.418922 0.418922 0.418922 0.418922 0.418922 
0.436377 0.436377 0.436377 0.436377 0.436377 0.436377 0.436377 0.436377 
0.453832 0.453832 0.453832 0.453832 0.453832 0.453832 0.453832 0.453832 
0.471287 0.471287 0.471287 0.471287 0.471287 0.471287 0.471287 0.471287 
0.486198 0.490619 0.480975 0.483057 0.488897 0.49656 0.510204 0.499377 
0.504506 0.504026 0.502147 0.502367 0.503973 0.505347 0.507765 0.507181 
0.519291 0.52234 0.512664 0.514818 0.520365 0.528321 0.539938 0.530829 
0.536434 0.535395 0.532639 0.533191 0.534461 0.536305 0.538043 0.538347 
0.550051 0.552171 0.543285 0.545252 0.549878 0.557641 0.566978 0.559643 
0.565536 0.564028 0.562162 0.562294 0.563258 0.564932 0.565405 0.566841 
0.577954 0.579483 0.572259 0.573689 0.577953 0.584996 0.592434 0.586247 
0.592233 0.590547 0.590032 0.589525 0.590758 0.591367 0.591128 0.592949 
0.603828 0.605168 0.599552 0.600348 0.604786 0.610457 0.61705 0.610949 
0.617238 0.615729 0.616373 0.615309 0.61697 0.616143 0.615652 0.617411 
0.628319 0.629671 0.625338 0.625721 0.630336 0.634649 0.640562 0.634446 
0.641119 0.639761 0.641248 0.639991 0.641836 0.639837 0.639158 0.640859 
0.651906 0.65306 0.649644 0.650001 0.654496 0.657952 0.663281 0.657188 
0.664322 0.66274 0.664707 0.663614 0.665237 0.662658 0.661774 0.663611 
0.674799 0.675629 0.672551 0.673205 0.677147 0.680447 0.685167 0.679433 
0.686751 0.684975 0.686896 0.686141 0.687137 0.684589 0.683463 0.68577 
0.696827 0.697452 0.694207 0.695293 0.698296 0.70205 0.706122 0.700979 
0.708205 0.706459 0.707766 0.707599 0.707507 0.705577 0.70397 0.707103 
0.717553 0.71855 0.714484 0.716252 0.717993 0.722653 0.725813 0.7217 
0.728235 0.727056 0.727313 0.727906 0.72651 0.725459 0.723118 0.727439 
0.736686 0.738736 0.733453 0.736079 0.736431 0.742164 0.744192 0.741464 
0.746581 0.746558 0.745708 0.747104 0.744414 0.74421 0.741068 0.746672 
0.75451 0.757646 0.751341 0.754896 0.753866 0.760685 0.761548 0.760039 
0.763776 0.764889 0.763016 0.765428 0.761379 0.762094 0.758005 0.764842 
0.771326 0.775494 0.768188 0.772882 0.77045 0.77847 0.778027 0.777686 
0.780032 0.782298 0.779312 0.782998 0.777505 0.779307 0.774046 0.782196 
0.787234 0.792555 0.784096 0.790091 0.786269 0.79561 0.793698 0.794648 
0.795396 0.798952 0.794823 0.799757 0.79295 0.795774 0.789345 0.798831 
0.802364 0.808858 0.799347 0.806521 0.801437 0.81204 0.808745 0.810871 
0.810084 0.814905 0.809759 0.815867 0.807738 0.811568 0.804002 0.814734 
0.816975 0.824581 0.814112 0.82241 0.816025 0.827927 0.823249 0.826488 
0.82439 0.83043 0.824337 0.831569 0.822079 0.826875 0.818184 0.830146 
0.831428 0.840038 0.828686 0.838014 0.830367 0.843505 0.83751 0.841814 
0.838759 0.845874 0.838917 0.847175 0.836386 0.842009 0.832299 0.845442 
0.846244 0.855647 0.843494 0.853727 0.844945 0.859204 0.852033 0.857318 
0.85373 0.861725 0.854008 0.863171 0.851217 0.857487 0.846937 0.861165 
0.862028 0.871922 0.859134 0.870115 0.860397 0.875633 0.867495 0.873578 
0.870015 0.878536 0.870273 0.880182 0.867272 0.873955 0.862803 0.877907 
0.879487 0.889545 0.876264 0.887864 0.877406 0.893505 0.88457 0.891295 
0.888208 0.89709 0.888322 0.898936 0.885147 0.892135 0.88048 0.896424 
0.899126 0.909241 0.895514 0.907574 0.8966 0.913428 0.903862 0.911164 
0.908793 0.917938 0.908811 0.919884 0.90548 0.912439 0.900586 0.917188 
0.921311 0.931543 0.917431 0.929701 0.918487 0.935857 0.925908 0.933665 
0.931964 0.941601 0.932265 0.943518 0.928715 0.935316 0.923602 0.940654 
0.946697 0.956786 0.94267 0.954795 0.943601 0.961342 0.951364 0.959162 
0.958851 0.96867 0.959381 0.970619 0.955513 0.96149 0.950196 0.967441 
0.976545 0.986128 0.972104 0.983895 0.972873 0.990956 0.981144 0.988919 
0.990813 1.00069 0.991453 1.00251 0.987137 0.992234 0.981628 0.999093 
1.01268 1.02136 1.00751 1.01868 1.00798 1.02645 1.01708 1.02484 
1.03019 1.0399 1.03068 1.04136 1.02566 1.02961 1.02004 1.03783 
1.05813 1.06532 1.0516 1.06178 1.05152 1.0706 1.06201 1.07001 
1.08063 1.0899 1.08042 1.09037 1.0742 1.07672 1.06876 1.08733 
1.11781 1.12241 1.10861 1.11712 1.10742 1.12759 1.12051 1.1295 
1.14849 1.15636 1.14597 1.15441 1.13752 1.1382 1.13311 1.15358 
1.20054 1.19992 1.18539 1.19071 1.18189 1.2041 1.20055 1.21247 
1.24549 1.249 1.23629 1.24107 1.22344 1.22103 1.22235 1.24766 
1.32441 1.31033 1.29425 1.29238 1.28584 1.31153 1.31809 1.33795 
1.39939 1.38474 1.369 1.36294 1.34688 1.3355 1.35533 1.39284 
1.53875 1.47574 1.46221 1.44004 1.44352 1.47406 1.51651 1.5583 
1.71983 1.59159 1.59094 1.54391 1.54746 1.48896 1.58797 1.65291 
2.15034 1.76454 1.76298 1.68796 1.72821 1.8323 2.11046 2.22653 
2.42275 2.23445 1.94989 1.93949 1.91841 1.8899 2.26452 2.57616 
2.59796 2.75821 2.39943 2.336 2.38607 1.955 2.18926 2.65811 
2.85613 3.01321 2.91721 2.86569 2.56529 1.99527 2.24818 2.63446 
2.99848 3.10347 2.94107 2.9858 2.38945 2.25339 2.10385 2.45032 
2.8508 2.82283 2.84234 3.09791 2.53791 2.22649 2.0723 2.47925 
2.83764 2.52572 2.96678 3.11764 2.79953 2.38835 2.1367 2.42994 
2.52699 2.47186 2.97274 3.03641 2.65366 2.3248 2.14152 2.4934 
2.16596 2.69921 2.6608 2.72883 2.3179 2.12843 2.41526 2.67409 
2.1482 2.3915 2.10856 2.37797 2.09703 2.0745 2.32417 2.65268 
1.95734 1.94207 1.87159 2.16885 1.87683 2.07383 2.48792 2.43169 
1.76201 1.60135 1.64434 2.02678 1.81509 2.35902 2.34022 2.3177 
1.479 1.40757 1.46745 1.83945 1.72572 2.19277 1.77538 2.0409 
1.38783 1.32254 1.27693 1.4026 1.71135 1.9129 1.71654 1.85488 
1.20794 1.03727 1.09407 1.39479 1.88557 1.86383 1.47538 1.60008 
1.04444 0.8208 0.958481 1.53643 2.11117 1.98821 1.49102 1.31922 
0.852455 0.673343 0.859494 1.37143 1.80788 1.78585 1.33367 1.15787 
0.728212 0.556573 0.809898 1.20653 1.45882 1.34698 1.23221 0.858058 
0.549993 0.476207 0.722072 1.06495 1.28125 1.17321 1.12208 0.790999 
0.454877 0.407799 0.734475 1.02084 1.21093 0.865285 1.20635 0.740102 
0.322519 0.381348 0.559311 1.03652 1.19501 0.857776 1.43754 0.886844 
0.249328 0.488371 0.510576 0.809337 0.850535 0.709191 1.26828 0.849698 
0.235495 0.430001 0.642451 1.05444 0.659014 0.49162 0.965316 0.622453 
0.215438 0.316126 0.579382 0.97546 0.477799 0.346192 0.695402 0.537057 
0.187543 0.325891 0.646596 0.721697 0.443607 0.249834 0.450452 0.416693 
0.150955 0.281385 0.823489 0.725779 0.270049 0.178898 0.297881 0.364504 
0.103354 0.566559 1.05703 0.990288 0.428701 0.123848 0.165775 0.266405 
0.128392 0.422515 0.846594 0.872713 0.278375 0.122871 0.138012 0.200948 
0.121912 0.407651 0.785869 0.941531 0.390801 0.103477 0.121658 0.162009 
0.150597 0.238477 0.724579 0.888372 0.338521 0.10855 0.130512 0.180843 
0.126361 0.211288 0.499237 0.769294 0.178059 0.124413 0.114812 0.289952 
0.106722 0.379505 0.285555 0.546592 0.160808 0.126047 0.148021 0.438607 
0.116314 0.631081 0.126477 0.380137 0.157822 0.110573 0.34498 0.18809 
0.127055 0.637005 0.167511 0.212231 0.224981 0.10584 0.610622 0.322271 
0.426444 0.303715 0.267772 0.136751 0.508991 0.0818457 0.688309 0.106728 
0.671004 0.128276 0.496885 0.117173 0.659384 0.0875935 0.695876 0.117603 
0.543115 0.247917 0.739828 0.395992 0.475229 0.101003 0.645642 0.13552 
0.262102 0.613753 0.595126 0.769674 0.287643 0.132502 0.382113 0.296999 
0.268204 0.84294 0.580976 1.05289 0.492388 0.0979141 0.172312 0.415572 
0.631462 0.607976 0.66351 0.997254 0.505874 0.109342 0.142381 0.677281 
0.955624 0.4996 0.549985 0.928038 0.414936 0.102351 0.132376 0.744864 
0.894535 0.509022 0.625785 1.09459 0.632769 0.0739851 0.492371 0.991228 
0.785048 0.876804 0.447156 0.998729 0.488694 0.102743 0.516801 1.04107 
1.09797 0.704462 0.565699 0.980399 0.382839 0.302395 0.562212 1.08162 
1.18324 0.621993 0.694767 0.866497 0.280873 0.31013 0.772675 1.27131 
1.28329 0.852945 1.08956 0.705834 0.30453 0.286399 0.842944 1.40731 
0.972951 1.34489 1.05377 0.656516 0.348183 0.217439 0.799001 1.27928 
0.866632 1.37139 0.894943 0.562212 0.633226 0.117308 0.681374 1.11144 
0.608847 1.06767 0.564764 0.868602 0.814893 0.274424 0.63329 1.23233 
0.646099 0.706467 0.656837 1.19583 0.928363 0.316056 0.864631 1.20735 
0.869991 0.361585 0.63488 1.20043 0.766148 0.303115 0.827184 1.20228 
0.712895 0.317204 0.41184 0.904759 0.482598 0.385248 0.560408 1.11846 
0.539653 0.224046 0.274872 0.6759 0.435117 0.345219 0.492207 0.911703 
0.396531 0.207656 0.203792 0.449431 0.348069 0.271633 0.424444 0.871472 
0.300634 0.150483 0.155575 0.326227 0.443198 0.270142 0.475746 0.934361 
0.374291 0.124686 0.123908 0.229104 0.399277 0.239052 0.545051 0.988822 
0.376558 0.102377 0.115546 0.210444 0.532917 0.334002 0.455239 0.922156 
0.43422 0.0956649 0.105488 0.128747 0.742202 0.382456 0.426027 0.714345 
0.220417 0.103937 0.0769452 0.426478 0.997703 0.809416 0.545109 0.579887 
0.138626 0.10256 0.0912013 0.410318 0.939801 0.733421 0.926127 0.750188 
0.121707 0.0927579 0.11186 0.253811 0.800968 0.931208 1.28487 0.764018 
0.410134 0.075873 0.113067 0.235165 0.663541 0.846169 1.30874 0.733975 
0.328699 0.0997547 0.133132 0.318724 0.607889 0.649391 1.12294 0.671734 
0.217266 0.105369 0.116172 0.454083 0.746951 0.591586 1.08167 0.799204 
0.224093 0.0897313 0.468861 0.658593 1.10833 0.647692 1.22733 0.849915 
0.519601 0.088147 0.543605 0.951433 1.38826 0.867247 1.11818 0.837984 
0.351811 0.625369 0.393918 0.91104 1.4414 0.936919 0.623976 0.923363 
0.249689 0.809461 0.554064 0.693566 1.23456 0.814525 0.356257 0.771387 
0.163878 0.782837 0.461661 0.46425 0.899307 0.635672 0.356255 0.516548 
0.134395 0.681254 0.311671 0.344249 0.721314 0.579402 0.298971 0.36622 
0.16208 0.415761 0.262056 0.252914 0.500205 0.347454 0.286971 0.263942 
0.128196 0.408396 0.228799 0.178488 0.480603 0.186908 0.228925 0.206753 
0.131844 0.284378 0.252114 0.141859 0.345682 0.13512 0.166348 0.211172 
0.110249 0.127454 0.477071 0.102313 0.209028 0.144927 0.114506 0.313032 
0.0578231 0.448429 0.696631 0.0857544 0.201213 0.110172 0.0858324 0.616736 
0.0803501 0.38817 0.66097 0.0873244 0.245189 0.470781 0.0611831 0.618481 
0.121207 0.165743 0.378385 0.114012 0.258811 0.409926 0.110579 0.320232 
0.125055 0.135566 0.246108 0.104356 0.259272 0.154087 0.134126 0.157642 
0.112881 0.10463 0.144008 0.0948368 0.585372 0.0953282 0.128033 0.125888 
0.112106 0.118305 0.110541 0.101887 0.487076 0.0968012 0.136233 0.128027 
0.122466 0.0986683 0.107152 0.0907385 0.493266 0.0931796 0.15886 0.123767 
0.156503 0.12367 0.112505 0.103781 0.285517 0.0766207 0.561261 0.0968597 
0.416749 0.0797682 0.119801 0.100931 0.121915 0.0978673 0.676625 0.0880941 
0.714608 0.140369 0.207928 0.0932107 0.104918 0.0948952 0.460394 0.142828 
0.600865 0.111853 0.333689 0.0789043 0.0941393 0.123626 0.425667 0.349977 
0.365987 0.631128 0.636665 0.0678929 0.0862672 0.0623831 0.611557 0.761079 
0.194244 0.777453 0.638384 0.0785836 0.0603113 0.41156 0.908524 0.813763 
0.651075 1.00476 0.661073 0.0844388 0.0975131 0.153496 0.774228 0.975652 
0.703315 1.06027 0.551755 0.0950148 0.0927708 0.0924324 0.608468 0.833339 
0.776428 0.785483 0.200954 0.387521 0.0761602 0.113328 0.360742 0.701403 
0.691536 0.586482 0.200083 0.371455 0.0898953 0.10271 0.223853 0.709113 
0.901323 0.301893 0.164737 0.161353 0.108063 0.105852 0.1721 0.799192 
0.75211 0.162843 0.475582 0.100622 0.10708 0.0834931 0.297969 0.857241 
0.753589 0.131633 0.349867 0.1041 0.0986395 0.0759285 0.54368 1.01484 
0.750809 0.102059 0.569487 0.0960874 0.111694 0.0873043 0.519547 1.00825 
0.770865 0.122884 0.468511 0.110242 0.100634 0.0997999 0.379178 0.887364 
0.740676 0.145825 0.579759 0.112143 0.277268 0.0730683 0.464579 0.885323 
0.764523 0.124394 0.700749 0.14106 0.201524 0.0955236 0.366932 0.905415 
0.891676 0.347663 0.86493 0.449884 0.102008 0.101737 0.347519 0.898052 
0.886964 0.347953 0.948198 0.511659 0.11384 0.111881 0.228794 0.65943 
0.608103 0.384482 1.00366 0.681268 0.130916 0.0981458 0.422972 0.517805 
0.320928 0.376697 0.953155 0.751944 0.15207 0.131217 0.375205 0.680077 
0.339564 0.170115 0.769969 0.925813 0.309829 0.110919 0.588956 0.852801 
0.26968 0.227911 0.545601 0.888118 0.40985 0.235178 0.582436 0.856259 
0.305712 0.137571 0.412424 0.693317 0.737239 0.2989 0.558153 0.916158 
0.273728 0.546223 0.320863 0.881995 1.15086 0.651726 0.623175 0.88572 
0.452367 0.380191 0.478535 1.01548 1.4741 1.01309 0.554749 1.03523 
0.28652 0.719722 0.425891 1.04524 1.60896 1.17002 0.616479 0.791062 
0.213763 0.642354 0.35522 0.926076 1.41072 1.3329 0.812606 0.575341 
0.134727 0.482692 0.358961 0.85011 1.20498 1.323 1.09189 0.572148 
0.111698 0.663879 0.373637 0.779258 1.0156 0.929561 1.03727 0.419191 
0.131348 0.717257 0.617328 0.718542 1.29404 0.792388 0.847281 0.292763 
0.140044 0.767233 0.891838 0.546551 1.16569 0.942606 0.633932 0.335524 
0.131351 0.727355 1.23009 0.685345 1.02938 1.09219 0.701418 0.263996 
0.592361 0.615128 1.11667 0.659561 0.753629 1.00187 0.901605 0.294831 
0.818595 0.460148 0.881065 0.89233 0.456842 1.05128 0.799151 0.221909 
0.701414 0.410535 0.736274 1.19459 0.705657 1.14912 0.577869 0.162305 
0.37199 0.788321 0.4827 0.988409 0.642149 0.962768 0.333909 0.189599 
0.182934 0.636192 0.402391 0.778021 1.06692 0.825401 0.24333 0.171306 
0.137033 0.334642 0.397429 0.631025 1.21691 0.698293 0.152143 0.140855 
0.128643 0.157969 0.694396 0.448683 1.03092 0.515682 0.135474 0.118413 
0.109253 0.106776 0.577509 0.359773 0.964667 0.395833 0.117079 0.112992 
0.106311 0.116323 0.312529 0.295124 0.850596 0.253073 0.123835 0.113005 
0.10196 0.105999 0.194882 0.174297 0.709977 0.134363 0.115955 0.110277 
0.103211 0.108833 0.13266 0.134332 0.431725 0.124321 0.143241 0.116303 
0.0973036 0.102597 0.11743 0.122274 0.198555 0.107304 0.142299 0.10948 
0.112094 0.108366 0.109223 0.102452 0.135899 0.0744577 0.500851 0.0993342 
0.103518 0.123335 0.1087 0.0960762 0.104342 0.093652 0.382204 0.103696 
0.11362 0.289399 0.0856712 0.0961798 0.0993337 0.101155 0.140978 0.116601 
0.0976544 0.574954 0.0920083 0.0956428 0.0902074 0.095253 0.0950724 0.208317 
0.499874 0.513626 0.114435 0.095278 0.0996023 0.0834021 0.0908302 0.110337 
0.667003 0.150341 0.269083 0.0822935 0.0941782 0.0815006 0.0940125 0.0806693 
0.619874 0.0808573 0.566998 0.0950856 0.117464 0.0825552 0.0850848 0.0949969 
0.674083 0.0866623 0.664255 0.0787254 0.118709 0.0789623 0.0906357 0.0806998 
0.675491 0.0851462 0.663959 0.0516588 0.515314 0.0584149 0.0913656 0.0977172 
0.563988 0.10599 0.535755 0.0758886 0.535615 0.0713928 0.0913364 0.101017 
0.168566 0.446109 0.190577 0.131412 0.226058 0.0963744 0.0642455 0.509693 
0.0911647 0.666511 0.0949319 0.114792 0.108526 0.0970997 0.0876476 0.464866 
0.107042 0.633533 0.087776 0.0958032 0.0968513 0.0880656 0.0934545 0.201441 
0.103176 0.440433 0.0954473 0.091176 0.0938843 0.090367 0.110326 0.122999 
0.122483 0.173568 0.103671 0.0886874 0.0931486 0.0861416 0.0900745 0.110642 
0.101598 0.108348 0.0962979 0.0884557 0.090597 0.0920413 0.130767 0.110252 
0.135694 0.0977443 0.0878479 0.0856988 0.0877594 0.0799227 0.107691 0.136944 
0.150816 0.0838127 0.0862135 0.0803167 0.0892319 0.0708709 0.494881 0.122145 
0.503057 0.0852325 0.0790922 0.0831136 0.0811521 0.0922028 0.172337 0.531242 
0.673195 0.0684563 0.0818402 0.0807636 0.087487 0.0850851 0.0840962 0.671015 
0.503089 0.0816394 0.0833966 0.0850269 0.0868467 0.0842893 0.105973 0.405665 
0.249767 0.0956368 0.0863821 0.0857777 0.0934466 0.0864784 0.100229 0.314229 
0.124901 0.0916556 0.0870929 0.0940429 0.092164 0.0870651 0.101419 0.280236 
0.0768462 0.0886459 0.0847614 0.0951418 0.114847 0.0923852 0.0880437 0.565607 
0.0762037 0.0796315 0.0864932 0.11736 0.128811 0.0836901 0.0807524 0.635128 
0.0756424 0.0763858 0.0859127 0.0759778 0.531189 0.0556912 0.0723604 0.679837 
0.0688658 0.0789883 0.0545272 0.518707 0.631615 0.066217 0.0710361 0.680654 
0.0810003 0.0801517 0.0695757 0.611056 0.480432 0.079703 0.078929 0.486673 
0.0928694 0.081401 0.0855591 0.423026 0.220227 0.0962422 0.0978296 0.195886 
0.0919204 0.0843961 0.101011 0.183687 0.134943 0.0938223 0.0926132 0.110271 
0.0836852 0.0834718 0.0900601 0.113174 0.14345 0.0938332 0.0877263 0.096645 
0.083305 0.0822176 0.0872193 0.0986401 0.14489 0.0864087 0.0819347 0.0886134 
0.0797658 0.0753911 0.0812637 0.0597659 0.51507 0.0660929 0.0813983 0.083 
0.0811795 0.0763248 0.0820767 0.0679135 0.667587 0.063266 0.0791162 0.0818145 
0.0730083 0.0701352 0.0735369 0.0646795 0.614765 0.062122 0.0748472 0.0765271 
0.0780106 0.077472 0.0803618 0.0893763 0.331001 0.0831777 0.0778302 0.0826181 
