0 0 0 0 0 0 0 0 
0.0174551 0.0174551 0.0174551 0.0174551 0.0174551 0.0174551 0.0174551 0.0174551 
0.0349101 0.0349101 0.0349101 0.0349101 0.0349101 0.0349101 0.0349101 0.0349101 
0.0523652 0.0523652 0.0523652 0.0523652 0.0523652 0.0523652 0.0523652 0.0523652 
0.0698203 0.0698203 0.0698203 0.0698203 0.0698203 0.0698203 0.0698203 0.0698203 
0.0872753 0.0872753 0.0872753 0.0872753 0.0872753 0.0872753 0.0872753 0.0872753 
0.10473 0.10473 0.10473 0.10473 0.10473 0.10473 0.10473 0.10473 
0.122185 0.122185 0.122185 0.122185 0.122185 0.122185 0.122185 0.122185 
0.139641 0.139641 0.139641 0.139641 0.139641 0.139641 0.139641 0.139641 
0.157096 0.157096 0.157096 0.157096 0.157096 0.157096 0.157096 0.157096 
0.174551 0.174551 0.174551 0.174551 0.174551 0.174551 0.174551 0.174551 
0.192006 0.192006 0.192006 0.192006 0.192006 0.192006 0.192006 0.192006 
0.209461 0.209461 0.209461 0.209461 0.209461 0.209461 0.209461 0.209461 
0.226916 0.226916 0.226916 0.226916 0.226916 0.226916 0.226916 0.226916 
0.244371 0.244371 0.244371 0.244371 0.244371 0.244371 0.244371 0.244371 
0.261826 0.261826 0.261826 0.261826 0.261826 0.261826 0.261826 0.261826 
0.279281 0.279281 0.279281 0.279281 0.279281 0.279281 0.279281 0.279281 
0.296736 0.296736 0.296736 0.296736 0.296736 0.296736 0.296736 0.296736 
0.314191 0.314191 0.314191 0.314191 0.314191 0.314191 0.314191 0.314191 
0.331646 0.331646 0.331646 0.331646 0.331646 0.331646 0.331646 0.331646 
0.349101 0.349101 0.349101 0.349101 0.349101 0.349101 0.349101 0.349101 
0.366556 0.366556 0.366556 0.366556 0.366556 0.366556 0.366556 0.366556 
0.384011 0.384011 0.384011 0.384011 0.384011 0.384011 0.384011 0.384011 
0.401466 0.401466 0.401466 0.401466 0.401466 0.401466 0.401466 0.401466 
0.418922 0.418922 0.418922 0.418922 0.418922 0.418922 0.418922 0.418922 
0.436377 0.436377 0.436377 0.436377 0.436377 0.436377 0.436377 0.436377 
0.453832 0.453832 0.453832 0.453832 0.453832 0.453832 0.453832 0.453832 
0.471287 0.471287 0.471287 0.471287 0.471287 0.471287 0.471287 0.471287 
0.506886 0.508946 0.481464 0.483692 0.470662 0.502458 0.512952 0.503332 
0.507918 0.507875 0.504133 0.503772 0.506024 0.509056 0.508994 0.510275 
0.539095 0.541235 0.515059 0.517097 0.508256 0.537827 0.545682 0.539121 
0.540497 0.541052 0.536464 0.53668 0.541415 0.544041 0.543129 0.545602 
0.569457 0.571216 0.547129 0.549882 0.543995 0.570591 0.576975 0.57195 
0.57123 0.570974 0.567594 0.568421 0.574447 0.575628 0.574819 0.577858 
0.598878 0.598964 0.577853 0.580873 0.576277 0.600799 0.606592 0.602338 
0.600559 0.598697 0.597605 0.598634 0.604644 0.604727 0.604275 0.607382 
0.62708 0.625415 0.607521 0.610664 0.606039 0.629239 0.634461 0.630254 
0.628425 0.625467 0.626823 0.628085 0.633177 0.632403 0.632014 0.634526 
0.654139 0.651604 0.636497 0.63986 0.634647 0.656759 0.661251 0.656396 
0.655281 0.652114 0.655499 0.657003 0.661174 0.659258 0.658843 0.660357 
0.680511 0.677936 0.664827 0.668441 0.662751 0.68363 0.687414 0.681852 
0.68151 0.678697 0.683451 0.685161 0.688676 0.685347 0.684925 0.685755 
0.706401 0.704058 0.692265 0.695998 0.690137 0.7097 0.712908 0.707024 
0.707161 0.704741 0.710418 0.712115 0.715393 0.710488 0.710235 0.710767 
0.731718 0.729546 0.71863 0.722246 0.716623 0.734861 0.737725 0.731778 
0.732143 0.730042 0.736376 0.73783 0.741258 0.734714 0.734824 0.735264 
0.756453 0.754424 0.744109 0.747407 0.742298 0.759265 0.761945 0.756052 
0.756592 0.754853 0.761692 0.762737 0.766484 0.758291 0.758853 0.759316 
0.780886 0.779098 0.769199 0.772065 0.767501 0.783302 0.785821 0.780075 
0.780937 0.779678 0.786935 0.787491 0.791503 0.781726 0.782712 0.783311 
0.805549 0.804094 0.794483 0.796871 0.792727 0.807557 0.809853 0.804344 
0.805749 0.804999 0.812643 0.81267 0.816813 0.805592 0.806964 0.807776 
0.830934 0.829798 0.820372 0.82228 0.818402 0.832524 0.834551 0.829327 
0.831351 0.831055 0.839036 0.838568 0.842675 0.830243 0.831962 0.83303 
0.857167 0.856214 0.846902 0.848365 0.844619 0.858348 0.860067 0.855097 
0.857624 0.857634 0.86597 0.865032 0.869003 0.855571 0.857639 0.858903 
0.883885 0.883008 0.873737 0.874818 0.871116 0.884747 0.886102 0.881341 
0.884063 0.884352 0.892997 0.891688 0.895419 0.881187 0.883541 0.885014 
0.910596 0.909826 0.900431 0.901295 0.89752 0.911348 0.912183 0.907708 
0.910323 0.910985 0.919811 0.918331 0.921671 0.90683 0.909323 0.911146 
0.937222 0.936681 0.926924 0.927816 0.923812 0.938131 0.938227 0.934224 
0.936638 0.937843 0.946672 0.945276 0.948032 0.932767 0.935224 0.93762 
0.964337 0.964212 0.953797 0.95501 0.950573 0.965708 0.964808 0.961532 
0.963864 0.965846 0.974453 0.973439 0.975361 0.959887 0.9621 0.965346 
0.993032 0.993553 0.982139 0.984001 0.978878 0.995211 0.993013 0.990741 
0.993212 0.99623 1.00439 1.00407 1.00487 0.989417 0.991161 0.995518 
1.02459 1.02598 1.01324 1.01607 1.01 1.02792 1.02411 1.02308 
1.02594 1.03024 1.03778 1.03842 1.03784 1.02258 1.02366 1.02933 
1.06026 1.06274 1.04835 1.05242 1.04519 1.06507 1.05935 1.05974 
1.06329 1.0691 1.07589 1.0777 1.07549 1.06051 1.06081 1.06795 
1.10136 1.10509 1.08878 1.09428 1.08572 1.10786 1.09999 1.10195 
1.10663 1.11414 1.12011 1.12322 1.11917 1.10447 1.10396 1.11268 
1.14946 1.15455 1.13602 1.1431 1.13305 1.15777 1.14755 1.1512 
1.15767 1.16703 1.17219 1.17661 1.17054 1.15597 1.15474 1.16512 
1.20656 1.21305 1.19201 1.20071 1.18909 1.21664 1.20393 1.20939 
1.21868 1.22993 1.23439 1.24002 1.23179 1.21704 1.21534 1.22741 
1.27545 1.28324 1.2594 1.26962 1.25644 1.28711 1.27183 1.27919 
1.29293 1.30598 1.30995 1.3165 1.30604 1.29062 1.2889 1.30271 
1.36034 1.36917 1.34207 1.35362 1.33896 1.37313 1.35528 1.36475 
1.38556 1.40015 1.40389 1.41084 1.39807 1.38126 1.38034 1.39602 
1.46811 1.47744 1.44623 1.4587 1.44273 1.48113 1.46082 1.47291 
1.50518 1.52063 1.52431 1.53068 1.5155 1.49628 1.49766 1.5157 
1.61063 1.61924 1.58198 1.59455 1.57763 1.62177 1.59958 1.61557 
1.66731 1.68127 1.68485 1.6885 1.6709 1.6476 1.65456 1.67636 
1.81081 1.81467 1.76687 1.77741 1.76104 1.81403 1.79261 1.81541 
1.90539 1.90674 1.9112 1.90618 1.88738 1.85538 1.87789 1.90659 
2.1253 2.10723 2.03592 2.03872 2.03108 2.10181 2.09247 2.12697 
2.32702 2.24515 2.26859 2.23143 2.22139 2.15362 2.25475 2.28417 
2.926 2.68187 2.47936 2.48167 2.52468 2.76615 2.83263 2.90151 
3.20976 3.22464 2.97545 2.89016 2.99007 2.87212 3.21527 3.3152 
3.52801 3.74509 3.52934 3.48368 3.44608 3.12503 3.2406 3.59934 
3.67196 4.09486 3.98078 4.02527 3.70931 3.2126 3.25671 3.69726 
3.8691 4.37588 4.13378 4.22697 3.65671 3.50649 3.12478 3.66985 
3.57104 4.01813 4.41938 4.44503 3.95453 3.44815 3.11248 3.43971 
3.35175 3.5839 3.99258 4.19447 4.0565 3.71372 3.22896 3.14191 
2.82599 3.21101 3.49067 3.69826 3.83499 3.47628 3.31196 3.04135 
2.60973 3.0481 3.06248 3.1683 3.50297 3.15724 3.61256 3.09461 
2.30813 2.57846 2.42407 2.72125 3.1325 2.99026 3.33272 2.84064 
2.11659 2.03397 2.18676 2.41577 2.70492 3.14814 3.04571 2.59383 
1.85198 1.60135 1.98055 2.26585 2.53713 2.99307 2.68414 2.38979 
1.51992 1.40757 1.72376 2.13447 2.11031 2.56519 2.1245 2.03313 
1.38783 1.32254 1.35178 1.8444 1.91819 2.16765 1.75988 1.87063 
1.20794 1.03727 1.09407 1.56325 2.1015 1.92878 1.50006 1.60008 
1.04444 0.8208 0.997767 1.60669 2.13317 2.05193 1.49102 1.31922 
0.852441 0.673345 0.859494 1.38444 1.8704 1.78585 1.33367 1.15787 
0.728211 0.556574 0.809898 1.20653 1.45882 1.34698 1.23221 0.858058 
0.549993 0.476209 0.722072 1.06495 1.28125 1.17321 1.12208 0.790999 
0.454889 0.407799 0.734475 1.02084 1.21093 0.865285 1.20635 0.740102 
0.322519 0.381348 0.559311 1.03652 1.19501 0.857776 1.43754 0.886844 
0.249328 0.488371 0.510576 0.809337 0.850535 0.709191 1.26828 0.849698 
0.235495 0.430001 0.642451 1.05444 0.659014 0.49162 0.965316 0.622453 
0.215438 0.316126 0.579382 0.97546 0.477799 0.346192 0.695402 0.537057 
0.187543 0.325891 0.646596 0.721697 0.443607 0.249834 0.450452 0.416693 
0.150955 0.281385 0.823489 0.725779 0.270049 0.178898 0.297963 0.364065 
0.103354 0.566559 1.05703 0.990288 0.428701 0.123848 0.165917 0.265858 
0.128399 0.422515 0.846594 0.872713 0.278375 0.122871 0.13809 0.200858 
0.121922 0.407657 0.785869 0.941531 0.390801 0.103477 0.121658 0.161794 
0.150579 0.238534 0.724579 0.888372 0.338521 0.10855 0.130512 0.180695 
0.126326 0.211288 0.499238 0.769294 0.178059 0.124413 0.114812 0.291052 
0.106705 0.379507 0.285555 0.546592 0.160808 0.126047 0.148021 0.438637 
0.116304 0.631081 0.126477 0.380137 0.157822 0.110573 0.34498 0.18809 
0.12703 0.637027 0.167511 0.212231 0.224981 0.10584 0.610622 0.322271 
0.426573 0.303715 0.267772 0.136751 0.508991 0.0818457 0.688309 0.106728 
0.671004 0.128276 0.496885 0.117173 0.659384 0.0875935 0.695876 0.117603 
0.543115 0.247917 0.739828 0.395992 0.475229 0.101003 0.645642 0.13552 
0.262102 0.613753 0.595126 0.769674 0.287643 0.132502 0.382113 0.296999 
0.268204 0.84294 0.580976 1.05289 0.492388 0.0979141 0.172312 0.415572 
0.631462 0.607976 0.66351 0.997254 0.505874 0.109342 0.142381 0.677281 
0.955624 0.4996 0.549985 0.928038 0.414936 0.102351 0.132376 0.744864 
0.894535 0.509022 0.625785 1.09459 0.632769 0.0739851 0.492371 0.991228 
0.785048 0.876804 0.447156 0.998729 0.488694 0.102743 0.516801 1.04107 
1.09797 0.704462 0.565699 0.980399 0.382839 0.302395 0.562212 1.08162 
1.18324 0.621993 0.694767 0.866497 0.280873 0.31013 0.772675 1.27131 
1.28329 0.852945 1.08956 0.705834 0.30453 0.286399 0.842944 1.40731 
0.972951 1.34489 1.05377 0.656516 0.348183 0.217439 0.799001 1.27928 
0.866632 1.37139 0.894943 0.562212 0.633226 0.117308 0.681374 1.11144 
0.608847 1.06767 0.564764 0.868602 0.814893 0.274424 0.63329 1.23233 
0.646099 0.706467 0.656837 1.19583 0.928363 0.316056 0.864631 1.20735 
0.869991 0.361585 0.63488 1.20043 0.766148 0.303115 0.827184 1.20228 
0.712895 0.317204 0.41184 0.904759 0.482598 0.385248 0.560408 1.11846 
0.539653 0.224046 0.274872 0.6759 0.435117 0.345219 0.492207 0.911703 
0.396531 0.207656 0.203792 0.449431 0.348069 0.271633 0.424444 0.871472 
0.300634 0.150483 0.155575 0.326227 0.443198 0.270142 0.475746 0.934361 
0.374291 0.124686 0.123908 0.229104 0.399277 0.239052 0.545051 0.988822 
0.376558 0.102377 0.115546 0.210444 0.532917 0.334002 0.455239 0.922156 
0.43422 0.0956649 0.105488 0.128747 0.742202 0.382456 0.426027 0.714345 
0.220417 0.103937 0.0769452 0.426478 0.997703 0.809416 0.545109 0.579887 
0.138626 0.10256 0.0912013 0.410318 0.939801 0.733421 0.926127 0.750188 
0.121707 0.0927579 0.11186 0.253811 0.800968 0.931208 1.28487 0.764018 
0.410134 0.075873 0.113067 0.235165 0.663541 0.846169 1.30874 0.733975 
0.328699 0.0997547 0.133132 0.318724 0.607889 0.649391 1.12294 0.671734 
0.217266 0.105369 0.116172 0.454083 0.746951 0.591586 1.08167 0.799204 
0.224093 0.0897313 0.468861 0.658593 1.10833 0.647692 1.22733 0.849915 
0.519601 0.088147 0.543605 0.951433 1.38826 0.867247 1.11818 0.837984 
0.351811 0.625369 0.393918 0.91104 1.4414 0.936919 0.623976 0.923363 
0.249689 0.809461 0.554064 0.693566 1.23456 0.814525 0.356257 0.771387 
0.163878 0.782837 0.461661 0.46425 0.899307 0.635672 0.356255 0.516548 
0.134395 0.681254 0.311671 0.344249 0.721314 0.579402 0.298971 0.36622 
0.16208 0.415761 0.262056 0.252914 0.500205 0.347454 0.286971 0.263942 
0.128196 0.408396 0.228799 0.178488 0.480603 0.186908 0.228925 0.206753 
0.131844 0.284378 0.252114 0.141859 0.345682 0.13512 0.166348 0.211172 
0.110249 0.127454 0.477071 0.102313 0.209028 0.144927 0.114506 0.313032 
0.0578231 0.448429 0.696631 0.0857544 0.201213 0.110172 0.0858324 0.616736 
0.0803501 0.38817 0.66097 0.0873244 0.245189 0.470781 0.0611831 0.618481 
0.121207 0.165743 0.378385 0.114012 0.258811 0.409926 0.110579 0.320232 
0.125055 0.135566 0.246108 0.104356 0.259272 0.154087 0.134126 0.157642 
0.112881 0.10463 0.144008 0.0948368 0.585372 0.0953282 0.128033 0.125888 
0.112106 0.118305 0.110541 0.101887 0.487076 0.0968012 0.136233 0.128027 
0.122466 0.0986683 0.107152 0.0907385 0.493266 0.0931796 0.15886 0.123767 
0.156503 0.12367 0.112505 0.103781 0.285517 0.0766207 0.561261 0.0968597 
0.416749 0.0797682 0.119801 0.100931 0.121915 0.0978673 0.676625 0.0880941 
0.714608 0.140369 0.207928 0.0932107 0.104918 0.0948952 0.460394 0.142828 
0.600865 0.111853 0.333689 0.0789043 0.0941393 0.123626 0.425667 0.349977 
0.365987 0.631128 0.636665 0.0678929 0.0862672 0.0623831 0.611557 0.761079 
0.193389 0.777453 0.638384 0.0785836 0.0603113 0.41156 0.908524 0.813902 
0.651679 1.00476 0.661073 0.0844388 0.0975131 0.153496 0.774228 0.975685 
0.70357 1.06027 0.551755 0.0950148 0.0927708 0.0924324 0.608468 0.833339 
0.776428 0.785483 0.200954 0.387521 0.0761602 0.113328 0.360742 0.701403 
0.691536 0.586482 0.200083 0.371455 0.0898953 0.10271 0.223853 0.709113 
0.901323 0.301893 0.164737 0.161353 0.108063 0.105852 0.1721 0.799192 
0.75211 0.162843 0.475582 0.100622 0.10708 0.0834931 0.297969 0.857241 
0.753589 0.131633 0.349867 0.1041 0.0986395 0.0759285 0.54368 1.01484 
0.750809 0.102059 0.569487 0.0960874 0.111694 0.0873043 0.519547 1.00825 
0.770865 0.122884 0.468511 0.110242 0.100634 0.0997999 0.379178 0.887364 
0.740676 0.145825 0.579759 0.112143 0.277268 0.0730683 0.464579 0.885323 
0.764523 0.124394 0.700749 0.140677 0.201524 0.0955236 0.366932 0.905415 
0.891676 0.347663 0.86493 0.450119 0.102 0.101736 0.347519 0.898052 
0.886964 0.347953 0.948198 0.511659 0.113833 0.11188 0.228794 0.65943 
0.608103 0.384482 1.00366 0.681268 0.130893 0.0981425 0.422972 0.517805 
0.320928 0.376697 0.953155 0.751944 0.152052 0.131214 0.375205 0.680077 
0.339564 0.170115 0.769969 0.925813 0.30989 0.11091 0.588956 0.852801 
0.26968 0.227911 0.545601 0.888118 0.40985 0.23517 0.582447 0.856259 
0.305712 0.137571 0.412424 0.693317 0.737239 0.298898 0.558164 0.916158 
0.273728 0.546223 0.320863 0.881995 1.15086 0.651724 0.623181 0.88572 
0.452367 0.380191 0.478535 1.01548 1.4741 1.0131 0.554749 1.03523 
0.28652 0.719722 0.425891 1.04524 1.60896 1.17002 0.616479 0.791062 
0.213763 0.642354 0.35522 0.926076 1.41072 1.3329 0.812606 0.575341 
0.134727 0.482692 0.358961 0.85011 1.20498 1.323 1.09189 0.572148 
0.111698 0.663879 0.373637 0.779258 1.0156 0.929561 1.03727 0.419191 
0.131348 0.717257 0.617328 0.718542 1.29404 0.792388 0.847281 0.292763 
0.140044 0.767233 0.891838 0.546551 1.16569 0.942606 0.633932 0.335524 
0.131351 0.727355 1.23009 0.685345 1.02938 1.09219 0.701418 0.263996 
0.592361 0.615128 1.11667 0.659561 0.753629 1.00187 0.901605 0.294831 
0.818595 0.460148 0.881065 0.89233 0.456842 1.05128 0.799151 0.221909 
0.701414 0.410535 0.736274 1.19459 0.705657 1.14912 0.577869 0.162305 
0.37199 0.788321 0.4827 0.988409 0.642149 0.962768 0.333909 0.189599 
0.182934 0.636192 0.402391 0.778021 1.06692 0.825401 0.24333 0.171306 
0.137033 0.334642 0.397429 0.631025 1.21691 0.698293 0.152143 0.140855 
0.128643 0.157969 0.694396 0.448683 1.03092 0.515682 0.135474 0.118413 
0.109253 0.106776 0.577509 0.359773 0.964667 0.395833 0.117079 0.112992 
0.106311 0.116323 0.312529 0.295124 0.850596 0.253073 0.123835 0.113005 
0.10196 0.105999 0.194882 0.174297 0.709977 0.134363 0.115955 0.110277 
0.103211 0.108833 0.13266 0.134332 0.431725 0.124321 0.143241 0.116303 
0.0973035 0.102597 0.11743 0.122274 0.198555 0.107269 0.140965 0.109443 
0.112094 0.108366 0.109223 0.102452 0.135897 0.0743864 0.501804 0.0988472 
0.103518 0.123335 0.1087 0.0960762 0.104341 0.0935831 0.382357 0.103691 
0.11362 0.289399 0.0856712 0.0961798 0.0993331 0.101109 0.140972 0.116539 
0.0976516 0.574954 0.0920082 0.0956428 0.0902068 0.0951984 0.0950586 0.208693 
0.499878 0.513626 0.114435 0.095278 0.0996014 0.0833603 0.090818 0.110289 
0.667003 0.150341 0.269083 0.0822935 0.0941769 0.0814457 0.0939842 0.0806658 
0.619874 0.0808573 0.566998 0.0950855 0.117462 0.0825084 0.0850681 0.0949915 
0.674083 0.0866623 0.664255 0.0787253 0.118679 0.0789224 0.0905796 0.0806967 
0.675491 0.0851462 0.663959 0.0516585 0.515369 0.0581851 0.0913311 0.0977116 
0.564051 0.10599 0.535755 0.0758882 0.535653 0.0712746 0.0912831 0.100842 
0.168022 0.446109 0.190135 0.131411 0.226147 0.0962455 0.0639348 0.510017 
0.0908852 0.666511 0.0949065 0.11479 0.108526 0.0969752 0.0875366 0.465147 
0.106958 0.633534 0.0877547 0.0958018 0.0968465 0.0879515 0.0933994 0.201523 
0.103126 0.440607 0.0954342 0.0911745 0.0938841 0.0902625 0.110187 0.122996 
0.122417 0.173568 0.103658 0.0886861 0.0931375 0.0860234 0.0900169 0.110628 
0.101586 0.108346 0.0962873 0.0884537 0.0905965 0.0919128 0.130558 0.110251 
0.13555 0.0977411 0.0878352 0.0856968 0.0877409 0.0797624 0.10576 0.136778 
0.148404 0.0837704 0.0861964 0.0803141 0.0892271 0.0689794 0.497672 0.117981 
0.506149 0.083087 0.0790489 0.08311 0.0811247 0.0917739 0.161749 0.535559 
0.673195 0.0683921 0.0818234 0.080758 0.0874828 0.0846387 0.0830436 0.671015 
0.503632 0.0815647 0.0833547 0.0850217 0.0868082 0.0838126 0.105516 0.406288 
0.25005 0.0955663 0.0863543 0.0857695 0.0934413 0.0860321 0.099734 0.313399 
0.124877 0.0915811 0.0870561 0.0940349 0.0921114 0.0865354 0.101015 0.278693 
0.0768412 0.0885501 0.0847391 0.0951264 0.114845 0.0914957 0.0819946 0.569546 
0.0761723 0.0795233 0.0864461 0.117348 0.128451 0.0831587 0.0802912 0.635128 
0.0756048 0.0762625 0.0858761 0.0759046 0.5319 0.0551573 0.0718952 0.679837 
0.0688458 0.0787956 0.0544484 0.51895 0.631615 0.0658785 0.0705317 0.681089 
0.0809292 0.079973 0.0695585 0.611056 0.481138 0.0791385 0.0784011 0.4876 
0.0927804 0.0812359 0.0854572 0.423378 0.22113 0.0957794 0.0973541 0.195885 
0.0917917 0.084265 0.100921 0.183687 0.134908 0.0933261 0.0920279 0.110267 
0.0835973 0.0833211 0.0899399 0.113158 0.143262 0.0933727 0.0873073 0.096638 
0.0831817 0.0820926 0.0871098 0.0986097 0.142642 0.0859895 0.0813535 0.0885986 
0.0796667 0.075256 0.0810735 0.0597659 0.518516 0.0637261 0.0809018 0.0829889 
0.0810505 0.0762036 0.0818927 0.0678932 0.667587 0.0628057 0.0782328 0.0817849 
0.0729179 0.070009 0.0733354 0.0646555 0.615103 0.0618189 0.0742684 0.0765093 
0.0778916 0.0773492 0.0802033 0.0893287 0.329164 0.0826059 0.077152 0.0825872 
