0 0 0 0 0 0 0 0 
0.0174551 0.0174551 0.0174551 0.0174551 0.0174551 0.0174551 0.0174551 0.0174551 
0.0349101 0.0349101 0.0349101 0.0349101 0.0349101 0.0349101 0.0349101 0.0349101 
0.0523652 0.0523652 0.0523652 0.0523652 0.0523652 0.0523652 0.0523652 0.0523652 
0.0698203 0.0698203 0.0698203 0.0698203 0.0698203 0.0698203 0.0698203 0.0698203 
0.0872753 0.0872753 0.0872753 0.0872753 0.0872753 0.0872753 0.0872753 0.0872753 
0.10473 0.10473 0.10473 0.10473 0.10473 0.10473 0.10473 0.10473 
0.122185 0.122185 0.122185 0.122185 0.122185 0.122185 0.122185 0.122185 
0.139641 0.139641 0.139641 0.139641 0.139641 0.139641 0.139641 0.139641 
0.157096 0.157096 0.157096 0.157096 0.157096 0.157096 0.157096 0.157096 
0.174551 0.174551 0.174551 0.174551 0.174551 0.174551 0.174551 0.174551 
0.192006 0.192006 0.192006 0.192006 0.192006 0.192006 0.192006 0.192006 
0.209461 0.209461 0.209461 0.209461 0.209461 0.209461 0.209461 0.209461 
0.226916 0.226916 0.226916 0.226916 0.226916 0.226916 0.226916 0.226916 
0.244371 0.244371 0.244371 0.244371 0.244371 0.244371 0.244371 0.244371 
0.261826 0.261826 0.261826 0.261826 0.261826 0.261826 0.261826 0.261826 
0.279281 0.279281 0.279281 0.279281 0.279281 0.279281 0.279281 0.279281 
0.296736 0.296736 0.296736 0.296736 0.296736 0.296736 0.296736 0.296736 
0.314191 0.314191 0.314191 0.314191 0.314191 0.314191 0.314191 0.314191 
0.331646 0.331646 0.331646 0.331646 0.331646 0.331646 0.331646 0.331646 
0.349101 0.349101 0.349101 0.349101 0.349101 0.349101 0.349101 0.349101 
0.366556 0.366556 0.366556 0.366556 0.366556 0.366556 0.366556 0.366556 
0.384011 0.384011 0.384011 0.384011 0.384011 0.384011 0.384011 0.384011 
0.401466 0.401466 0.401466 0.401466 0.401466 0.401466 0.401466 0.401466 
0.418922 0.418922 0.418922 0.418922 0.418922 0.418922 0.418922 0.418922 
0.436377 0.436377 0.436377 0.436377 0.436377 0.436377 0.436377 0.436377 
0.453832 0.453832 0.453832 0.453832 0.453832 0.453832 0.453832 0.453832 
0.471287 0.471287 0.471287 0.471287 0.471287 0.471287 0.471287 0.471287 
0.49704 0.495231 0.489684 0.496699 0.47215 0.509115 0.496963 0.47966 
0.504901 0.506883 0.504354 0.506676 0.504589 0.506183 0.505139 0.504153 
0.529422 0.529569 0.522852 0.529936 0.507788 0.539358 0.528263 0.514925 
0.538516 0.541709 0.537658 0.540431 0.53766 0.537853 0.536989 0.538292 
0.562587 0.563671 0.556287 0.562319 0.541825 0.569417 0.558645 0.549912 
0.572304 0.576203 0.571049 0.573188 0.570434 0.56912 0.568299 0.572451 
0.595968 0.597637 0.589622 0.594386 0.57536 0.600402 0.589732 0.584572 
0.605756 0.61006 0.604029 0.605673 0.603392 0.601121 0.600692 0.606559 
0.6288 0.630696 0.622311 0.626351 0.608904 0.632412 0.622134 0.618947 
0.638217 0.642565 0.636171 0.63775 0.63642 0.633456 0.633777 0.640196 
0.660544 0.66228 0.654052 0.657692 0.642065 0.664303 0.654597 0.652304 
0.669475 0.673561 0.667307 0.668875 0.668862 0.664937 0.666236 0.672521 
0.69122 0.692559 0.684831 0.688 0.674359 0.695172 0.686224 0.684247 
0.699792 0.703412 0.697548 0.69895 0.700473 0.695257 0.697859 0.70364 
0.72115 0.721894 0.714781 0.717384 0.705789 0.725133 0.717242 0.715158 
0.729359 0.732328 0.726948 0.728133 0.73126 0.724727 0.728907 0.733898 
0.750262 0.750247 0.743826 0.745873 0.736229 0.754335 0.747607 0.745133 
0.757897 0.760116 0.755316 0.756323 0.760874 0.753236 0.758986 0.763046 
0.778216 0.777423 0.771777 0.773293 0.765242 0.782453 0.776701 0.773767 
0.785192 0.786717 0.782583 0.783412 0.788964 0.780456 0.78751 0.790735 
0.805023 0.803559 0.798733 0.799709 0.792731 0.809332 0.804186 0.800946 
0.811507 0.81242 0.809041 0.80965 0.815744 0.80649 0.814546 0.817114 
0.831122 0.829028 0.825116 0.825504 0.819198 0.835307 0.830451 0.827021 
0.837321 0.837679 0.835126 0.835546 0.841854 0.831855 0.840655 0.842663 
0.856975 0.85435 0.851369 0.851265 0.845337 0.861011 0.856167 0.852565 
0.863116 0.863071 0.861348 0.861723 0.868028 0.857245 0.866582 0.868021 
0.883144 0.880192 0.878106 0.877662 0.871921 0.887194 0.882123 0.878321 
0.889588 0.889371 0.888435 0.888908 0.895086 0.88346 0.893176 0.894038 
0.910469 0.90743 0.906147 0.905457 0.899816 0.914708 0.909239 0.905237 
0.917665 0.917491 0.91723 0.917875 0.923876 0.911362 0.921399 0.9217 
0.939876 0.936933 0.936287 0.935362 0.929801 0.944374 0.938441 0.934282 
0.948166 0.948154 0.948404 0.949206 0.955044 0.941649 0.952059 0.951858 
0.972001 0.969221 0.969006 0.967793 0.962331 0.976725 0.970333 0.966111 
0.981479 0.981654 0.982221 0.983137 0.98883 0.974628 0.985462 0.984915 
1.007 1.00441 1.00438 1.00284 0.997468 1.01187 1.00499 1.00088 
1.01755 1.018 1.01862 1.01972 1.02517 1.01027 1.02153 1.02086 
1.04474 1.04249 1.04235 1.04058 1.03513 1.0498 1.04226 1.03852 
1.05634 1.05726 1.05766 1.05914 1.0641 1.04867 1.06018 1.05972 
1.08543 1.08376 1.08319 1.08142 1.0756 1.09086 1.08232 1.07931 
1.09835 1.1 1.09993 1.10206 1.10624 1.09045 1.10199 1.10203 
1.12991 1.12914 1.12782 1.12633 1.11982 1.13605 1.1261 1.12414 
1.14477 1.14748 1.14666 1.14977 1.15281 1.13688 1.14819 1.14905 
1.17975 1.18019 1.17777 1.17684 1.1693 1.18697 1.17517 1.17459 
1.19738 1.20144 1.1996 1.20402 1.20555 1.18973 1.20057 1.20254 
1.23696 1.23887 1.23501 1.23487 1.22597 1.24559 1.2315 1.23264 
1.2584 1.264 1.26095 1.26691 1.26659 1.25105 1.26124 1.26465 
1.30404 1.30761 1.30198 1.30278 1.29224 1.31428 1.29749 1.30069 
1.33056 1.33785 1.33341 1.34111 1.33865 1.32342 1.3329 1.33801 
1.38424 1.38959 1.38181 1.38363 1.37126 1.39618 1.37631 1.38187 
1.41766 1.42667 1.42074 1.43025 1.42543 1.41033 1.41924 1.42627 
1.48233 1.48949 1.47906 1.48183 1.46757 1.4958 1.47264 1.48082 
1.52545 1.53609 1.52855 1.53979 1.53244 1.51703 1.52593 1.53502 
1.60584 1.61476 1.60074 1.60419 1.58809 1.62022 1.59382 1.60501 
1.66335 1.67525 1.66579 1.67835 1.66825 1.65186 1.66196 1.67346 
1.76769 1.77797 1.75833 1.76173 1.74413 1.78122 1.75225 1.76727 
1.84814 1.85958 1.84758 1.86015 1.8471 1.82868 1.84271 1.85748 
1.99251 2.00202 1.97157 1.97307 1.95579 1.99999 1.97114 1.9918 
2.11517 2.11674 2.10192 2.11033 2.09514 2.07239 2.09802 2.11716 
2.34024 2.33812 2.27928 2.27449 2.26772 2.3243 2.3079 2.33511 
2.60691 2.49977 2.49904 2.48393 2.47321 2.46522 2.53515 2.52387 
3.15463 3.03792 2.78776 2.78405 2.87765 3.01242 3.09934 3.1454 
3.53051 3.5674 3.33218 3.25245 3.36839 3.26498 3.5923 3.6254 
3.8359 4.07618 3.95062 3.88868 3.84841 3.51733 3.65452 3.88629 
3.93941 4.43637 4.2921 4.38224 4.18182 3.6309 3.75626 4.02812 
4.16744 4.54049 4.64281 4.59296 4.11178 3.88001 3.67918 3.8682 
3.7404 4.17277 4.4886 4.78744 4.41298 3.90597 3.60714 3.60482 
3.38982 3.69988 4.04222 4.26892 4.18988 4.13764 3.69766 3.24035 
2.82599 3.26212 3.56987 3.69826 3.83499 3.77214 3.6804 3.05805 
2.60973 3.0481 3.06248 3.1683 3.50297 3.15724 3.6483 3.09845 
2.30813 2.57846 2.42407 2.72125 3.1325 2.99026 3.35554 2.84064 
2.11659 2.03397 2.18676 2.41577 2.70492 3.14814 3.04571 2.59383 
1.85198 1.60135 1.98055 2.26585 2.53713 2.99307 2.68414 2.38979 
1.51992 1.40757 1.72376 2.13447 2.11031 2.56519 2.1245 2.03313 
1.38783 1.32254 1.35178 1.8444 1.91819 2.16765 1.75988 1.87063 
1.20794 1.03727 1.09407 1.56325 2.1015 1.92878 1.50006 1.60008 
1.04444 0.8208 0.997767 1.60669 2.13317 2.05193 1.49102 1.31922 
0.852441 0.673345 0.859494 1.38444 1.8704 1.78585 1.33367 1.15787 
0.728211 0.556574 0.809898 1.20653 1.45882 1.34698 1.23221 0.858058 
0.549993 0.476209 0.722072 1.06495 1.28125 1.17321 1.12208 0.790999 
0.454889 0.407799 0.734475 1.02084 1.21093 0.865285 1.20635 0.740102 
0.322519 0.381348 0.559311 1.03652 1.19501 0.857776 1.43754 0.886844 
0.249328 0.488371 0.510576 0.809337 0.850535 0.709191 1.26828 0.849698 
0.235495 0.430001 0.642451 1.05444 0.659014 0.49162 0.965316 0.622453 
0.215438 0.316126 0.579382 0.97546 0.477799 0.346192 0.695402 0.537057 
0.187543 0.325891 0.646596 0.721697 0.443607 0.249834 0.450452 0.416693 
0.150955 0.281385 0.823489 0.725779 0.270049 0.178898 0.297963 0.364065 
0.103354 0.566559 1.05703 0.990288 0.428701 0.123848 0.165917 0.265858 
0.128399 0.422515 0.846594 0.872713 0.278375 0.122871 0.13809 0.200858 
0.121922 0.407657 0.785869 0.941531 0.390801 0.103477 0.121658 0.161794 
0.150579 0.238534 0.724579 0.888372 0.338521 0.10855 0.130512 0.180695 
0.126326 0.211288 0.499238 0.769294 0.178059 0.124413 0.114812 0.291052 
0.106705 0.379507 0.285555 0.546592 0.160808 0.126047 0.148021 0.438637 
0.116304 0.631081 0.126477 0.380137 0.157822 0.110573 0.34498 0.18809 
0.12703 0.637027 0.167511 0.212231 0.224981 0.10584 0.610622 0.322271 
0.426573 0.303715 0.267772 0.136751 0.508991 0.0818457 0.688309 0.106728 
0.671004 0.128276 0.496885 0.117173 0.659384 0.0875935 0.695876 0.117603 
0.543115 0.247917 0.739828 0.395992 0.475229 0.101003 0.645642 0.13552 
0.262102 0.613753 0.595126 0.769674 0.287643 0.132502 0.382113 0.296999 
0.268204 0.84294 0.580976 1.05289 0.492388 0.0979141 0.172312 0.415572 
0.631462 0.607976 0.66351 0.997254 0.505874 0.109342 0.142381 0.677281 
0.955624 0.4996 0.549985 0.928038 0.414936 0.102351 0.132376 0.744864 
0.894535 0.509022 0.625785 1.09459 0.632769 0.0739851 0.492371 0.991228 
0.785048 0.876804 0.447156 0.998729 0.488694 0.102743 0.516801 1.04107 
1.09797 0.704462 0.565699 0.980399 0.382839 0.302395 0.562212 1.08162 
1.18324 0.621993 0.694767 0.866497 0.280873 0.31013 0.772675 1.27131 
1.28329 0.852945 1.08956 0.705834 0.30453 0.286399 0.842944 1.40731 
0.972951 1.34489 1.05377 0.656516 0.348183 0.217439 0.799001 1.27928 
0.866632 1.37139 0.894943 0.562212 0.633226 0.117308 0.681374 1.11144 
0.608847 1.06767 0.564764 0.868602 0.814893 0.274424 0.63329 1.23233 
0.646099 0.706467 0.656837 1.19583 0.928363 0.316056 0.864631 1.20735 
0.869991 0.361585 0.63488 1.20043 0.766148 0.303115 0.827184 1.20228 
0.712895 0.317204 0.41184 0.904759 0.482598 0.385248 0.560408 1.11846 
0.539653 0.224046 0.274872 0.6759 0.435117 0.345219 0.492207 0.911703 
0.396531 0.207656 0.203792 0.449431 0.348069 0.271633 0.424444 0.871472 
0.300634 0.150483 0.155575 0.326227 0.443198 0.270142 0.475746 0.934361 
0.374291 0.124686 0.123908 0.229104 0.399277 0.239052 0.545051 0.988822 
0.376558 0.102377 0.115546 0.210444 0.532917 0.334002 0.455239 0.922156 
0.43422 0.0956649 0.105488 0.128747 0.742202 0.382456 0.426027 0.714345 
0.220417 0.103937 0.0769452 0.426478 0.997703 0.809416 0.545109 0.579887 
0.138626 0.10256 0.0912013 0.410318 0.939801 0.733421 0.926127 0.750188 
0.121707 0.0927579 0.11186 0.253811 0.800968 0.931208 1.28487 0.764018 
0.410134 0.075873 0.113067 0.235165 0.663541 0.846169 1.30874 0.733975 
0.328699 0.0997547 0.133132 0.318724 0.607889 0.649391 1.12294 0.671734 
0.217266 0.105369 0.116172 0.454083 0.746951 0.591586 1.08167 0.799204 
0.224093 0.0897313 0.468861 0.658593 1.10833 0.647692 1.22733 0.849915 
0.519601 0.088147 0.543605 0.951433 1.38826 0.867247 1.11818 0.837984 
0.351811 0.625369 0.393918 0.91104 1.4414 0.936919 0.623976 0.923363 
0.249689 0.809461 0.554064 0.693566 1.23456 0.814525 0.356257 0.771387 
0.163878 0.782837 0.461661 0.46425 0.899307 0.635672 0.356255 0.516548 
0.134395 0.681254 0.311671 0.344249 0.721314 0.579402 0.298971 0.36622 
0.16208 0.415761 0.262056 0.252914 0.500205 0.347454 0.286971 0.263942 
0.128196 0.408396 0.228799 0.178488 0.480603 0.186908 0.228925 0.206753 
0.131844 0.284378 0.252114 0.141859 0.345682 0.13512 0.166348 0.211172 
0.110249 0.127454 0.477071 0.102313 0.209028 0.144927 0.114506 0.313032 
0.0578231 0.448429 0.696631 0.0857544 0.201213 0.110172 0.0858324 0.616736 
0.0803501 0.38817 0.66097 0.0873244 0.245189 0.470781 0.0611831 0.618481 
0.121207 0.165743 0.378385 0.114012 0.258811 0.409926 0.110579 0.320232 
0.125055 0.135566 0.246108 0.104356 0.259272 0.154087 0.134126 0.157642 
0.112881 0.10463 0.144008 0.0948368 0.585372 0.0953282 0.128033 0.125888 
0.112106 0.118305 0.110541 0.101887 0.487076 0.0968012 0.136233 0.128027 
0.122466 0.0986683 0.107152 0.0907385 0.493266 0.0931796 0.15886 0.123767 
0.156503 0.12367 0.112505 0.103781 0.285517 0.0766207 0.561261 0.0968597 
0.416749 0.0797682 0.119801 0.100931 0.121915 0.0978673 0.676625 0.0880941 
0.714608 0.140369 0.207928 0.0932107 0.104918 0.0948952 0.460394 0.142828 
0.600865 0.111853 0.333689 0.0789043 0.0941393 0.123626 0.425667 0.349977 
0.365987 0.631128 0.636665 0.0678929 0.0862672 0.0623831 0.611557 0.761079 
0.193389 0.777453 0.638384 0.0785836 0.0603113 0.41156 0.908524 0.813902 
0.651679 1.00476 0.661073 0.0844388 0.0975131 0.153496 0.774228 0.975685 
0.70357 1.06027 0.551755 0.0950148 0.0927708 0.0924324 0.608468 0.833339 
0.776428 0.785483 0.200954 0.387521 0.0761602 0.113328 0.360742 0.701403 
0.691536 0.586482 0.200083 0.371455 0.0898953 0.10271 0.223853 0.709113 
0.901323 0.301893 0.164737 0.161353 0.108063 0.105852 0.1721 0.799192 
0.75211 0.162843 0.475582 0.100622 0.10708 0.0834931 0.297969 0.857241 
0.753589 0.131633 0.349867 0.1041 0.0986395 0.0759285 0.54368 1.01484 
0.750809 0.102059 0.569487 0.0960874 0.111694 0.0873043 0.519547 1.00825 
0.770865 0.122884 0.468511 0.110242 0.100634 0.0997999 0.379178 0.887364 
0.740676 0.145825 0.579759 0.112143 0.277268 0.0730683 0.464579 0.885323 
0.764523 0.124394 0.700749 0.140677 0.201524 0.0955236 0.366932 0.905415 
0.891676 0.347663 0.86493 0.450119 0.102 0.101736 0.347519 0.898052 
0.886964 0.347953 0.948198 0.511659 0.113833 0.11188 0.228794 0.65943 
0.608103 0.384482 1.00366 0.681268 0.130893 0.0981425 0.422972 0.517805 
0.320928 0.376697 0.953155 0.751944 0.152052 0.131214 0.375205 0.680077 
0.339564 0.170115 0.769969 0.925813 0.30989 0.11091 0.588956 0.852801 
0.26968 0.227911 0.545601 0.888118 0.40985 0.23517 0.582447 0.856259 
0.305712 0.137571 0.412424 0.693317 0.737239 0.298898 0.558164 0.916158 
0.273728 0.546223 0.320863 0.881995 1.15086 0.651724 0.623181 0.88572 
0.452367 0.380191 0.478535 1.01548 1.4741 1.0131 0.554749 1.03523 
0.28652 0.719722 0.425891 1.04524 1.60896 1.17002 0.616479 0.791062 
0.213763 0.642354 0.35522 0.926076 1.41072 1.3329 0.812606 0.575341 
0.134727 0.482692 0.358961 0.85011 1.20498 1.323 1.09189 0.572148 
0.111698 0.663879 0.373637 0.779258 1.0156 0.929561 1.03727 0.419191 
0.131348 0.717257 0.617328 0.718542 1.29404 0.792388 0.847281 0.292763 
0.140044 0.767233 0.891838 0.546551 1.16569 0.942606 0.633932 0.335524 
0.131351 0.727355 1.23009 0.685345 1.02938 1.09219 0.701418 0.263996 
0.592361 0.615128 1.11667 0.659561 0.753629 1.00187 0.901605 0.294831 
0.818595 0.460148 0.881065 0.89233 0.456842 1.05128 0.799151 0.221909 
0.701414 0.410535 0.736274 1.19459 0.705657 1.14912 0.578156 0.159071 
0.373056 0.788321 0.4827 0.988409 0.642149 0.962768 0.333909 0.186648 
0.182357 0.636867 0.402391 0.778021 1.06692 0.825401 0.24333 0.166294 
0.136558 0.336195 0.397429 0.631025 1.21691 0.698409 0.151899 0.137111 
0.127601 0.157969 0.694396 0.448683 1.03092 0.516555 0.134315 0.11356 
0.108866 0.106787 0.577942 0.359773 0.964667 0.397506 0.115778 0.109593 
0.105775 0.116368 0.313737 0.295124 0.850596 0.256603 0.121329 0.107714 
0.101771 0.106039 0.1948 0.174285 0.711314 0.133825 0.114675 0.106864 
0.102811 0.108897 0.132616 0.134333 0.436029 0.123298 0.139912 0.110647 
0.0972599 0.102644 0.117409 0.122257 0.198555 0.106955 0.125032 0.106032 
0.111363 0.108441 0.109234 0.102455 0.13588 0.0722426 0.524658 0.0735323 
0.103479 0.123137 0.108717 0.0960702 0.10431 0.0920834 0.395181 0.102121 
0.11296 0.293734 0.0856786 0.0961853 0.0993264 0.100474 0.139932 0.109865 
0.0897018 0.574954 0.091099 0.0956254 0.0901806 0.094446 0.0934113 0.253485 
0.511182 0.513948 0.114441 0.0952847 0.0995902 0.0829848 0.0895923 0.110138 
0.667003 0.150341 0.270694 0.0822731 0.0941232 0.080934 0.0925352 0.0806445 
0.619874 0.0808573 0.566998 0.0940873 0.117416 0.0822065 0.0831601 0.0949574 
0.674083 0.0866623 0.664336 0.0787275 0.117437 0.0786227 0.0887873 0.0806696 
0.675491 0.0851462 0.664305 0.0516622 0.517675 0.0550516 0.0892058 0.0976578 
0.566352 0.10599 0.535929 0.0758017 0.536329 0.0701997 0.0900619 0.0955156 
0.168022 0.446109 0.190135 0.13129 0.232253 0.0952959 0.0543597 0.520421 
0.0908852 0.666511 0.0949065 0.114623 0.108527 0.0958822 0.0843697 0.468385 
0.106958 0.633534 0.0877547 0.0958121 0.0967938 0.087131 0.0905356 0.208238 
0.103126 0.440729 0.0954348 0.0911271 0.09389 0.0896659 0.107369 0.122996 
0.122375 0.173568 0.103659 0.0886939 0.093027 0.0853387 0.0870459 0.110002 
0.101566 0.108346 0.096289 0.0884306 0.0906153 0.0914735 0.12712 0.11011 
0.135268 0.0977413 0.0878371 0.0857056 0.0876024 0.0793262 0.100461 0.13339 
0.138917 0.0838115 0.0861997 0.0803045 0.089261 0.0701501 0.495352 0.0991388 
0.521674 0.0781776 0.0790552 0.0831197 0.080988 0.0925678 0.15252 0.565826 
0.673195 0.0684375 0.0818309 0.0807426 0.0875729 0.0847402 0.0819775 0.671015 
0.504761 0.0816059 0.0833611 0.0850317 0.0865791 0.0838173 0.104029 0.409052 
0.251418 0.0955954 0.0863595 0.0857432 0.0935163 0.0860559 0.0981539 0.315592 
0.124877 0.09161 0.087061 0.0940473 0.0917696 0.0866362 0.0993701 0.278868 
0.0768412 0.0885909 0.0847444 0.0950686 0.114944 0.0916307 0.0741496 0.569546 
0.0761723 0.0795735 0.0864549 0.117383 0.125045 0.0834221 0.0779953 0.635128 
0.0756048 0.0763372 0.0858907 0.0752314 0.540085 0.0546912 0.071123 0.679837 
0.0688458 0.0789116 0.0544542 0.521855 0.631615 0.0661737 0.0686034 0.681731 
0.0808633 0.0800678 0.0695637 0.611056 0.484493 0.0787861 0.0773489 0.494659 
0.0927702 0.081298 0.0854677 0.423932 0.226793 0.0954466 0.0954476 0.195874 
0.0916712 0.0843096 0.100935 0.183687 0.134927 0.0930516 0.0909382 0.11026 
0.0835861 0.0833619 0.0899535 0.113158 0.143049 0.093118 0.0853018 0.0966012 
0.0830851 0.082131 0.0871282 0.0986164 0.138228 0.0858959 0.080516 0.0885623 
0.0796621 0.0752939 0.0811019 0.0597686 0.526625 0.0601049 0.079117 0.0826915 
0.0809564 0.0762408 0.0819274 0.0678951 0.667587 0.0625277 0.0774407 0.0816819 
0.0729211 0.0700444 0.0733673 0.0646584 0.615909 0.0619277 0.0724019 0.0760823 
0.0778114 0.0773803 0.0802265 0.089336 0.329154 0.0826927 0.0764935 0.0824432 
