0 0 0 0 0 0 0 0 
0.0174551 0.0174551 0.0174551 0.0174551 0.0174551 0.0174551 0.0174551 0.0174551 
0.0349101 0.0349101 0.0349101 0.0349101 0.0349101 0.0349101 0.0349101 0.0349101 
0.0523652 0.0523652 0.0523652 0.0523652 0.0523652 0.0523652 0.0523652 0.0523652 
0.0698203 0.0698203 0.0698203 0.0698203 0.0698203 0.0698203 0.0698203 0.0698203 
0.0872753 0.0872753 0.0872753 0.0872753 0.0872753 0.0872753 0.0872753 0.0872753 
0.10473 0.10473 0.10473 0.10473 0.10473 0.10473 0.10473 0.10473 
0.122185 0.122185 0.122185 0.122185 0.122185 0.122185 0.122185 0.122185 
0.139641 0.139641 0.139641 0.139641 0.139641 0.139641 0.139641 0.139641 
0.157096 0.157096 0.157096 0.157096 0.157096 0.157096 0.157096 0.157096 
0.174551 0.174551 0.174551 0.174551 0.174551 0.174551 0.174551 0.174551 
0.192006 0.192006 0.192006 0.192006 0.192006 0.192006 0.192006 0.192006 
0.209461 0.209461 0.209461 0.209461 0.209461 0.209461 0.209461 0.209461 
0.226916 0.226916 0.226916 0.226916 0.226916 0.226916 0.226916 0.226916 
0.244371 0.244371 0.244371 0.244371 0.244371 0.244371 0.244371 0.244371 
0.261826 0.261826 0.261826 0.261826 0.261826 0.261826 0.261826 0.261826 
0.279281 0.279281 0.279281 0.279281 0.279281 0.279281 0.279281 0.279281 
0.296736 0.296736 0.296736 0.296736 0.296736 0.296736 0.296736 0.296736 
0.314191 0.314191 0.314191 0.314191 0.314191 0.314191 0.314191 0.314191 
0.331646 0.331646 0.331646 0.331646 0.331646 0.331646 0.331646 0.331646 
0.349101 0.349101 0.349101 0.349101 0.349101 0.349101 0.349101 0.349101 
0.366556 0.366556 0.366556 0.366556 0.366556 0.366556 0.366556 0.366556 
0.384011 0.384011 0.384011 0.384011 0.384011 0.384011 0.384011 0.384011 
0.401466 0.401466 0.401466 0.401466 0.401466 0.401466 0.401466 0.401466 
0.418922 0.418922 0.418922 0.418922 0.418922 0.418922 0.418922 0.418922 
0.436377 0.436377 0.436377 0.436377 0.436377 0.436377 0.436377 0.436377 
0.453832 0.453832 0.453832 0.453832 0.453832 0.453832 0.453832 0.453832 
0.471287 0.471287 0.471287 0.471287 0.471287 0.471287 0.471287 0.471287 
0.494583 0.502648 0.502766 0.479817 0.491977 0.499915 0.495638 0.481864 
0.509109 0.511177 0.510026 0.509299 0.508392 0.508884 0.510375 0.510276 
0.532596 0.541053 0.53984 0.520666 0.529665 0.536307 0.534041 0.522887 
0.547565 0.5512 0.548483 0.55007 0.546709 0.547138 0.549778 0.550856 
0.571227 0.580521 0.577489 0.562676 0.568191 0.574511 0.573373 0.564615 
0.586729 0.591783 0.587155 0.591589 0.585633 0.586954 0.590181 0.592854 
0.611171 0.620964 0.615952 0.604496 0.607685 0.614782 0.614084 0.607569 
0.627351 0.632919 0.62645 0.633192 0.625839 0.628431 0.631757 0.636034 
0.652564 0.662092 0.655411 0.646497 0.648652 0.656543 0.655792 0.651071 
0.66908 0.674543 0.666801 0.675396 0.667432 0.670811 0.673898 0.679398 
0.694811 0.703875 0.696256 0.689154 0.690827 0.698939 0.697831 0.694393 
0.711484 0.716824 0.708612 0.718396 0.710039 0.713537 0.716223 0.722626 
0.737836 0.746578 0.738757 0.732569 0.733956 0.741767 0.740202 0.737742 
0.754884 0.760163 0.752083 0.762296 0.753633 0.756827 0.75912 0.766274 
0.782192 0.790599 0.783007 0.776958 0.778234 0.785503 0.783525 0.781859 
0.799848 0.804902 0.79724 0.807394 0.798558 0.801298 0.803306 0.811073 
0.828293 0.836142 0.828946 0.822669 0.824054 0.830748 0.828458 0.827346 
0.846574 0.851128 0.843996 0.854003 0.845168 0.847457 0.849306 0.857429 
0.876148 0.883211 0.876479 0.86997 0.871674 0.877864 0.875359 0.874449 
0.894966 0.898846 0.892296 0.902327 0.89363 0.895535 0.897332 0.905471 
0.925647 0.931856 0.925595 0.919015 0.921176 0.926975 0.924319 0.923252 
0.944963 0.948164 0.942175 0.952471 0.943952 0.945593 0.9474 0.955271 
0.976798 0.982218 0.976339 0.969856 0.972508 0.978094 0.975295 0.973821 
0.996604 0.999221 0.993659 1.00442 0.996026 0.997594 0.999407 1.00688 
1.02963 1.03439 1.02869 1.02241 1.0255 1.03113 1.02811 1.02616 
1.04986 1.05203 1.04666 1.05804 1.04964 1.05139 1.05311 1.06023 
1.08406 1.08832 1.08251 1.07653 1.07994 1.08589 1.0825 1.08017 
1.10461 1.10654 1.10108 1.11322 1.10459 1.10678 1.10825 1.11524 
1.14001 1.144 1.1378 1.13218 1.13574 1.14225 1.13827 1.13581 
1.16092 1.16285 1.15706 1.17009 1.161 1.16382 1.16485 1.17202 
1.19775 1.20175 1.19495 1.18973 1.19325 1.20048 1.19572 1.19341 
1.21932 1.22149 1.21527 1.22926 1.21948 1.22303 1.2235 1.23111 
1.25812 1.26231 1.25484 1.24999 1.25338 1.26137 1.25572 1.25372 
1.28087 1.28341 1.27676 1.29171 1.28116 1.2854 1.2853 1.29347 
1.32237 1.3268 1.31871 1.31405 1.31742 1.32607 1.31953 1.31786 
1.34694 1.34982 1.3429 1.35865 1.34745 1.35216 1.35163 1.36033 
1.39198 1.39653 1.38801 1.38322 1.38683 1.39587 1.38865 1.38712 
1.41909 1.42213 1.41519 1.43146 1.41987 1.42467 1.42406 1.43307 
1.4686 1.47301 1.46431 1.45895 1.46324 1.47227 1.46472 1.46298 
1.49905 1.5019 1.49524 1.51174 1.50009 1.50459 1.50432 1.51333 
1.55409 1.55795 1.54931 1.54294 1.5484 1.55709 1.54958 1.54721 
1.58877 1.59098 1.58483 1.6013 1.58994 1.59387 1.59437 1.60302 
1.65054 1.65334 1.64489 1.63713 1.64422 1.65245 1.64526 1.64187 
1.6904 1.69147 1.68596 1.70225 1.69144 1.69473 1.6963 1.70436 
1.76026 1.76154 1.75329 1.74382 1.75293 1.76075 1.754 1.74933 
1.8064 1.80598 1.80113 1.81724 1.8071 1.80978 1.81259 1.82003 
1.88605 1.88563 1.87746 1.8661 1.8775 1.88497 1.87865 1.87259 
1.94001 1.93819 1.93378 1.94996 1.94039 1.94249 1.94661 1.95357 
2.032 2.03012 2.02162 2.00833 2.02219 2.02937 2.02335 2.01591 
2.09623 2.09336 2.08888 2.1056 2.09642 2.09803 2.10347 2.1102 
2.20439 2.20142 2.19172 2.17663 2.19314 2.20037 2.19437 2.18551 
2.28263 2.27898 2.27322 2.2913 2.28234 2.28407 2.29069 2.29749 
2.41254 2.40853 2.39602 2.37941 2.39902 2.40723 2.40075 2.39038 
2.51024 2.50566 2.49644 2.51704 2.50845 2.51158 2.51904 2.52637 
2.67019 2.66488 2.64709 2.62926 2.65304 2.66354 2.65585 2.64387 
2.79637 2.79071 2.77434 2.79872 2.79165 2.79785 2.80553 2.81408 
3.00106 2.99421 2.9685 2.94881 2.97972 2.99267 2.98325 2.96927 
3.17724 3.16942 3.14111 3.1675 3.16768 3.17834 3.18535 3.19454 
3.46025 3.45006 3.42936 3.39449 3.44062 3.44635 3.44212 3.42159 
3.80685 3.76246 3.72118 3.69898 3.75885 3.81023 3.76893 3.78349 
4.39067 4.41066 4.28936 4.31404 4.40483 4.39449 4.41911 4.41182 
4.84112 4.90809 4.90256 4.89328 4.92884 4.82397 4.87132 5.00837 
4.93169 5.3126 5.43584 5.14441 5.3802 5.01944 4.89229 4.7567 
4.63225 5.06005 5.47446 5.58389 5.4644 4.98359 4.75964 4.50515 
4.34277 4.73499 5.101 5.39587 5.20359 4.73691 4.3478 4.06238 
3.96753 4.22252 4.59744 4.84368 4.82587 4.38458 4.00023 3.64086 
3.41898 3.78907 4.09108 4.32867 4.43909 4.37645 3.93791 3.35646 
2.93986 3.32368 3.57106 3.79282 3.88389 3.95368 3.87515 3.29014 
2.68757 3.01069 3.08838 3.21758 3.50297 3.38269 3.64296 3.15414 
2.35712 2.62218 2.48394 2.72125 3.1325 2.99026 3.35838 2.83077 
2.11659 2.03397 2.18676 2.41577 2.70492 3.14814 3.07158 2.61938 
1.85198 1.60135 1.98055 2.26585 2.53713 2.99307 2.68414 2.38979 
1.51992 1.40757 1.72376 2.13447 2.11031 2.56519 2.1245 2.03313 
1.38783 1.32254 1.35178 1.8444 1.91819 2.16765 1.75988 1.87063 
1.20794 1.03727 1.09407 1.56325 2.1015 1.92878 1.50006 1.60008 
1.04444 0.8208 0.997767 1.60669 2.13317 2.05193 1.49102 1.31922 
0.852441 0.673345 0.859494 1.38444 1.8704 1.78585 1.33367 1.15787 
0.728211 0.556574 0.809898 1.20653 1.45882 1.34698 1.23221 0.858058 
0.549993 0.476209 0.722072 1.06495 1.28125 1.17321 1.12208 0.790999 
0.454889 0.407799 0.734475 1.02084 1.21093 0.865285 1.20635 0.740102 
0.322519 0.381348 0.559311 1.03652 1.19501 0.857776 1.43754 0.886844 
0.249328 0.488371 0.510576 0.809337 0.850535 0.709191 1.26828 0.849698 
0.235495 0.430001 0.642451 1.05444 0.659014 0.49162 0.965316 0.622453 
0.215438 0.316126 0.579382 0.97546 0.477799 0.346192 0.695402 0.537057 
0.187543 0.325891 0.646596 0.721697 0.443607 0.249834 0.450452 0.416693 
0.150955 0.281385 0.823489 0.725779 0.270049 0.178898 0.297963 0.364065 
0.103354 0.566559 1.05703 0.990288 0.428701 0.123848 0.165917 0.265858 
0.128399 0.422515 0.846594 0.872713 0.278375 0.122871 0.13809 0.200858 
0.121922 0.407657 0.785869 0.941531 0.390801 0.103477 0.121658 0.161794 
0.150579 0.238534 0.724579 0.888372 0.338521 0.10855 0.130512 0.180695 
0.126326 0.211288 0.499238 0.769294 0.178059 0.124413 0.116032 0.291052 
0.106705 0.379507 0.285555 0.546592 0.160808 0.148264 0.128259 0.438637 
0.116304 0.631081 0.126477 0.380137 0.157822 0.110573 0.34498 0.18809 
0.12703 0.637027 0.167511 0.212231 0.224981 0.10584 0.610622 0.322271 
0.426573 0.303715 0.267772 0.136751 0.508991 0.0818457 0.688309 0.106728 
0.671004 0.128276 0.496885 0.117173 0.659384 0.0875935 0.695876 0.117603 
0.543115 0.247917 0.739828 0.395992 0.475229 0.101003 0.645642 0.13552 
0.262102 0.613753 0.595126 0.769674 0.287643 0.132502 0.382113 0.296999 
0.268204 0.84294 0.580976 1.05289 0.492388 0.0979141 0.172312 0.415572 
0.631462 0.607976 0.66351 0.997254 0.505874 0.109342 0.142381 0.677281 
0.955624 0.4996 0.549985 0.928038 0.414936 0.102351 0.132376 0.744864 
0.894535 0.509022 0.625785 1.09459 0.632769 0.0739851 0.492371 0.991228 
0.785048 0.876804 0.447156 0.998729 0.488694 0.102743 0.516801 1.04107 
1.09797 0.704462 0.565699 0.980399 0.382839 0.302395 0.562212 1.08162 
1.18324 0.621993 0.694767 0.866497 0.280873 0.31013 0.772675 1.27131 
1.28329 0.852945 1.08956 0.705834 0.30453 0.286399 0.842944 1.40731 
0.972951 1.34489 1.05377 0.656516 0.348183 0.217439 0.799001 1.27928 
0.866632 1.37139 0.894943 0.562212 0.633226 0.117308 0.681374 1.11144 
0.608847 1.06767 0.564764 0.868602 0.814893 0.274424 0.63329 1.23233 
0.646099 0.706467 0.656837 1.19583 0.928363 0.316056 0.864631 1.20735 
0.869991 0.361585 0.63488 1.20043 0.766148 0.303115 0.827184 1.20228 
0.712895 0.317204 0.41184 0.904759 0.482598 0.385248 0.560408 1.11846 
0.539653 0.224046 0.274872 0.6759 0.435117 0.345219 0.492207 0.911703 
0.396531 0.207656 0.203792 0.449431 0.348069 0.271633 0.424444 0.871472 
0.300634 0.150483 0.155575 0.326227 0.443198 0.270142 0.475746 0.934361 
0.374291 0.124686 0.123908 0.229104 0.399277 0.239052 0.545051 0.988822 
0.376558 0.102377 0.115546 0.210444 0.532917 0.334002 0.455239 0.922156 
0.43422 0.0956649 0.105488 0.128747 0.742202 0.382456 0.426027 0.714345 
0.220417 0.103937 0.0769452 0.426478 0.997703 0.809416 0.545109 0.579887 
0.138626 0.10256 0.0912013 0.410318 0.939801 0.733421 0.926127 0.750188 
0.121707 0.0927579 0.11186 0.253811 0.800968 0.931208 1.28487 0.764018 
0.410134 0.075873 0.113067 0.235165 0.663541 0.846169 1.30874 0.733975 
0.328699 0.0997547 0.133132 0.318724 0.607889 0.649391 1.12294 0.671734 
0.217266 0.105369 0.116172 0.454083 0.746951 0.591586 1.08167 0.799204 
0.224093 0.0897313 0.468861 0.658593 1.10833 0.647692 1.22733 0.849915 
0.519601 0.088147 0.543605 0.951433 1.38826 0.867247 1.11818 0.837984 
0.351811 0.625369 0.393918 0.91104 1.4414 0.936919 0.623976 0.923363 
0.249689 0.809461 0.554064 0.693566 1.23456 0.814525 0.356257 0.771387 
0.163878 0.782837 0.461661 0.46425 0.899307 0.635672 0.356255 0.516548 
0.134395 0.681254 0.311671 0.344249 0.721314 0.579402 0.298971 0.36622 
0.16208 0.415761 0.262056 0.252914 0.500205 0.347454 0.286971 0.263942 
0.128196 0.408396 0.228799 0.178488 0.480603 0.186908 0.228925 0.206753 
0.131844 0.284378 0.252114 0.141859 0.345682 0.13512 0.166348 0.211172 
0.110249 0.127454 0.477071 0.102313 0.209028 0.144927 0.114506 0.313032 
0.0578231 0.448429 0.696631 0.0857544 0.201213 0.110172 0.0858324 0.616736 
0.0803501 0.38817 0.66097 0.0873244 0.245189 0.470781 0.0611831 0.618481 
0.121207 0.165743 0.378385 0.114012 0.258811 0.409926 0.110579 0.320232 
0.125055 0.135566 0.246108 0.104356 0.259272 0.154087 0.134126 0.157642 
0.112881 0.10463 0.144008 0.0948368 0.585372 0.0953282 0.128033 0.125888 
0.112106 0.118305 0.110541 0.101887 0.487076 0.0968012 0.136233 0.128027 
0.122466 0.0986683 0.107152 0.0907385 0.493266 0.0931796 0.15886 0.123767 
0.156503 0.12367 0.112505 0.103781 0.285517 0.0766207 0.561261 0.0968597 
0.416749 0.0797682 0.119801 0.100931 0.121915 0.0978673 0.676625 0.0880941 
0.714608 0.140369 0.207928 0.0932107 0.104918 0.0948952 0.460394 0.142828 
0.600865 0.111853 0.333689 0.0789043 0.0941393 0.123626 0.425667 0.349977 
0.365987 0.631128 0.636665 0.0678929 0.0862672 0.0623831 0.611557 0.761079 
0.19335 0.777453 0.638384 0.0785836 0.0603113 0.41156 0.908524 0.813905 
0.651697 1.00476 0.661073 0.0844388 0.0975131 0.153496 0.774228 0.975685 
0.70357 1.06027 0.551755 0.0950148 0.0927708 0.0924324 0.608468 0.833339 
0.776428 0.785483 0.200954 0.387521 0.0761602 0.113328 0.360742 0.701403 
0.691536 0.586482 0.200083 0.371455 0.0898953 0.10271 0.223853 0.709113 
0.901323 0.301893 0.164737 0.161353 0.108063 0.105852 0.1721 0.799192 
0.75211 0.162843 0.475582 0.100622 0.10708 0.0834931 0.297969 0.857241 
0.753589 0.131633 0.349867 0.1041 0.0986395 0.0759285 0.54368 1.01484 
0.750809 0.102059 0.569487 0.0960874 0.111694 0.0873043 0.519547 1.00825 
0.770865 0.122884 0.468511 0.110242 0.100634 0.0997999 0.379178 0.887364 
0.740676 0.145825 0.579759 0.112143 0.277268 0.0730683 0.464579 0.885323 
0.764523 0.124394 0.700749 0.140677 0.201524 0.0955236 0.366932 0.905415 
0.891676 0.347663 0.86493 0.450119 0.102 0.101736 0.347519 0.898052 
0.886964 0.347953 0.948198 0.511659 0.113833 0.11188 0.228794 0.65943 
0.608103 0.384482 1.00366 0.681268 0.130893 0.0981425 0.422972 0.517805 
0.320928 0.376697 0.953155 0.751944 0.152052 0.131214 0.375205 0.680077 
0.339564 0.170115 0.769969 0.925813 0.30989 0.11091 0.588956 0.852801 
0.26968 0.227911 0.545601 0.888118 0.40985 0.23517 0.582447 0.856259 
0.305712 0.137571 0.412424 0.693317 0.737239 0.298898 0.558164 0.916158 
0.273728 0.546223 0.320863 0.881995 1.15086 0.651724 0.623181 0.88572 
0.452367 0.380191 0.478535 1.01548 1.4741 1.0131 0.554749 1.03523 
0.28652 0.719722 0.425891 1.04524 1.60896 1.17002 0.616479 0.791062 
0.213763 0.642354 0.35522 0.926076 1.41072 1.3329 0.812606 0.575341 
0.134727 0.482692 0.358961 0.85011 1.20498 1.323 1.09189 0.572148 
0.111698 0.663879 0.373637 0.779258 1.0156 0.929561 1.03727 0.419191 
0.12612 0.717257 0.617328 0.718542 1.29404 0.792388 0.847281 0.294101 
0.138914 0.767233 0.891838 0.546551 1.16569 0.942606 0.633932 0.33646 
0.127501 0.727355 1.23009 0.685345 1.02938 1.09219 0.701418 0.264678 
0.600343 0.615128 1.11667 0.659561 0.753629 1.00187 0.901605 0.294831 
0.818595 0.460148 0.881065 0.89233 0.456842 1.05128 0.799151 0.221909 
0.701414 0.410535 0.736274 1.19459 0.705657 1.14912 0.578156 0.159071 
0.373056 0.788321 0.4827 0.988409 0.642149 0.962768 0.333909 0.186648 
0.182357 0.636867 0.402391 0.778021 1.06692 0.825401 0.24333 0.166294 
0.136558 0.336195 0.397429 0.631025 1.21691 0.698409 0.151899 0.137111 
0.127601 0.157969 0.694396 0.448683 1.03092 0.516555 0.134315 0.11356 
0.108866 0.106787 0.577942 0.359773 0.964667 0.397506 0.115778 0.109593 
0.105775 0.116368 0.313737 0.295124 0.850596 0.256603 0.121329 0.107714 
0.101771 0.106039 0.1948 0.174285 0.711314 0.133825 0.114675 0.106864 
0.102811 0.108897 0.132616 0.134333 0.436029 0.123298 0.139912 0.110647 
0.0972599 0.102644 0.117409 0.122257 0.198555 0.106955 0.125032 0.106032 
0.111363 0.108441 0.109234 0.102455 0.13588 0.0722426 0.524658 0.0735323 
0.103479 0.123137 0.108717 0.0960702 0.10431 0.0920834 0.395181 0.102121 
0.11296 0.293734 0.0856786 0.0961853 0.0993264 0.100474 0.139932 0.109865 
0.0897018 0.574954 0.091099 0.0956254 0.0901806 0.094446 0.0934113 0.253485 
0.511182 0.513948 0.114441 0.0952847 0.0995902 0.0829848 0.0895923 0.110138 
0.667003 0.150341 0.270694 0.0822731 0.0941232 0.080934 0.0925352 0.0806445 
0.619874 0.0808573 0.566998 0.0940873 0.117416 0.0822065 0.0831601 0.0949574 
0.674083 0.0866623 0.664336 0.0787275 0.117437 0.0786227 0.0887873 0.0806696 
0.675491 0.0851462 0.664305 0.0516622 0.517675 0.0550516 0.0892058 0.0976578 
0.566352 0.10599 0.535929 0.0758017 0.536329 0.0701997 0.0900619 0.0955156 
0.159829 0.446109 0.190135 0.13129 0.232253 0.0952959 0.0543597 0.520989 
0.0858927 0.666511 0.0949065 0.114623 0.108527 0.0958822 0.0843697 0.471793 
0.104812 0.633534 0.0877547 0.0958121 0.0967938 0.087131 0.0905356 0.210285 
0.101407 0.442581 0.0954348 0.0911271 0.09389 0.0896659 0.107369 0.122995 
0.120712 0.1744 0.103659 0.0886939 0.093027 0.0853387 0.0870459 0.110001 
0.0999887 0.108347 0.096289 0.0884306 0.0906153 0.0914735 0.12712 0.110108 
0.13334 0.0977448 0.0878371 0.0857056 0.0876024 0.0793262 0.100459 0.133389 
0.130216 0.0838449 0.0861998 0.0803045 0.089261 0.0701495 0.495662 0.098414 
0.535045 0.075161 0.0790559 0.0831197 0.080988 0.0925677 0.145479 0.568026 
0.673195 0.0684586 0.0818318 0.0807426 0.0875729 0.0847401 0.0799738 0.671015 
0.505753 0.0816239 0.0833618 0.0850317 0.0865791 0.0838173 0.102726 0.410263 
0.252531 0.0956067 0.08636 0.0857432 0.0935163 0.0860558 0.0964101 0.31645 
0.124877 0.0916204 0.0870614 0.0940473 0.0917696 0.0866362 0.0980445 0.278868 
0.0768412 0.0886053 0.0847448 0.0950686 0.114944 0.0916305 0.0708143 0.569546 
0.0761723 0.0795909 0.0864554 0.117383 0.125044 0.0834221 0.0760872 0.635128 
0.0756048 0.0763629 0.0858911 0.0752313 0.54009 0.0546911 0.0688936 0.679837 
0.0688454 0.0789528 0.0544543 0.521874 0.631615 0.0661737 0.0662976 0.682041 
0.0805966 0.0801015 0.0695638 0.611056 0.484732 0.0785939 0.074502 0.498572 
0.0924218 0.0813199 0.0854693 0.42423 0.227799 0.0951465 0.0933604 0.195874 
0.0912261 0.0843251 0.100938 0.184247 0.134921 0.0927115 0.0882484 0.110255 
0.0830732 0.0833762 0.0899569 0.113158 0.143005 0.0928589 0.0828907 0.096587 
0.0825053 0.0821445 0.0871329 0.0986166 0.137263 0.0856207 0.0770713 0.0885269 
0.078986 0.0753071 0.0811094 0.0597686 0.528398 0.0593752 0.0760807 0.0825836 
0.0802023 0.0762539 0.0819365 0.0678951 0.667587 0.0622806 0.0728982 0.0816098 
0.0721148 0.0700574 0.0733758 0.0646584 0.61619 0.0617494 0.0691619 0.0759498 
0.0769754 0.0773928 0.0802326 0.0893369 0.329137 0.0819364 0.0722953 0.082367 
