0 0 0 0 0 0 0 0 
0.0174551 0.0174551 0.0174551 0.0174551 0.0174551 0.0174551 0.0174551 0.0174551 
0.0349101 0.0349101 0.0349101 0.0349101 0.0349101 0.0349101 0.0349101 0.0349101 
0.0523652 0.0523652 0.0523652 0.0523652 0.0523652 0.0523652 0.0523652 0.0523652 
0.0698203 0.0698203 0.0698203 0.0698203 0.0698203 0.0698203 0.0698203 0.0698203 
0.0872753 0.0872753 0.0872753 0.0872753 0.0872753 0.0872753 0.0872753 0.0872753 
0.10473 0.10473 0.10473 0.10473 0.10473 0.10473 0.10473 0.10473 
0.122185 0.122185 0.122185 0.122185 0.122185 0.122185 0.122185 0.122185 
0.139641 0.139641 0.139641 0.139641 0.139641 0.139641 0.139641 0.139641 
0.157096 0.157096 0.157096 0.157096 0.157096 0.157096 0.157096 0.157096 
0.174551 0.174551 0.174551 0.174551 0.174551 0.174551 0.174551 0.174551 
0.192006 0.192006 0.192006 0.192006 0.192006 0.192006 0.192006 0.192006 
0.209461 0.209461 0.209461 0.209461 0.209461 0.209461 0.209461 0.209461 
0.226916 0.226916 0.226916 0.226916 0.226916 0.226916 0.226916 0.226916 
0.244371 0.244371 0.244371 0.244371 0.244371 0.244371 0.244371 0.244371 
0.261826 0.261826 0.261826 0.261826 0.261826 0.261826 0.261826 0.261826 
0.279281 0.279281 0.279281 0.279281 0.279281 0.279281 0.279281 0.279281 
0.296736 0.296736 0.296736 0.296736 0.296736 0.296736 0.296736 0.296736 
0.314191 0.314191 0.314191 0.314191 0.314191 0.314191 0.314191 0.314191 
0.331646 0.331646 0.331646 0.331646 0.331646 0.331646 0.331646 0.331646 
0.349101 0.349101 0.349101 0.349101 0.349101 0.349101 0.349101 0.349101 
0.366556 0.366556 0.366556 0.366556 0.366556 0.366556 0.366556 0.366556 
0.384011 0.384011 0.384011 0.384011 0.384011 0.384011 0.384011 0.384011 
0.401466 0.401466 0.401466 0.401466 0.401466 0.401466 0.401466 0.401466 
0.418922 0.418922 0.418922 0.418922 0.418922 0.418922 0.418922 0.418922 
0.436377 0.436377 0.436377 0.436377 0.436377 0.436377 0.436377 0.436377 
0.453832 0.453832 0.453832 0.453832 0.453832 0.453832 0.453832 0.453832 
0.471287 0.471287 0.471287 0.471287 0.471287 0.471287 0.471287 0.471287 
0.491761 0.505531 0.501454 0.503755 0.504765 0.507205 0.492917 0.469935 
0.509606 0.509742 0.511562 0.511205 0.513447 0.510939 0.511559 0.510086 
0.531407 0.5429 0.541408 0.542707 0.545441 0.544531 0.53277 0.511738 
0.550103 0.550131 0.553498 0.551646 0.555376 0.5508 0.552343 0.550224 
0.573085 0.583467 0.583693 0.582645 0.586139 0.583443 0.573409 0.554595 
0.592262 0.592294 0.596627 0.592732 0.596759 0.591641 0.594138 0.593081 
0.61588 0.625382 0.626409 0.623652 0.626865 0.62434 0.615503 0.599534 
0.634881 0.634835 0.639171 0.634499 0.638052 0.634254 0.637372 0.638186 
0.658878 0.667906 0.668565 0.665554 0.667896 0.667212 0.658872 0.645843 
0.677782 0.67818 0.681363 0.677189 0.679707 0.678299 0.681605 0.68448 
0.702537 0.711908 0.710983 0.708759 0.709674 0.711354 0.703142 0.692891 
0.721757 0.723262 0.724258 0.721347 0.722324 0.723258 0.726739 0.73161 
0.747644 0.757898 0.754613 0.753724 0.752859 0.756497 0.748456 0.74071 
0.767426 0.770196 0.768656 0.767366 0.766655 0.769252 0.7731 0.779721 
0.794615 0.805694 0.800087 0.80073 0.798177 0.802999 0.795212 0.789515 
0.815036 0.818736 0.815102 0.81547 0.813363 0.81682 0.821104 0.829018 
0.8436 0.855114 0.847865 0.849926 0.846127 0.851406 0.843792 0.839548 
0.864685 0.868861 0.863963 0.865735 0.862753 0.866443 0.871067 0.879695 
0.894681 0.906252 0.898167 0.901263 0.896776 0.90202 0.89441 0.890979 
0.91643 0.920724 0.915283 0.917989 0.914673 0.918232 0.923081 0.931892 
0.947869 0.959211 0.950857 0.954452 0.949788 0.95474 0.947033 0.943949 
0.970218 0.974349 0.968772 0.971907 0.96868 0.971931 0.97703 0.985704 
1.00306 1.01395 1.00557 1.0092 1.00471 1.00925 1.00152 0.998518 
1.02592 1.02967 1.02414 1.0273 1.02443 1.02729 1.03281 1.04121 
1.06016 1.07045 1.06216 1.06553 1.06138 1.06547 1.05782 1.05485 
1.08354 1.0868 1.08143 1.08446 1.08202 1.08449 1.09055 1.09871 
1.11938 1.12902 1.12092 1.12396 1.12017 1.12388 1.1163 1.11338 
1.14354 1.14625 1.14115 1.14405 1.14204 1.14423 1.15081 1.15875 
1.18137 1.19038 1.18251 1.18528 1.1818 1.1853 1.17764 1.17477 
1.20664 1.2089 1.20403 1.20695 1.20525 1.20737 1.21429 1.22207 
1.24688 1.25543 1.24767 1.25033 1.247 1.25053 1.24251 1.23976 
1.27358 1.27557 1.27076 1.2739 1.27231 1.27461 1.28165 1.28937 
1.31662 1.32497 1.31705 1.31982 1.3164 1.3202 1.31153 1.309 
1.34501 1.34698 1.34196 1.34555 1.34383 1.34652 1.35348 1.36131 
1.39125 1.39966 1.39127 1.39436 1.39062 1.39488 1.38533 1.38313 
1.42164 1.4238 1.41827 1.42255 1.42049 1.42376 1.4305 1.43857 
1.47155 1.48021 1.47103 1.47465 1.47042 1.47534 1.46469 1.46291 
1.50433 1.50675 1.50046 1.50561 1.50313 1.50718 1.51361 1.52197 
1.55856 1.56745 1.55726 1.56146 1.5568 1.56255 1.5506 1.54922 
1.59423 1.59674 1.5896 1.5956 1.59289 1.59784 1.60393 1.61251 
1.65356 1.66244 1.65122 1.65585 1.65103 1.6577 1.64431 1.64316 
1.69279 1.69502 1.6871 1.69377 1.69119 1.69707 1.7029 1.71151 
1.75828 1.76676 1.75461 1.75937 1.7548 1.76236 1.74749 1.74631 
1.80201 1.80351 1.79505 1.80204 1.80006 1.80675 1.81254 1.82091 
1.87515 1.88284 1.87004 1.87446 1.87064 1.87885 1.8626 1.86103 
1.92476 1.92518 1.9165 1.92342 1.92253 1.92972 1.93589 1.94373 
2.00772 2.01443 2.00124 2.00487 2.00221 2.01069 1.99326 1.99098 
2.06529 2.06443 2.05582 2.06235 2.06292 2.07024 2.07732 2.08443 
2.16112 2.16684 2.15335 2.15592 2.15467 2.16307 2.14458 2.14136 
2.22956 2.22736 2.21884 2.2249 2.22718 2.23443 2.24288 2.24916 
2.34242 2.34733 2.33325 2.33471 2.33498 2.34324 2.32344 2.31916 
2.42566 2.42216 2.41327 2.41904 2.42328 2.43065 2.44055 2.44614 
2.56124 2.56567 2.55 2.55067 2.5525 2.56108 2.53901 2.53373 
2.66493 2.66014 2.64962 2.65554 2.66221 2.67049 2.68141 2.68657 
2.83158 2.83611 2.81681 2.81751 2.82088 2.83094 2.80461 2.79851 
2.96524 2.95891 2.94475 2.95106 2.96141 2.9719 2.98269 2.98778 
3.17713 3.18266 3.15697 3.15918 3.16366 3.17719 3.14348 3.13701 
3.3631 3.35297 3.33636 3.33806 3.35724 3.36934 3.37884 3.38323 
3.65214 3.65248 3.63501 3.62953 3.63726 3.65067 3.61834 3.60796 
4.00908 4.00868 3.97692 3.90744 4.00415 3.98957 4.00831 4.02082 
4.59199 4.58221 4.57323 4.54632 4.59111 4.59613 4.59273 4.61305 
5.15048 4.93168 5.1095 5.09511 5.07506 5.12614 5.22751 5.19703 
5.17197 5.35026 5.67067 5.5947 5.43783 5.16083 4.89229 4.78263 
4.66635 5.06005 5.47446 5.58389 5.4644 4.98359 4.75964 4.50515 
4.34277 4.73499 5.101 5.39587 5.20359 4.73691 4.3478 4.06238 
3.96753 4.22252 4.59744 4.84368 4.82587 4.38458 4.00023 3.64086 
3.41898 3.78907 4.09108 4.32867 4.43909 4.37645 3.93791 3.35646 
2.93986 3.32368 3.57106 3.79282 3.88389 3.95368 3.87515 3.29014 
2.68757 3.01069 3.08838 3.21758 3.50297 3.38269 3.64296 3.15414 
2.35712 2.62218 2.48394 2.72125 3.1325 2.99026 3.35838 2.83077 
2.11659 2.03397 2.18676 2.41577 2.70492 3.14814 3.07158 2.61938 
1.85198 1.60135 1.98055 2.26585 2.53713 2.99307 2.68414 2.38979 
1.51992 1.40757 1.72376 2.13447 2.11031 2.56519 2.1245 2.03313 
1.38783 1.32254 1.35178 1.8444 1.91819 2.16765 1.75988 1.87063 
1.20794 1.03727 1.09407 1.56325 2.1015 1.92878 1.50006 1.60008 
1.04444 0.8208 0.997767 1.60669 2.13317 2.05193 1.49102 1.31922 
0.852441 0.673345 0.859494 1.38444 1.8704 1.78585 1.33367 1.15787 
0.728211 0.556574 0.809898 1.20653 1.45882 1.34698 1.23221 0.858058 
0.549993 0.476209 0.722072 1.06495 1.28125 1.17321 1.12208 0.790999 
0.454889 0.407799 0.734475 1.02084 1.21093 0.865285 1.20635 0.740102 
0.322519 0.381348 0.559311 1.03652 1.19501 0.857776 1.43754 0.886844 
0.249328 0.488371 0.510576 0.809337 0.850535 0.709191 1.26828 0.849698 
0.235495 0.430001 0.642451 1.05444 0.659014 0.49162 0.965316 0.622453 
0.215438 0.316126 0.579382 0.97546 0.477799 0.346192 0.695402 0.537057 
0.187543 0.325891 0.646596 0.721697 0.443607 0.249834 0.450452 0.416693 
0.150955 0.281385 0.823489 0.725779 0.270049 0.178898 0.297963 0.364065 
0.103354 0.566559 1.05703 0.990288 0.428701 0.123848 0.165917 0.265858 
0.128399 0.422515 0.846594 0.872713 0.278375 0.122871 0.13809 0.200858 
0.121922 0.407657 0.785869 0.941531 0.390801 0.103477 0.121658 0.161794 
0.150579 0.238534 0.724579 0.888372 0.338521 0.10855 0.130512 0.180695 
0.126326 0.211288 0.499238 0.769294 0.178059 0.124413 0.116032 0.291052 
0.106705 0.379507 0.285555 0.546592 0.160808 0.148264 0.128259 0.438637 
0.116304 0.631081 0.126477 0.380137 0.157822 0.110573 0.34498 0.18809 
0.12703 0.637027 0.167511 0.212231 0.224981 0.10584 0.610622 0.322271 
0.426573 0.303715 0.267772 0.136751 0.508991 0.0818457 0.688309 0.106728 
0.671004 0.128276 0.496885 0.117173 0.659384 0.0875935 0.695876 0.117603 
0.543115 0.247917 0.739828 0.395992 0.475229 0.101003 0.645642 0.13552 
0.262102 0.613753 0.595126 0.769674 0.287643 0.132502 0.382113 0.296999 
0.268204 0.84294 0.580976 1.05289 0.492388 0.0979141 0.172312 0.415572 
0.631462 0.607976 0.66351 0.997254 0.505874 0.109342 0.142381 0.677281 
0.955624 0.4996 0.549985 0.928038 0.414936 0.102351 0.132376 0.744864 
0.894535 0.509022 0.625785 1.09459 0.632769 0.0739851 0.492371 0.991228 
0.785048 0.876804 0.447156 0.998729 0.488694 0.102743 0.516801 1.04107 
1.09797 0.704462 0.565699 0.980399 0.382839 0.302395 0.562212 1.08162 
1.18324 0.621993 0.694767 0.866497 0.280873 0.31013 0.772675 1.27131 
1.28329 0.852945 1.08956 0.705834 0.30453 0.286399 0.842944 1.40731 
0.972951 1.34489 1.05377 0.656516 0.348183 0.217439 0.799001 1.27928 
0.866632 1.37139 0.894943 0.562212 0.633226 0.117308 0.681374 1.11144 
0.608847 1.06767 0.564764 0.868602 0.814893 0.274424 0.63329 1.23233 
0.646099 0.706467 0.656837 1.19583 0.928363 0.316056 0.864631 1.20735 
0.869991 0.361585 0.63488 1.20043 0.766148 0.303115 0.827184 1.20228 
0.712895 0.317204 0.41184 0.904759 0.482598 0.385248 0.560408 1.11846 
0.539653 0.224046 0.274872 0.6759 0.435117 0.345219 0.492207 0.911703 
0.396531 0.207656 0.203792 0.449431 0.348069 0.271633 0.424444 0.871472 
0.300634 0.150483 0.155575 0.326227 0.443198 0.270142 0.475746 0.934361 
0.374291 0.124686 0.123908 0.229104 0.399277 0.239052 0.545051 0.988822 
0.376558 0.102377 0.115546 0.210444 0.532917 0.334002 0.455239 0.922156 
0.43422 0.0956649 0.105488 0.128747 0.742202 0.382456 0.426027 0.714345 
0.220417 0.103937 0.0769452 0.426478 0.997703 0.809416 0.545109 0.579887 
0.138626 0.10256 0.0912013 0.410318 0.939801 0.733421 0.926127 0.750188 
0.121707 0.0927579 0.11186 0.253811 0.800968 0.931208 1.28487 0.764018 
0.410134 0.075873 0.113067 0.235165 0.663541 0.846169 1.30874 0.733975 
0.328699 0.0997547 0.133132 0.318724 0.607889 0.649391 1.12294 0.671734 
0.217266 0.105369 0.116172 0.454083 0.746951 0.591586 1.08167 0.799204 
0.224093 0.0897313 0.468861 0.658593 1.10833 0.647692 1.22733 0.849915 
0.519601 0.088147 0.543605 0.951433 1.38826 0.867247 1.11818 0.837984 
0.351811 0.625369 0.393918 0.91104 1.4414 0.936919 0.623976 0.923363 
0.249689 0.809461 0.554064 0.693566 1.23456 0.814525 0.356257 0.771387 
0.163878 0.782837 0.461661 0.46425 0.899307 0.635672 0.356255 0.516548 
0.134395 0.681254 0.311671 0.344249 0.721314 0.579402 0.298971 0.36622 
0.16208 0.415761 0.262056 0.252914 0.500205 0.347454 0.286971 0.263942 
0.128196 0.408396 0.228799 0.178488 0.480603 0.186908 0.228925 0.206753 
0.131844 0.284378 0.252114 0.141859 0.345682 0.13512 0.166348 0.211172 
0.110249 0.127454 0.477071 0.102313 0.209028 0.144927 0.114506 0.313032 
0.0578231 0.448429 0.696631 0.0857544 0.201213 0.110172 0.0858324 0.616736 
0.0803501 0.38817 0.66097 0.0873244 0.245189 0.470781 0.0611831 0.618481 
0.121207 0.165743 0.378385 0.114012 0.258811 0.409926 0.110579 0.320232 
0.125055 0.135566 0.246108 0.104356 0.259272 0.154087 0.134126 0.157642 
0.112881 0.10463 0.144008 0.0948368 0.585372 0.0953282 0.128033 0.125888 
0.112106 0.118305 0.110541 0.101887 0.487076 0.0968012 0.136233 0.128027 
0.122466 0.0986683 0.107152 0.0907385 0.493266 0.0931796 0.15886 0.123767 
0.156503 0.12367 0.112505 0.103781 0.285517 0.0766207 0.561261 0.0968597 
0.416749 0.0797682 0.119801 0.100931 0.121915 0.0978673 0.676625 0.0880941 
0.714608 0.140369 0.207928 0.0932107 0.104918 0.0948952 0.460394 0.142828 
0.600865 0.111853 0.333689 0.0789043 0.0941393 0.123626 0.425667 0.349977 
0.365987 0.631128 0.636665 0.0678929 0.0862672 0.0623831 0.611557 0.761079 
0.19335 0.777453 0.638384 0.0785836 0.0603113 0.41156 0.908524 0.813905 
0.651697 1.00476 0.661073 0.0844388 0.0975131 0.153496 0.774228 0.975685 
0.70357 1.06027 0.551755 0.0950148 0.0927708 0.0924324 0.608468 0.833339 
0.776428 0.785483 0.200954 0.387521 0.0761602 0.113328 0.360742 0.701403 
0.691536 0.586482 0.200083 0.371455 0.0898953 0.10271 0.223853 0.709113 
0.901323 0.301893 0.164737 0.161353 0.108063 0.105852 0.1721 0.799192 
0.75211 0.162843 0.475582 0.100622 0.10708 0.0834931 0.297969 0.857241 
0.753589 0.131633 0.349867 0.1041 0.0986395 0.0759285 0.54368 1.01484 
0.750809 0.102059 0.569487 0.0960874 0.111694 0.0873043 0.519547 1.00825 
0.770865 0.122884 0.468511 0.110242 0.100634 0.0997999 0.379178 0.887364 
0.740676 0.145825 0.579759 0.112143 0.277268 0.0730683 0.464579 0.885323 
0.764523 0.124394 0.700749 0.140677 0.201524 0.0955236 0.366932 0.905415 
0.891676 0.347663 0.86493 0.450119 0.102 0.101736 0.347519 0.898052 
0.886964 0.347953 0.948198 0.511659 0.113833 0.11188 0.228794 0.65943 
0.608103 0.384482 1.00366 0.681268 0.130893 0.0981425 0.422972 0.517805 
0.320928 0.376697 0.953155 0.751944 0.152052 0.131214 0.375205 0.680077 
0.339564 0.170115 0.769969 0.925813 0.30989 0.11091 0.588956 0.852801 
0.26968 0.227911 0.545601 0.888118 0.40985 0.23517 0.582447 0.856259 
0.305712 0.137571 0.412424 0.693317 0.737239 0.298898 0.558164 0.916158 
0.273728 0.546223 0.320863 0.881995 1.15086 0.651724 0.623181 0.88572 
0.452367 0.380191 0.478535 1.01548 1.4741 1.0131 0.554749 1.03523 
0.28652 0.719722 0.425891 1.04524 1.60896 1.17002 0.616479 0.791062 
0.213763 0.642354 0.35522 0.926076 1.41072 1.3329 0.812606 0.575341 
0.134727 0.482692 0.358961 0.85011 1.20498 1.323 1.09189 0.572148 
0.111698 0.663879 0.373637 0.779258 1.0156 0.929561 1.03727 0.419191 
0.126109 0.717257 0.617328 0.718542 1.29404 0.792388 0.847281 0.294103 
0.138911 0.767233 0.891838 0.546551 1.16569 0.942606 0.633932 0.336462 
0.127492 0.727355 1.23009 0.685345 1.02938 1.09219 0.701418 0.26468 
0.600361 0.615128 1.11667 0.659561 0.753629 1.00187 0.901605 0.294831 
0.818595 0.460148 0.881065 0.89233 0.456842 1.05128 0.799151 0.221909 
0.701414 0.410535 0.736274 1.19459 0.705657 1.14912 0.578156 0.159071 
0.373056 0.788321 0.4827 0.988409 0.642149 0.962768 0.333909 0.186648 
0.182357 0.636867 0.402391 0.778021 1.06692 0.825401 0.24333 0.166294 
0.136558 0.336195 0.397429 0.631025 1.21691 0.698409 0.151899 0.137111 
0.127601 0.157969 0.694396 0.448683 1.03092 0.516555 0.134315 0.11356 
0.108866 0.106787 0.577942 0.359773 0.964667 0.397506 0.115778 0.109593 
0.105775 0.116368 0.313737 0.295124 0.850596 0.256603 0.121329 0.107714 
0.101771 0.106039 0.1948 0.174285 0.711314 0.133825 0.114675 0.106864 
0.102811 0.108897 0.132616 0.134333 0.436029 0.123298 0.139912 0.110647 
0.0972599 0.102644 0.117409 0.122257 0.198555 0.106955 0.125032 0.106032 
0.111363 0.108441 0.109234 0.102455 0.13588 0.0722426 0.524658 0.0735323 
0.103479 0.123137 0.108717 0.0960702 0.10431 0.0920834 0.395181 0.102121 
0.11296 0.293734 0.0856786 0.0961853 0.0993264 0.100474 0.139932 0.109865 
0.0897018 0.574954 0.091099 0.0956254 0.0901806 0.094446 0.0934113 0.253485 
0.511182 0.513948 0.114441 0.0952847 0.0995902 0.0829848 0.0895923 0.110138 
0.667003 0.150341 0.270694 0.0822731 0.0941232 0.080934 0.0925352 0.0806445 
0.619874 0.0808573 0.566998 0.0940873 0.117416 0.0822065 0.0831601 0.0949574 
0.674083 0.0866623 0.664336 0.0787275 0.117437 0.0786227 0.0887873 0.0806696 
0.675491 0.0851462 0.664305 0.0516622 0.517675 0.0550516 0.0892058 0.0976578 
0.566352 0.10599 0.535929 0.0758017 0.536329 0.0701997 0.0900619 0.0955156 
0.158929 0.446109 0.190135 0.13129 0.232253 0.0952959 0.0543597 0.521047 
0.0854085 0.666511 0.0949065 0.114623 0.108527 0.0958822 0.0843697 0.472152 
0.104524 0.633534 0.0877547 0.0958121 0.0967938 0.087131 0.0905356 0.210508 
0.101217 0.44278 0.0954348 0.0911271 0.09389 0.0896659 0.107369 0.122995 
0.120473 0.174452 0.103659 0.0886939 0.093027 0.0853387 0.0870459 0.110001 
0.0997996 0.108347 0.096289 0.0884306 0.0906153 0.0914735 0.12712 0.110108 
0.13308 0.097745 0.0878371 0.0857056 0.0876024 0.0793262 0.100459 0.133389 
0.129374 0.0838472 0.0861998 0.0803045 0.089261 0.0701495 0.495693 0.0984095 
0.536501 0.0748688 0.079056 0.0831197 0.080988 0.0925677 0.145479 0.568219 
0.673195 0.06846 0.0818318 0.0807426 0.0875729 0.0847401 0.0799738 0.671015 
0.505858 0.0816251 0.0833618 0.0850317 0.0865791 0.0838173 0.102726 0.410263 
0.252652 0.0956075 0.08636 0.0857432 0.0935163 0.0860558 0.0964101 0.31645 
0.124877 0.0916211 0.0870614 0.0940473 0.0917696 0.0866362 0.0980445 0.278868 
0.0768412 0.0886063 0.0847448 0.0950686 0.114944 0.0916305 0.0708143 0.569546 
0.0761723 0.0795921 0.0864554 0.117383 0.125044 0.0834221 0.0760872 0.635128 
0.0756048 0.0763645 0.0858912 0.0752312 0.540091 0.0546911 0.0688936 0.679837 
0.0688453 0.0789555 0.0544544 0.521877 0.631615 0.0661737 0.0662976 0.682041 
0.0805758 0.0801037 0.0695638 0.611056 0.484732 0.0785939 0.074502 0.498612 
0.0923848 0.0813214 0.0854694 0.424263 0.227799 0.0951465 0.0933604 0.1959 
0.0911927 0.0843262 0.100938 0.184252 0.134921 0.0927115 0.0882484 0.110255 
0.0830215 0.0833772 0.0899571 0.113158 0.143005 0.0928589 0.0828907 0.096587 
0.0824651 0.0821454 0.0871332 0.0986166 0.137263 0.0856207 0.0770713 0.0885269 
0.0789226 0.075308 0.0811099 0.0597686 0.528398 0.0593752 0.0760807 0.0825836 
0.080154 0.0762548 0.0819371 0.0678951 0.667587 0.0622806 0.0728982 0.0816098 
0.0720451 0.0700582 0.0733763 0.0646584 0.616193 0.0617494 0.0691619 0.0759498 
0.0769254 0.0773936 0.080233 0.0893369 0.329137 0.0819364 0.0722953 0.082367 
