0 0 0 0 0 0 0 0 
0.0174551 0.0174551 0.0174551 0.0174551 0.0174551 0.0174551 0.0174551 0.0174551 
0.0349101 0.0349101 0.0349101 0.0349101 0.0349101 0.0349101 0.0349101 0.0349101 
0.0523652 0.0523652 0.0523652 0.0523652 0.0523652 0.0523652 0.0523652 0.0523652 
0.0698203 0.0698203 0.0698203 0.0698203 0.0698203 0.0698203 0.0698203 0.0698203 
0.0872753 0.0872753 0.0872753 0.0872753 0.0872753 0.0872753 0.0872753 0.0872753 
0.10473 0.10473 0.10473 0.10473 0.10473 0.10473 0.10473 0.10473 
0.122185 0.122185 0.122185 0.122185 0.122185 0.122185 0.122185 0.122185 
0.139641 0.139641 0.139641 0.139641 0.139641 0.139641 0.139641 0.139641 
0.157096 0.157096 0.157096 0.157096 0.157096 0.157096 0.157096 0.157096 
0.174551 0.174551 0.174551 0.174551 0.174551 0.174551 0.174551 0.174551 
0.192006 0.192006 0.192006 0.192006 0.192006 0.192006 0.192006 0.192006 
0.209461 0.209461 0.209461 0.209461 0.209461 0.209461 0.209461 0.209461 
0.226916 0.226916 0.226916 0.226916 0.226916 0.226916 0.226916 0.226916 
0.244371 0.244371 0.244371 0.244371 0.244371 0.244371 0.244371 0.244371 
0.261826 0.261826 0.261826 0.261826 0.261826 0.261826 0.261826 0.261826 
0.279281 0.279281 0.279281 0.279281 0.279281 0.279281 0.279281 0.279281 
0.296736 0.296736 0.296736 0.296736 0.296736 0.296736 0.296736 0.296736 
0.314191 0.314191 0.314191 0.314191 0.314191 0.314191 0.314191 0.314191 
0.331646 0.331646 0.331646 0.331646 0.331646 0.331646 0.331646 0.331646 
0.349101 0.349101 0.349101 0.349101 0.349101 0.349101 0.349101 0.349101 
0.366556 0.366556 0.366556 0.366556 0.366556 0.366556 0.366556 0.366556 
0.384011 0.384011 0.384011 0.384011 0.384011 0.384011 0.384011 0.384011 
0.401466 0.401466 0.401466 0.401466 0.401466 0.401466 0.401466 0.401466 
0.418922 0.418922 0.418922 0.418922 0.418922 0.418922 0.418922 0.418922 
0.436377 0.436377 0.436377 0.436377 0.436377 0.436377 0.436377 0.436377 
0.453832 0.453832 0.453832 0.453832 0.453832 0.453832 0.453832 0.453832 
0.471287 0.471287 0.471287 0.471287 0.471287 0.471287 0.471287 0.471287 
0.474482 0.474811 0.477017 0.508145 0.505392 0.488403 0.479776 0.485696 
0.51123 0.510536 0.510816 0.511008 0.513104 0.512246 0.510883 0.508144 
0.51708 0.517252 0.520357 0.547026 0.545309 0.530352 0.522063 0.524736 
0.553608 0.553129 0.553638 0.553091 0.556105 0.555369 0.554127 0.549081 
0.5622 0.562929 0.56597 0.589415 0.588123 0.574522 0.567454 0.567675 
0.599202 0.599574 0.599515 0.59802 0.601574 0.601 0.600722 0.593564 
0.609757 0.611521 0.614135 0.635504 0.63399 0.621284 0.61552 0.613687 
0.647643 0.648985 0.648377 0.646247 0.649797 0.64945 0.650095 0.641075 
0.660061 0.662605 0.665065 0.68502 0.68295 0.670933 0.666143 0.662743 
0.699298 0.701024 0.70021 0.697442 0.700985 0.700859 0.702186 0.691822 
0.713641 0.7162 0.718848 0.737454 0.735025 0.723511 0.719432 0.715167 
0.754489 0.755775 0.755048 0.751295 0.755135 0.755204 0.757079 0.746051 
0.770667 0.772487 0.775618 0.792638 0.790104 0.779009 0.775502 0.771072 
0.813125 0.813367 0.813027 0.807873 0.812193 0.812517 0.814853 0.803712 
0.830895 0.831592 0.835537 0.850754 0.84815 0.837502 0.834432 0.830294 
0.874817 0.873864 0.87421 0.867436 0.872193 0.872872 0.87554 0.864551 
0.893879 0.893534 0.898543 0.912012 0.909183 0.899014 0.896186 0.892525 
0.939062 0.937197 0.938357 0.930101 0.935096 0.936202 0.938993 0.928232 
0.959119 0.958179 0.964243 0.976373 0.973025 0.963365 0.960508 0.957427 
1.00538 1.00315 1.00494 0.995677 1.00059 1.00222 1.00486 0.994425 
1.02621 1.02526 1.03206 1.04349 1.03925 1.03019 1.027 1.02469 
1.07346 1.07143 1.07338 1.06372 1.06821 1.07055 1.07276 1.06287 
1.09495 1.09454 1.10151 1.1129 1.10742 1.09916 1.09534 1.09415 
1.14324 1.1419 1.14336 1.13386 1.13765 1.14095 1.14246 1.13348 
1.16544 1.16598 1.17248 1.1844 1.1774 1.17019 1.16545 1.1658 
1.21498 1.21467 1.21502 1.20609 1.209 1.21357 1.21407 1.20639 
1.23812 1.23991 1.24542 1.25825 1.24957 1.24361 1.23766 1.23994 
1.28936 1.29026 1.28907 1.28099 1.28291 1.28893 1.28821 1.28207 
1.31386 1.31704 1.32127 1.33526 1.32477 1.32014 1.31282 1.31725 
1.36739 1.36957 1.36666 1.35947 1.36044 1.3679 1.3659 1.36137 
1.3938 1.39836 1.40132 1.41646 1.40421 1.40073 1.39208 1.39868 
1.45028 1.45362 1.44911 1.44265 1.44284 1.45148 1.44839 1.4453 
1.47911 1.48488 1.48686 1.50295 1.48912 1.48638 1.47666 1.48522 
1.53913 1.54339 1.5376 1.53154 1.53126 1.54066 1.53681 1.5348 
1.5708 1.5775 1.57894 1.59571 1.58056 1.57802 1.56759 1.57777 
1.63487 1.63973 1.6331 1.62706 1.6267 1.63632 1.63215 1.63073 
1.66975 1.67709 1.67847 1.69565 1.67944 1.67655 1.6658 1.67721 
1.73847 1.74361 1.73651 1.73019 1.73008 1.73951 1.73536 1.73404 
1.7771 1.78477 1.78649 1.80391 1.78681 1.78316 1.77235 1.78466 
1.85127 1.8564 1.84909 1.84224 1.84266 1.85164 1.84773 1.8461 
1.89439 1.90222 1.90455 1.92211 1.90418 1.89954 1.88876 1.90176 
1.97514 1.9801 1.97273 1.96515 1.96626 1.97477 1.97113 1.96888 
2.02381 2.03173 2.03486 2.05259 2.03373 2.02806 2.01721 2.03086 
2.11263 2.11739 2.10997 2.10159 2.10345 2.11164 2.10809 2.10509 
2.16821 2.17635 2.18036 2.19841 2.17837 2.17178 2.16049 2.17503 
2.26701 2.27169 2.26411 2.25493 2.25753 2.26566 2.26177 2.25807 
2.33122 2.33982 2.34473 2.3634 2.3418 2.33432 2.32203 2.33788 
2.44233 2.44714 2.43926 2.42935 2.43261 2.44081 2.43597 2.43172 
2.5172 2.52665 2.53258 2.55225 2.52854 2.51992 2.50587 2.52364 
2.64351 2.64874 2.64053 2.62994 2.63371 2.64179 2.63522 2.63058 
2.73166 2.74242 2.74975 2.77087 2.74423 2.73377 2.71702 2.7374 
2.87701 2.88292 2.87467 2.86335 2.86736 2.87474 2.86548 2.8604 
2.98216 2.99475 3.00427 3.02727 2.99665 2.98306 2.96259 2.98618 
3.15218 3.15904 3.15136 3.13915 3.14319 3.14874 3.13574 3.12969 
3.28044 3.29586 3.30842 3.33392 3.29814 3.27926 3.25448 3.28142 
3.48429 3.49307 3.48654 3.47376 3.47737 3.47958 3.46159 3.45347 
3.64724 3.66981 3.6838 3.71398 3.67116 3.64457 3.61624 3.64601 
3.90431 3.91679 3.91312 3.90289 3.9012 3.90269 3.87707 3.86743 
4.15518 4.1657 4.18871 4.21282 4.1721 4.14205 4.1068 4.14166 
4.48768 4.5242 4.55339 4.59104 4.53854 4.54183 4.42941 4.48515 
5.13282 5.14269 5.18691 5.14881 5.17439 5.13751 5.04629 5.11009 
5.68511 5.69967 5.57983 5.56459 5.564 5.71419 5.60392 5.50453 
5.27356 5.39754 5.70901 5.8678 5.45746 5.33729 5.00939 4.8923 
4.79934 5.06005 5.47446 5.58389 5.4644 5.00978 4.75964 4.50515 
4.34277 4.73499 5.101 5.39587 5.20359 4.73691 4.3478 4.06238 
3.96753 4.22252 4.59744 4.84368 4.82587 4.38458 4.00023 3.64086 
3.41898 3.78907 4.09108 4.32867 4.43909 4.37645 3.93791 3.35646 
2.93986 3.32368 3.57106 3.79282 3.88389 3.95368 3.87515 3.29014 
2.68757 3.01069 3.08838 3.21758 3.50297 3.38269 3.64296 3.15414 
2.35712 2.62218 2.48394 2.72125 3.1325 2.99026 3.35838 2.83077 
2.11659 2.03397 2.18676 2.41577 2.70492 3.14814 3.07158 2.61938 
1.85198 1.60135 1.98055 2.26585 2.53713 2.99307 2.68414 2.38979 
1.51992 1.40757 1.72376 2.13447 2.11031 2.56519 2.1245 2.03313 
1.38783 1.32254 1.35178 1.8444 1.91819 2.16765 1.75988 1.87063 
1.20794 1.03727 1.09407 1.56325 2.1015 1.92878 1.50006 1.60008 
1.04444 0.8208 0.997767 1.60669 2.13317 2.05193 1.49102 1.31922 
0.852441 0.673345 0.859494 1.38444 1.8704 1.78585 1.33367 1.15787 
0.728211 0.556574 0.809898 1.20653 1.45882 1.34698 1.23221 0.858058 
0.549993 0.476209 0.722072 1.06495 1.28125 1.17321 1.12208 0.790999 
0.454889 0.407799 0.734475 1.02084 1.21093 0.865285 1.20635 0.740102 
0.322519 0.381348 0.559311 1.03652 1.19501 0.857776 1.43754 0.886844 
0.249328 0.488371 0.510576 0.809337 0.850535 0.709191 1.26828 0.849698 
0.235495 0.430001 0.642451 1.05444 0.659014 0.49162 0.965316 0.622453 
0.215438 0.316126 0.579382 0.97546 0.477799 0.346192 0.695402 0.537057 
0.187543 0.325891 0.646596 0.721697 0.443607 0.249834 0.450452 0.416693 
0.150955 0.281385 0.823489 0.725779 0.270049 0.178898 0.297963 0.364065 
0.103354 0.566559 1.05703 0.990288 0.428701 0.123848 0.165917 0.265858 
0.128399 0.422515 0.846594 0.872713 0.278375 0.122871 0.13809 0.200858 
0.121922 0.407657 0.785869 0.941531 0.390801 0.103477 0.121658 0.161794 
0.150579 0.238534 0.724579 0.888372 0.338521 0.10855 0.130512 0.180695 
0.126326 0.211288 0.499238 0.769294 0.178059 0.124413 0.116032 0.291052 
0.106705 0.379507 0.285555 0.546592 0.160808 0.148264 0.128259 0.438637 
0.116304 0.631081 0.126477 0.380137 0.157822 0.110573 0.34498 0.18809 
0.12703 0.637027 0.167511 0.212231 0.224981 0.10584 0.610622 0.322271 
0.426573 0.303715 0.267772 0.136751 0.508991 0.0818457 0.688309 0.106728 
0.671004 0.128276 0.496885 0.117173 0.659384 0.0875935 0.695876 0.117603 
0.543115 0.247917 0.739828 0.395992 0.475229 0.101003 0.645642 0.13552 
0.262102 0.613753 0.595126 0.769674 0.287643 0.132502 0.382113 0.296999 
0.268204 0.84294 0.580976 1.05289 0.492388 0.0979141 0.172312 0.415572 
0.631462 0.607976 0.66351 0.997254 0.505874 0.109342 0.142381 0.677281 
0.955624 0.4996 0.549985 0.928038 0.414936 0.102351 0.132376 0.744864 
0.894535 0.509022 0.625785 1.09459 0.632769 0.0739851 0.492371 0.991228 
0.785048 0.876804 0.447156 0.998729 0.488694 0.102743 0.516801 1.04107 
1.09797 0.704462 0.565699 0.980399 0.382839 0.302395 0.562212 1.08162 
1.18324 0.621993 0.694767 0.866497 0.280873 0.31013 0.772675 1.27131 
1.28329 0.852945 1.08956 0.705834 0.30453 0.286399 0.842944 1.40731 
0.972951 1.34489 1.05377 0.656516 0.348183 0.217439 0.799001 1.27928 
0.866632 1.37139 0.894943 0.562212 0.633226 0.117308 0.681374 1.11144 
0.608847 1.06767 0.564764 0.868602 0.814893 0.274424 0.63329 1.23233 
0.646099 0.706467 0.656837 1.19583 0.928363 0.316056 0.864631 1.20735 
0.869991 0.361585 0.63488 1.20043 0.766148 0.303115 0.827184 1.20228 
0.712895 0.317204 0.41184 0.904759 0.482598 0.385248 0.560408 1.11846 
0.539653 0.224046 0.274872 0.6759 0.435117 0.345219 0.492207 0.911703 
0.396531 0.207656 0.203792 0.449431 0.348069 0.271633 0.424444 0.871472 
0.300634 0.150483 0.155575 0.326227 0.443198 0.270142 0.475746 0.934361 
0.374291 0.124686 0.123908 0.229104 0.399277 0.239052 0.545051 0.988822 
0.376558 0.102377 0.115546 0.210444 0.532917 0.334002 0.455239 0.922156 
0.43422 0.0956649 0.105488 0.128747 0.742202 0.382456 0.426027 0.714345 
0.220417 0.103937 0.0769452 0.426478 0.997703 0.809416 0.545109 0.59173 
0.142973 0.10256 0.0912013 0.410318 0.939801 0.733421 0.926127 0.734374 
0.122648 0.0927579 0.11186 0.253811 0.800968 0.931208 1.28487 0.764018 
0.410134 0.075873 0.113067 0.235165 0.663541 0.846169 1.30874 0.733975 
0.328699 0.0997547 0.133132 0.318724 0.607889 0.649391 1.12294 0.671734 
0.217266 0.105369 0.116172 0.454083 0.746951 0.591586 1.08167 0.799204 
0.224093 0.0897313 0.468861 0.658593 1.10833 0.647692 1.22733 0.849915 
0.519601 0.088147 0.543605 0.951433 1.38826 0.867247 1.11818 0.837984 
0.351811 0.625369 0.393918 0.91104 1.4414 0.936919 0.623976 0.923363 
0.249689 0.809461 0.554064 0.693566 1.23456 0.814525 0.356257 0.771387 
0.163878 0.782837 0.461661 0.46425 0.899307 0.635672 0.356255 0.516548 
0.134395 0.681254 0.311671 0.344249 0.721314 0.579402 0.298971 0.36622 
0.16208 0.415761 0.262056 0.252914 0.500205 0.347454 0.286971 0.263942 
0.128196 0.408396 0.228799 0.178488 0.480603 0.186908 0.228925 0.206753 
0.131844 0.284378 0.252114 0.141859 0.345682 0.13512 0.166348 0.211172 
0.110249 0.127454 0.477071 0.102313 0.209028 0.144927 0.114506 0.313032 
0.0578231 0.448429 0.696631 0.0857544 0.201213 0.110172 0.0858324 0.616736 
0.0803501 0.38817 0.66097 0.0873244 0.245189 0.470781 0.0611831 0.618481 
0.121207 0.165743 0.378385 0.114012 0.258811 0.409926 0.110579 0.320232 
0.125055 0.135566 0.246108 0.104356 0.259272 0.154087 0.134126 0.157642 
0.112881 0.10463 0.144008 0.0948368 0.585372 0.0953282 0.128033 0.125888 
0.112106 0.118309 0.110541 0.101887 0.487076 0.0968012 0.136233 0.128027 
0.125909 0.0968351 0.107152 0.0907385 0.493266 0.0931796 0.15886 0.123767 
0.157744 0.122419 0.112505 0.103781 0.285517 0.0766207 0.561261 0.0968597 
0.435806 0.0798111 0.119801 0.100931 0.121915 0.0978673 0.676625 0.0880941 
0.663512 0.172484 0.207928 0.0932107 0.104918 0.0948952 0.460394 0.142828 
0.600865 0.111853 0.333689 0.0789043 0.0941393 0.123626 0.425667 0.349977 
0.365987 0.631128 0.636665 0.0678929 0.0862672 0.0623831 0.611557 0.761079 
0.19335 0.777453 0.638384 0.0785836 0.0603113 0.41156 0.908524 0.813905 
0.651697 1.00476 0.661073 0.0844388 0.0975131 0.153496 0.774228 0.975685 
0.70357 1.06027 0.551755 0.0950148 0.0927708 0.0924324 0.608468 0.833339 
0.776428 0.785483 0.200954 0.387521 0.0761602 0.113328 0.360742 0.701403 
0.691536 0.586482 0.200083 0.371455 0.0898953 0.10271 0.223853 0.709113 
0.901323 0.301893 0.164737 0.161353 0.108063 0.105852 0.1721 0.799192 
0.75211 0.162843 0.475582 0.100622 0.10708 0.0834931 0.297969 0.857241 
0.753589 0.131633 0.349867 0.1041 0.0986395 0.0759285 0.54368 1.01484 
0.750809 0.102059 0.569487 0.0960874 0.111694 0.0873043 0.519547 1.00825 
0.770865 0.122884 0.468511 0.110242 0.100634 0.0997999 0.379178 0.887364 
0.740676 0.145825 0.579759 0.112143 0.277268 0.0730683 0.464579 0.885323 
0.764523 0.124394 0.700749 0.140677 0.201524 0.0955236 0.366932 0.905415 
0.891676 0.347663 0.86493 0.450119 0.102 0.101736 0.347519 0.898052 
0.886964 0.347953 0.948198 0.511659 0.113833 0.11188 0.228794 0.65943 
0.608103 0.384482 1.00366 0.681268 0.130893 0.0981425 0.422972 0.517805 
0.320928 0.376697 0.953155 0.751944 0.152052 0.131214 0.375205 0.680077 
0.339564 0.170115 0.769969 0.925813 0.30989 0.11091 0.588956 0.852801 
0.26968 0.227911 0.545601 0.888118 0.40985 0.23517 0.582447 0.856259 
0.305712 0.137571 0.412424 0.693317 0.737239 0.298898 0.558164 0.916158 
0.273728 0.546223 0.320863 0.881995 1.15086 0.651724 0.623181 0.88572 
0.452367 0.380191 0.478535 1.01548 1.4741 1.0131 0.554749 1.03523 
0.28652 0.719722 0.425891 1.04524 1.60896 1.17002 0.616479 0.791062 
0.213763 0.642354 0.35522 0.926076 1.41072 1.3329 0.812606 0.575341 
0.134727 0.482692 0.358961 0.85011 1.20498 1.323 1.09189 0.572148 
0.111698 0.663879 0.373637 0.779258 1.0156 0.929561 1.03727 0.419191 
0.126109 0.717257 0.617328 0.718542 1.29404 0.792388 0.847281 0.294103 
0.138911 0.767233 0.891838 0.546551 1.16569 0.942606 0.633932 0.336462 
0.127492 0.727355 1.23009 0.685345 1.02938 1.09219 0.701418 0.26468 
0.600361 0.615128 1.11667 0.659561 0.753629 1.00187 0.901605 0.294831 
0.818595 0.460148 0.881065 0.89233 0.456842 1.05128 0.799151 0.221909 
0.701414 0.410535 0.736274 1.19459 0.705657 1.14912 0.578156 0.159071 
0.373056 0.788321 0.4827 0.988409 0.642149 0.962768 0.333909 0.186648 
0.182357 0.636867 0.402391 0.778021 1.06692 0.825401 0.24333 0.166294 
0.136558 0.336195 0.397429 0.631025 1.21691 0.698409 0.151899 0.137111 
0.127601 0.157969 0.694396 0.448683 1.03092 0.516555 0.134315 0.11356 
0.108866 0.106787 0.577942 0.359773 0.964667 0.397506 0.115778 0.109593 
0.105775 0.116368 0.313737 0.295124 0.850596 0.256603 0.121329 0.107714 
0.101771 0.106039 0.1948 0.174285 0.711314 0.133825 0.114675 0.106864 
0.102811 0.108897 0.132616 0.134333 0.436029 0.123298 0.139912 0.110647 
0.0972599 0.102644 0.117409 0.122257 0.198555 0.106955 0.125032 0.106032 
0.111363 0.108441 0.109234 0.102455 0.13588 0.0722426 0.524658 0.0735323 
0.103479 0.123137 0.108717 0.0960702 0.10431 0.0920834 0.395181 0.102121 
0.11296 0.293734 0.0856786 0.0961853 0.0993264 0.100474 0.139932 0.109865 
0.0897018 0.574954 0.091099 0.0956254 0.0901806 0.094446 0.0934113 0.253485 
0.511182 0.513948 0.114441 0.0952847 0.0995902 0.0829848 0.0895923 0.110138 
0.667003 0.150341 0.270694 0.0822731 0.0941232 0.080934 0.0925352 0.0806445 
0.619874 0.0808573 0.566998 0.0940873 0.117416 0.0822065 0.0831601 0.0949574 
0.674083 0.0866623 0.664342 0.0787139 0.115971 0.0786255 0.0887873 0.0806696 
0.675491 0.0851462 0.664327 0.0516569 0.518989 0.055053 0.0892058 0.0976578 
0.566352 0.10599 0.535944 0.0757803 0.536345 0.0702019 0.0900619 0.0955156 
0.158929 0.446109 0.189638 0.13127 0.232343 0.0952976 0.0543597 0.521047 
0.0854085 0.666511 0.0948733 0.114577 0.108526 0.0958832 0.0843698 0.472156 
0.104524 0.633534 0.0877204 0.0957973 0.0967913 0.0871317 0.0905357 0.210524 
0.101217 0.442871 0.0954106 0.0910843 0.0938797 0.0896664 0.107369 0.122995 
0.120473 0.174452 0.103636 0.0886825 0.0930183 0.0853391 0.087046 0.110001 
0.0997996 0.108347 0.0962696 0.088388 0.0905859 0.0914739 0.12713 0.110108 
0.13308 0.097745 0.0878101 0.0856929 0.0875749 0.0793264 0.100459 0.133389 
0.129374 0.0838472 0.0861727 0.0802509 0.0891449 0.0701467 0.495735 0.0984095 
0.536507 0.0748637 0.079005 0.0831018 0.0809139 0.0925684 0.145479 0.56823 
0.673195 0.06846 0.0817926 0.0806602 0.0873358 0.0847408 0.0799738 0.671015 
0.505884 0.0816239 0.0833026 0.0850091 0.0864011 0.0838181 0.102726 0.410274 
0.252725 0.0956074 0.0863198 0.0856364 0.093057 0.0860568 0.0964102 0.316461 
0.124877 0.0916187 0.0870091 0.0940219 0.0914293 0.0866388 0.0980446 0.278868 
0.0768412 0.0886073 0.0847078 0.0949137 0.114329 0.0916382 0.0708144 0.569546 
0.0761723 0.0795885 0.0863899 0.117401 0.123748 0.0834667 0.0760873 0.635128 
0.0756048 0.076368 0.0858414 0.0747816 0.542436 0.0547088 0.0688936 0.679837 
0.0688453 0.0789514 0.0543511 0.52286 0.631615 0.0661868 0.0662978 0.682046 
0.0805762 0.0801085 0.0695346 0.611056 0.484807 0.0786027 0.074503 0.49873 
0.0923856 0.0813174 0.0853947 0.424442 0.227914 0.0951506 0.0933616 0.196064 
0.0911936 0.0843287 0.100898 0.184248 0.134898 0.0927142 0.0882495 0.110255 
0.0830224 0.0833744 0.0899003 0.113155 0.142995 0.0928612 0.0828918 0.096587 
0.082466 0.0821479 0.087084 0.0985495 0.135621 0.085625 0.0770727 0.0885269 
0.0789235 0.0753065 0.0810272 0.0597638 0.529757 0.059377 0.076083 0.0825837 
0.080155 0.0762575 0.081862 0.0678515 0.667587 0.0622818 0.0729011 0.0816098 
0.0720459 0.0700585 0.0732973 0.0646524 0.61626 0.0617507 0.0691644 0.0759498 
0.0769261 0.0773958 0.0801711 0.0892479 0.307947 0.0819377 0.0722969 0.082367 
