0 0 0 0 0 0 0 0 
0.0174551 0.0174551 0.0174551 0.0174551 0.0174551 0.0174551 0.0174551 0.0174551 
0.0349101 0.0349101 0.0349101 0.0349101 0.0349101 0.0349101 0.0349101 0.0349101 
0.0523652 0.0523652 0.0523652 0.0523652 0.0523652 0.0523652 0.0523652 0.0523652 
0.0698203 0.0698203 0.0698203 0.0698203 0.0698203 0.0698203 0.0698203 0.0698203 
0.0872753 0.0872753 0.0872753 0.0872753 0.0872753 0.0872753 0.0872753 0.0872753 
0.10473 0.10473 0.10473 0.10473 0.10473 0.10473 0.10473 0.10473 
0.122185 0.122185 0.122185 0.122185 0.122185 0.122185 0.122185 0.122185 
0.139641 0.139641 0.139641 0.139641 0.139641 0.139641 0.139641 0.139641 
0.157096 0.157096 0.157096 0.157096 0.157096 0.157096 0.157096 0.157096 
0.174551 0.174551 0.174551 0.174551 0.174551 0.174551 0.174551 0.174551 
0.192006 0.192006 0.192006 0.192006 0.192006 0.192006 0.192006 0.192006 
0.209461 0.209461 0.209461 0.209461 0.209461 0.209461 0.209461 0.209461 
0.226916 0.226916 0.226916 0.226916 0.226916 0.226916 0.226916 0.226916 
0.244371 0.244371 0.244371 0.244371 0.244371 0.244371 0.244371 0.244371 
0.261826 0.261826 0.261826 0.261826 0.261826 0.261826 0.261826 0.261826 
0.279281 0.279281 0.279281 0.279281 0.279281 0.279281 0.279281 0.279281 
0.296736 0.296736 0.296736 0.296736 0.296736 0.296736 0.296736 0.296736 
0.314191 0.314191 0.314191 0.314191 0.314191 0.314191 0.314191 0.314191 
0.331646 0.331646 0.331646 0.331646 0.331646 0.331646 0.331646 0.331646 
0.349101 0.349101 0.349101 0.349101 0.349101 0.349101 0.349101 0.349101 
0.366556 0.366556 0.366556 0.366556 0.366556 0.366556 0.366556 0.366556 
0.384011 0.384011 0.384011 0.384011 0.384011 0.384011 0.384011 0.384011 
0.401466 0.401466 0.401466 0.401466 0.401466 0.401466 0.401466 0.401466 
0.418922 0.418922 0.418922 0.418922 0.418922 0.418922 0.418922 0.418922 
0.436377 0.436377 0.436377 0.436377 0.436377 0.436377 0.436377 0.436377 
0.453832 0.453832 0.453832 0.453832 0.453832 0.453832 0.453832 0.453832 
0.471287 0.471287 0.471287 0.471287 0.471287 0.471287 0.471287 0.471287 
0.5037 0.5085 0.501463 0.482725 0.483292 0.493461 0.503894 0.503977 
0.515681 0.5171 0.514457 0.514695 0.512195 0.513795 0.5143 0.515679 
0.548406 0.553562 0.544509 0.52915 0.527692 0.537918 0.547128 0.548768 
0.562664 0.565145 0.560223 0.56189 0.557661 0.559978 0.560512 0.562735 
0.596081 0.60142 0.590843 0.578583 0.576011 0.585878 0.594311 0.596454 
0.612331 0.615206 0.608893 0.612294 0.607235 0.609333 0.610098 0.612206 
0.646961 0.651992 0.640577 0.63068 0.627805 0.636862 0.645203 0.647079 
0.665098 0.667772 0.660886 0.665557 0.660299 0.661639 0.662959 0.664532 
0.701205 0.705494 0.693962 0.685481 0.682806 0.69086 0.699445 0.700895 
0.721193 0.723197 0.716547 0.721709 0.71666 0.717047 0.718956 0.720043 
0.758957 0.762122 0.751228 0.743156 0.74109 0.748113 0.756987 0.758114 
0.780814 0.781743 0.776123 0.780956 0.776523 0.775852 0.778283 0.778962 
0.820409 0.82212 0.812584 0.804055 0.803043 0.808954 0.818143 0.818913 
0.844208 0.843759 0.839869 0.843745 0.840352 0.838434 0.841381 0.841503 
0.885819 0.885873 0.878287 0.868735 0.869192 0.873815 0.883379 0.883525 
0.911665 0.909693 0.90805 0.910661 0.908638 0.905253 0.908728 0.907961 
0.955462 0.953819 0.948541 0.937759 0.939947 0.943136 0.953114 0.952271 
0.983436 0.97996 0.980793 0.982152 0.981642 0.976681 0.980664 0.978674 
1.02953 1.02629 1.02336 1.01142 1.0154 1.01718 1.02757 1.02546 
1.05966 1.05481 1.05802 1.05835 1.05929 1.05284 1.05728 1.0539 
1.1081 1.10344 1.1026 1.08973 1.09539 1.09595 1.10672 1.10329 
1.14036 1.13435 1.13958 1.13918 1.14138 1.13367 1.13851 1.13379 
1.19122 1.18539 1.18616 1.17263 1.17974 1.1794 1.1905 1.18588 
1.22569 1.21876 1.22552 1.2247 1.22787 1.2192 1.22435 1.21851 
1.27914 1.2724 1.2743 1.26031 1.26862 1.26769 1.27904 1.2735 
1.31602 1.30845 1.3163 1.31528 1.31915 1.30977 1.3151 1.30844 
1.3724 1.36503 1.36763 1.35334 1.36263 1.36135 1.37284 1.36668 
1.41203 1.40406 1.41269 1.41163 1.41596 1.40604 1.41142 1.40422 
1.47176 1.46398 1.46701 1.45249 1.46256 1.46113 1.47264 1.46613 
1.51451 1.50633 1.51554 1.51453 1.51909 1.50879 1.51408 1.50657 
1.57798 1.56995 1.57322 1.55849 1.56918 1.56776 1.57921 1.57254 
1.62414 1.61586 1.62553 1.62462 1.62921 1.61864 1.62376 1.61612 
1.69167 1.68347 1.68683 1.67187 1.68305 1.6818 1.69315 1.68646 
1.74144 1.73314 1.74316 1.74238 1.74682 1.73609 1.741 1.73335 
1.81331 1.80502 1.80831 1.79308 1.80461 1.80373 1.81497 1.80838 
1.86692 1.85866 1.86888 1.8683 1.87238 1.86164 1.86629 1.85876 
1.94346 1.93516 1.93816 1.92268 1.93443 1.93412 1.94525 1.9389 
2.00122 1.99311 2.00333 2.00308 2.00659 1.99601 2.00034 1.99306 
2.08296 2.0748 2.07719 2.06156 2.07338 2.07393 2.08488 2.07892 
2.1454 2.13762 2.14759 2.14789 2.15057 2.14035 2.14421 2.13739 
2.23316 2.22535 2.22678 2.21116 2.22291 2.22461 2.23524 2.22992 
2.30114 2.29394 2.30337 2.30455 2.30613 2.29647 2.29964 2.29353 
2.39615 2.38895 2.38904 2.37364 2.38519 2.38838 2.39849 2.39407 
2.47095 2.46458 2.47321 2.47561 2.47582 2.46694 2.46913 2.46398 
2.5749 2.56855 2.56691 2.55189 2.56316 2.56822 2.57762 2.57432 
2.65821 2.65285 2.66046 2.66439 2.66298 2.65509 2.65606 2.65206 
2.77328 2.76786 2.76413 2.74954 2.76053 2.76788 2.77649 2.77446 
2.86716 2.86279 2.86926 2.87493 2.87169 2.86498 2.86461 2.86182 
2.99599 2.99137 2.98521 2.97088 2.98176 2.9919 2.99981 2.99908 
3.10295 3.09933 3.10466 3.11211 3.10691 3.10156 3.09989 3.09825 
3.24889 3.24475 3.23583 3.22134 3.23246 3.24596 3.25351 3.25396 
3.37232 3.36908 3.37335 3.38253 3.37529 3.37139 3.36854 3.36789 
3.54015 3.53617 3.52401 3.50877 3.52062 3.53821 3.54576 3.54732 
3.68537 3.68226 3.68566 3.69663 3.68701 3.68465 3.68045 3.68069 
3.88288 3.87912 3.86295 3.84641 3.85932 3.88206 3.88959 3.89239 
4.06009 4.05716 4.06023 4.07332 4.06038 4.05942 4.05296 4.05403 
4.3017 4.29863 4.27817 4.25939 4.27385 4.30197 4.30908 4.31309 
4.5385 4.53237 4.54088 4.5529 4.53819 4.53409 4.52665 4.52472 
4.85685 4.85078 4.8387 4.80614 4.8366 4.84735 4.86164 4.8599 
5.31254 5.32284 5.31525 5.33247 5.3052 5.31658 5.28415 5.28679 
5.95187 5.95424 5.97299 5.99462 5.96544 5.95636 5.93487 5.93549 
5.97126 6.03494 6.23849 6.21394 6.22892 5.92283 5.72926 5.73917 
5.3705 5.42102 5.70901 6.00959 5.70445 5.42426 5.13276 5.15203 
4.90264 5.06005 5.47446 5.68908 5.4644 5.00978 4.75964 4.56622 
4.42837 4.73499 5.101 5.39587 5.20359 4.73691 4.3478 4.06238 
3.96753 4.22252 4.59744 4.84368 4.82587 4.38458 4.00023 3.64086 
3.41898 3.78907 4.09108 4.32867 4.43909 4.37645 3.93791 3.35646 
2.93986 3.32368 3.57106 3.79282 3.88389 3.95368 3.87515 3.29014 
2.68757 3.01069 3.08838 3.21758 3.50297 3.38269 3.64296 3.15414 
2.35712 2.62218 2.48394 2.72125 3.1325 2.99026 3.35838 2.83077 
2.11659 2.03397 2.18676 2.41577 2.70492 3.14814 3.07158 2.61938 
1.85198 1.60135 1.98055 2.26585 2.53713 2.99307 2.68414 2.38979 
1.51992 1.40757 1.72376 2.13447 2.11031 2.56519 2.1245 2.03313 
1.38783 1.32254 1.35178 1.8444 1.91819 2.16765 1.75988 1.87063 
1.20794 1.03727 1.09407 1.56325 2.1015 1.92878 1.50006 1.60008 
1.04444 0.8208 0.997767 1.60669 2.13317 2.05193 1.49102 1.31922 
0.852441 0.673345 0.859494 1.38444 1.8704 1.78585 1.33367 1.15787 
0.728211 0.556574 0.809898 1.20653 1.45882 1.34698 1.23221 0.858058 
0.549993 0.476209 0.722072 1.06495 1.28125 1.17321 1.12208 0.790999 
0.454889 0.407799 0.734475 1.02084 1.21093 0.865285 1.20635 0.740102 
0.322519 0.381348 0.559311 1.03652 1.19501 0.857776 1.43754 0.886844 
0.249328 0.488371 0.510576 0.809337 0.850535 0.709191 1.26828 0.849698 
0.235495 0.430001 0.642451 1.05444 0.659014 0.49162 0.965316 0.622453 
0.215438 0.316126 0.579382 0.97546 0.477799 0.346192 0.695402 0.537057 
0.187543 0.325891 0.646596 0.721697 0.443607 0.249834 0.450452 0.416693 
0.150955 0.281385 0.823489 0.725779 0.270049 0.178898 0.297963 0.364065 
0.103354 0.566559 1.05703 0.990288 0.428701 0.123848 0.165917 0.265858 
0.128399 0.422515 0.846594 0.872713 0.278375 0.122871 0.13809 0.200858 
0.121922 0.407657 0.785869 0.941531 0.390801 0.103477 0.121658 0.161794 
0.150579 0.238534 0.724579 0.888372 0.338521 0.10855 0.130512 0.180695 
0.126326 0.211288 0.499238 0.769294 0.178059 0.124413 0.116032 0.291052 
0.106705 0.379507 0.285555 0.546592 0.160808 0.148264 0.128259 0.438637 
0.116304 0.631081 0.126477 0.380137 0.157822 0.110573 0.34498 0.18809 
0.12703 0.637027 0.167511 0.212231 0.224981 0.10584 0.610622 0.322271 
0.426573 0.303715 0.267772 0.136751 0.508991 0.0818457 0.688309 0.106728 
0.671004 0.128276 0.496885 0.117173 0.659384 0.0875935 0.695876 0.117603 
0.543115 0.247917 0.739828 0.395992 0.475229 0.101003 0.645642 0.13552 
0.262102 0.613753 0.595126 0.769674 0.287643 0.132502 0.382113 0.296999 
0.268204 0.84294 0.580976 1.05289 0.492388 0.0979141 0.172312 0.415572 
0.631462 0.607976 0.66351 0.997254 0.505874 0.109342 0.142381 0.677281 
0.955624 0.4996 0.549985 0.928038 0.414936 0.102351 0.132376 0.744864 
0.894535 0.509022 0.625785 1.09459 0.632769 0.0739851 0.492371 0.991228 
0.785048 0.876804 0.447156 0.998729 0.488694 0.102743 0.516801 1.04107 
1.09797 0.704462 0.565699 0.980399 0.382839 0.302395 0.562212 1.08162 
1.18324 0.621993 0.694767 0.866497 0.280873 0.31013 0.772675 1.27131 
1.28329 0.852945 1.08956 0.705834 0.30453 0.286399 0.842944 1.40731 
0.972951 1.34489 1.05377 0.656516 0.348183 0.217439 0.799001 1.27928 
0.866632 1.37139 0.894943 0.562212 0.633226 0.117308 0.681374 1.11144 
0.608847 1.06767 0.564764 0.868602 0.814893 0.274424 0.63329 1.23233 
0.646099 0.706467 0.656837 1.19583 0.928363 0.316056 0.864631 1.20735 
0.869991 0.361585 0.63488 1.20043 0.766148 0.303115 0.827184 1.20228 
0.712895 0.317204 0.41184 0.904759 0.482598 0.385248 0.560408 1.11846 
0.539653 0.224046 0.274872 0.6759 0.435117 0.345219 0.492207 0.911703 
0.396531 0.207656 0.203792 0.449431 0.348069 0.271633 0.424444 0.871472 
0.300634 0.150483 0.155575 0.326227 0.443198 0.270142 0.475746 0.934361 
0.374291 0.124686 0.123908 0.229104 0.399277 0.239052 0.545051 0.988822 
0.376558 0.102377 0.115546 0.210444 0.532917 0.334002 0.455239 0.922156 
0.43422 0.0956649 0.105488 0.128747 0.742202 0.382456 0.426027 0.714345 
0.220417 0.103937 0.0769452 0.426478 0.997703 0.809416 0.545109 0.59173 
0.142973 0.10256 0.0912013 0.410318 0.939801 0.733421 0.926127 0.734374 
0.122648 0.0927579 0.11186 0.253811 0.800968 0.931208 1.28487 0.764018 
0.410134 0.075873 0.113067 0.235165 0.663541 0.846169 1.30874 0.733975 
0.328699 0.0997547 0.133132 0.318724 0.607889 0.649391 1.12294 0.671734 
0.217266 0.105369 0.116172 0.454083 0.746951 0.591586 1.08167 0.799204 
0.224093 0.0897313 0.468861 0.658593 1.10833 0.647692 1.22733 0.849915 
0.519601 0.088147 0.543605 0.951433 1.38826 0.867247 1.11818 0.837984 
0.351811 0.625369 0.393918 0.91104 1.4414 0.936919 0.623976 0.923363 
0.249689 0.809461 0.554064 0.693566 1.23456 0.814525 0.356257 0.771387 
0.163878 0.782837 0.461661 0.46425 0.899307 0.635672 0.356255 0.516548 
0.134395 0.681254 0.311671 0.344249 0.721314 0.579402 0.298971 0.36622 
0.16208 0.415761 0.262056 0.252914 0.500205 0.347454 0.286971 0.263942 
0.128196 0.408396 0.228799 0.178488 0.480603 0.186908 0.228925 0.206753 
0.131844 0.284378 0.252114 0.141859 0.345682 0.13512 0.166348 0.211172 
0.110249 0.127454 0.477071 0.102313 0.209028 0.144927 0.114506 0.313032 
0.0578231 0.448429 0.696631 0.0857544 0.201213 0.110172 0.0858324 0.616736 
0.0803501 0.38817 0.66097 0.0873244 0.245189 0.470781 0.0611831 0.618481 
0.121207 0.165743 0.378385 0.114012 0.258811 0.409926 0.110579 0.320232 
0.125055 0.135566 0.246108 0.104356 0.259272 0.154087 0.134126 0.157642 
0.112881 0.10463 0.144008 0.0948368 0.585372 0.0953282 0.128033 0.125888 
0.112106 0.118309 0.110541 0.101887 0.487076 0.0968012 0.136233 0.128027 
0.125909 0.0968351 0.107152 0.0907385 0.493266 0.0931796 0.15886 0.123767 
0.157744 0.122419 0.112505 0.103781 0.285517 0.0766207 0.561261 0.0968597 
0.435806 0.0798111 0.119801 0.100931 0.121915 0.0978673 0.676625 0.0880941 
0.663512 0.172484 0.207928 0.0932107 0.104918 0.0948952 0.460394 0.142828 
0.600865 0.111853 0.333689 0.0789043 0.0941393 0.123626 0.425667 0.349977 
0.365987 0.631128 0.636665 0.0678929 0.0862672 0.0623831 0.611557 0.761079 
0.19335 0.777453 0.638384 0.0785836 0.0603113 0.41156 0.908524 0.813905 
0.651697 1.00476 0.661073 0.0844388 0.0975131 0.153496 0.774228 0.975685 
0.70357 1.06027 0.551755 0.0950148 0.0927708 0.0924324 0.608468 0.833339 
0.776428 0.785483 0.200954 0.387521 0.0761602 0.113328 0.360742 0.701403 
0.691536 0.586482 0.200083 0.371455 0.0898953 0.10271 0.223853 0.709113 
0.901323 0.301893 0.164737 0.161353 0.108063 0.105852 0.1721 0.799192 
0.75211 0.162843 0.475582 0.100622 0.114516 0.075952 0.297969 0.857241 
0.753589 0.131633 0.349867 0.1041 0.0986395 0.0759817 0.54368 1.01484 
0.750809 0.102059 0.569487 0.0960874 0.111694 0.0873043 0.519547 1.00825 
0.770865 0.122884 0.468511 0.110242 0.100634 0.0997999 0.379178 0.887364 
0.740676 0.145825 0.579759 0.112143 0.277268 0.0730683 0.464579 0.885323 
0.764523 0.124394 0.700749 0.140677 0.201524 0.0955236 0.366932 0.905415 
0.891676 0.347663 0.86493 0.450119 0.102 0.101736 0.347519 0.898052 
0.886964 0.347953 0.948198 0.511659 0.113833 0.11188 0.228794 0.65943 
0.608103 0.384482 1.00366 0.681268 0.130893 0.0981425 0.422972 0.517805 
0.320928 0.376697 0.953155 0.751944 0.152052 0.131214 0.375205 0.680077 
0.339564 0.170007 0.769975 0.925813 0.30989 0.11091 0.588956 0.852801 
0.26968 0.227962 0.545601 0.888118 0.40985 0.23517 0.582447 0.856259 
0.305718 0.133866 0.412453 0.693317 0.737239 0.298898 0.558164 0.916158 
0.273728 0.548029 0.320863 0.881995 1.15086 0.651724 0.623181 0.88572 
0.452367 0.380191 0.478535 1.01548 1.4741 1.0131 0.554749 1.03523 
0.28652 0.719722 0.425891 1.04524 1.60896 1.17002 0.616479 0.791062 
0.213763 0.642354 0.35522 0.926076 1.41072 1.3329 0.812606 0.575341 
0.134727 0.482692 0.358961 0.85011 1.20498 1.323 1.09189 0.572148 
0.111698 0.663879 0.373637 0.779258 1.0156 0.929561 1.03727 0.419191 
0.126109 0.717257 0.617328 0.718542 1.29404 0.792388 0.847281 0.294103 
0.138911 0.767233 0.891838 0.546551 1.16569 0.942606 0.633932 0.336462 
0.127492 0.727355 1.23009 0.685345 1.02938 1.09219 0.701418 0.26468 
0.600361 0.615128 1.11667 0.659561 0.753629 1.00187 0.901605 0.294831 
0.818595 0.460148 0.881065 0.89233 0.456842 1.05128 0.799151 0.221909 
0.701414 0.410535 0.736274 1.19459 0.705657 1.14912 0.578156 0.159071 
0.373056 0.788321 0.4827 0.988409 0.642149 0.962768 0.333909 0.186648 
0.182357 0.636867 0.402391 0.778021 1.06692 0.825401 0.24333 0.166294 
0.136558 0.336195 0.397429 0.631025 1.21691 0.698409 0.151899 0.137111 
0.127601 0.145409 0.694396 0.448683 1.03092 0.516555 0.134315 0.11356 
0.108866 0.0972441 0.580763 0.359773 0.964667 0.397506 0.115778 0.109593 
0.105775 0.106818 0.319779 0.295124 0.850596 0.256603 0.121329 0.107714 
0.101771 0.0971513 0.199679 0.174285 0.711314 0.133825 0.114675 0.106864 
0.102811 0.10158 0.132937 0.134795 0.436029 0.123298 0.139912 0.110647 
0.0972609 0.09491 0.11837 0.12299 0.198555 0.106955 0.125032 0.106032 
0.111279 0.104691 0.110645 0.102684 0.135986 0.0722426 0.524658 0.0735323 
0.103984 0.115758 0.111593 0.0961578 0.104449 0.0920834 0.395568 0.102166 
0.112655 0.328125 0.0866093 0.0963565 0.099327 0.100474 0.139936 0.109957 
0.088274 0.574954 0.0910853 0.0958455 0.0901843 0.0944461 0.0934148 0.256129 
0.51492 0.514738 0.114837 0.0954689 0.0995985 0.0829849 0.0895975 0.110138 
0.667003 0.150341 0.273898 0.0823504 0.0941357 0.0809344 0.0925426 0.0806445 
0.619874 0.0808573 0.566998 0.0922774 0.118183 0.0822069 0.0831681 0.0949574 
0.674631 0.078101 0.664546 0.0781479 0.115964 0.0786265 0.0888009 0.0806696 
0.675491 0.07717 0.665284 0.0506163 0.519294 0.0550534 0.0892257 0.0976578 
0.566381 0.102094 0.536687 0.0744647 0.536357 0.0702029 0.090072 0.095498 
0.158929 0.467688 0.189638 0.128255 0.232441 0.0952999 0.0543638 0.521168 
0.0854085 0.666511 0.0948733 0.109858 0.108553 0.0958852 0.0843735 0.472199 
0.104524 0.633535 0.0877205 0.0902691 0.0967913 0.0871332 0.0905385 0.21061 
0.101217 0.444462 0.095504 0.0857826 0.0938797 0.0896676 0.107372 0.122995 
0.120473 0.175022 0.10389 0.0831559 0.0930183 0.0853402 0.0870481 0.11 
0.0997995 0.102817 0.0965923 0.0827738 0.090586 0.091475 0.127132 0.110108 
0.133079 0.0897615 0.0881353 0.0797328 0.087575 0.0793277 0.100361 0.133387 
0.129362 0.0764508 0.0866198 0.074453 0.089145 0.070146 0.496026 0.0983974 
0.536546 0.0542665 0.0797524 0.0770137 0.080914 0.0925695 0.145479 0.568309 
0.673195 0.0602294 0.0826294 0.07458 0.0873437 0.0847419 0.0799738 0.671015 
0.510997 0.076182 0.083983 0.0789061 0.0864186 0.0838191 0.102726 0.41029 
0.262216 0.0907934 0.0869485 0.0794311 0.0930969 0.0860578 0.0964103 0.316477 
0.124877 0.0886448 0.0876199 0.0878785 0.0914641 0.0866404 0.0980446 0.278868 
0.0768412 0.0886008 0.0855206 0.0887353 0.114388 0.091642 0.0708144 0.569546 
0.0761723 0.0811125 0.0876074 0.111506 0.12381 0.0834816 0.0760873 0.635128 
0.0756048 0.0801536 0.0885893 0.0674341 0.546803 0.0547148 0.0688936 0.679837 
0.0688276 0.0872088 0.0632944 0.516358 0.631615 0.0661914 0.0662978 0.682068 
0.082197 0.0847609 0.0719625 0.611056 0.484987 0.0786061 0.0745034 0.502007 
0.0949324 0.0809529 0.0885293 0.431287 0.22818 0.0951524 0.093362 0.200743 
0.094275 0.0820337 0.105058 0.187085 0.1349 0.0927154 0.0882499 0.110262 
0.0845031 0.0812754 0.0931016 0.112622 0.143 0.0928623 0.0828922 0.0965913 
0.0843574 0.080403 0.0903605 0.0978407 0.135562 0.0856257 0.0770733 0.088535 
0.0798146 0.073839 0.0845758 0.0592966 0.529955 0.0593772 0.076084 0.082591 
0.0814399 0.0754438 0.0851043 0.0671973 0.667587 0.0622819 0.0729022 0.0816167 
0.0725845 0.068988 0.0757036 0.0636608 0.616768 0.0617509 0.0691654 0.0759591 
0.0777236 0.0766565 0.0818863 0.0878517 0.309064 0.0819382 0.0722977 0.0823792 
