0 0 0 0 0 0 0 0 
0.0174551 0.0174551 0.0174551 0.0174551 0.0174551 0.0174551 0.0174551 0.0174551 
0.0349101 0.0349101 0.0349101 0.0349101 0.0349101 0.0349101 0.0349101 0.0349101 
0.0523652 0.0523652 0.0523652 0.0523652 0.0523652 0.0523652 0.0523652 0.0523652 
0.0698203 0.0698203 0.0698203 0.0698203 0.0698203 0.0698203 0.0698203 0.0698203 
0.0872753 0.0872753 0.0872753 0.0872753 0.0872753 0.0872753 0.0872753 0.0872753 
0.10473 0.10473 0.10473 0.10473 0.10473 0.10473 0.10473 0.10473 
0.122185 0.122185 0.122185 0.122185 0.122185 0.122185 0.122185 0.122185 
0.139641 0.139641 0.139641 0.139641 0.139641 0.139641 0.139641 0.139641 
0.157096 0.157096 0.157096 0.157096 0.157096 0.157096 0.157096 0.157096 
0.174551 0.174551 0.174551 0.174551 0.174551 0.174551 0.174551 0.174551 
0.192006 0.192006 0.192006 0.192006 0.192006 0.192006 0.192006 0.192006 
0.209461 0.209461 0.209461 0.209461 0.209461 0.209461 0.209461 0.209461 
0.226916 0.226916 0.226916 0.226916 0.226916 0.226916 0.226916 0.226916 
0.244371 0.244371 0.244371 0.244371 0.244371 0.244371 0.244371 0.244371 
0.261826 0.261826 0.261826 0.261826 0.261826 0.261826 0.261826 0.261826 
0.279281 0.279281 0.279281 0.279281 0.279281 0.279281 0.279281 0.279281 
0.296736 0.296736 0.296736 0.296736 0.296736 0.296736 0.296736 0.296736 
0.314191 0.314191 0.314191 0.314191 0.314191 0.314191 0.314191 0.314191 
0.331646 0.331646 0.331646 0.331646 0.331646 0.331646 0.331646 0.331646 
0.349101 0.349101 0.349101 0.349101 0.349101 0.349101 0.349101 0.349101 
0.366556 0.366556 0.366556 0.366556 0.366556 0.366556 0.366556 0.366556 
0.384011 0.384011 0.384011 0.384011 0.384011 0.384011 0.384011 0.384011 
0.401466 0.401466 0.401466 0.401466 0.401466 0.401466 0.401466 0.401466 
0.418922 0.418922 0.418922 0.418922 0.418922 0.418922 0.418922 0.418922 
0.436377 0.436377 0.436377 0.436377 0.436377 0.436377 0.436377 0.436377 
0.453832 0.453832 0.453832 0.453832 0.453832 0.453832 0.453832 0.453832 
0.471287 0.471287 0.471287 0.471287 0.471287 0.471287 0.471287 0.471287 
0.507711 0.508576 0.503371 0.4984 0.499491 0.501473 0.511231 0.511313 
0.518204 0.517409 0.517277 0.516208 0.5159 0.516804 0.517948 0.517856 
0.554559 0.554664 0.550026 0.544779 0.545306 0.548154 0.5571 0.557425 
0.567534 0.566672 0.56651 0.564619 0.563979 0.565704 0.566804 0.567068 
0.604154 0.604337 0.599827 0.594531 0.594371 0.598155 0.605896 0.606862 
0.619077 0.618711 0.618157 0.616037 0.614734 0.617427 0.61782 0.618825 
0.656607 0.657302 0.65232 0.647376 0.646256 0.651166 0.657659 0.659507 
0.673333 0.673693 0.672332 0.670457 0.66825 0.671962 0.671559 0.673399 
0.712142 0.713462 0.707671 0.703356 0.701208 0.707144 0.712628 0.71527 
0.730649 0.731695 0.729463 0.728064 0.725017 0.729443 0.728466 0.730901 
0.771026 0.772833 0.766332 0.762705 0.759764 0.766273 0.771147 0.774201 
0.791391 0.792879 0.790086 0.789159 0.785601 0.79017 0.788974 0.791536 
0.833623 0.835606 0.828796 0.825721 0.822408 0.828881 0.833583 0.836524 
0.855969 0.857524 0.854663 0.854028 0.85041 0.854499 0.853465 0.855626 
0.900299 0.902055 0.895423 0.892637 0.889432 0.895298 0.900244 0.90256 
0.924723 0.925915 0.923483 0.922857 0.919649 0.922737 0.922226 0.923521 
0.97133 0.972429 0.966431 0.963594 0.960968 0.965789 0.971359 0.972635 
0.997894 0.998299 0.99674 0.995778 0.993419 0.995129 0.99546 0.99554 
1.04693 1.04697 1.042 1.03874 1.03711 1.04059 1.0471 1.04705 
1.0757 1.07496 1.07464 1.07299 1.07183 1.07193 1.07334 1.072 
1.12733 1.12602 1.12238 1.11835 1.11801 1.11999 1.12764 1.12613 
1.15841 1.15629 1.15747 1.15482 1.1551 1.15348 1.15608 1.15327 
1.21282 1.21 1.20788 1.20281 1.20393 1.2044 1.21325 1.2103 
1.24635 1.24278 1.24558 1.24175 1.24354 1.24024 1.24399 1.23981 
1.30378 1.29946 1.29887 1.29267 1.29524 1.29433 1.30429 1.30006 
1.33993 1.33499 1.33937 1.33437 1.33759 1.33278 1.3375 1.33215 
1.40067 1.39498 1.39582 1.38855 1.39245 1.39037 1.40124 1.39597 
1.43965 1.43355 1.43935 1.43333 1.43777 1.43171 1.43714 1.43088 
1.50402 1.49723 1.49926 1.49113 1.49612 1.49319 1.50471 1.49864 
1.5461 1.53912 1.5461 1.53932 1.54472 1.53769 1.54354 1.53662 
1.61447 1.60687 1.60983 1.60112 1.60692 1.60344 1.61534 1.60871 
1.65995 1.65237 1.66027 1.65304 1.6591 1.65138 1.65737 1.65 
1.73273 1.72459 1.7282 1.7192 1.72553 1.72179 1.73386 1.72684 
1.7819 1.774 1.78258 1.77515 1.78163 1.77344 1.77937 1.7717 
1.85954 1.85109 1.85511 1.84603 1.85269 1.84893 1.86102 1.85374 
1.91274 1.90471 1.91376 1.90635 1.91304 1.90458 1.91029 1.90245 
1.99577 1.98716 1.99138 1.9824 1.98921 1.98564 1.99767 1.99024 
2.05342 2.04541 2.05476 2.04751 2.05424 2.04567 2.05106 2.04317 
2.14252 2.13389 2.13808 2.12932 2.13613 2.13296 2.14488 2.13741 
2.20519 2.19735 2.2068 2.19984 2.20646 2.19792 2.20289 2.19509 
2.30127 2.29275 2.29669 2.28825 2.29491 2.29237 2.3041 2.29676 
2.36978 2.36227 2.37162 2.36508 2.37137 2.36304 2.36744 2.35994 
2.47406 2.4658 2.46923 2.46125 2.46753 2.46588 2.47733 2.47033 
2.54947 2.54248 2.55149 2.54556 2.55123 2.54334 2.54696 2.54001 
2.66352 2.65571 2.6583 2.65098 2.65657 2.65619 2.6672 2.6608 
2.74715 2.74094 2.74932 2.74425 2.74893 2.74177 2.74435 2.73824 
2.87295 2.86583 2.86721 2.86078 2.86531 2.86665 2.87706 2.87155 
2.96649 2.96134 2.9688 2.96486 2.96812 2.96201 2.96326 2.9583 
3.1066 3.10039 3.10016 3.09485 3.09796 3.10152 3.11123 3.10686 
3.21229 3.20848 3.21477 3.21221 3.21363 3.20887 3.2085 3.20495 
3.37032 3.3652 3.36302 3.35899 3.36034 3.36662 3.37559 3.37255 
3.49148 3.48929 3.4943 3.49335 3.49249 3.48922 3.4869 3.48495 
3.67286 3.66897 3.66465 3.66204 3.66127 3.67067 3.67891 3.67726 
3.8149 3.81474 3.81862 3.81956 3.8158 3.81391 3.80906 3.80883 
4.0284 4.02597 4.01961 4.01881 4.01531 4.02776 4.03527 4.03491 
4.20119 4.20403 4.20762 4.21092 4.20314 4.20165 4.19309 4.19472 
4.46289 4.46095 4.45565 4.45861 4.45294 4.46127 4.47037 4.46932 
4.69288 4.69541 4.71308 4.71248 4.70915 4.68853 4.6807 4.68049 
5.03185 5.03489 5.03948 5.04079 5.03143 5.02981 5.03502 5.03477 
5.52548 5.51153 5.54463 5.55056 5.52636 5.52708 5.53055 5.53227 
6.11761 6.15198 6.12803 6.13655 6.11376 6.12284 6.08972 6.09116 
5.97126 6.03494 6.23849 6.27187 6.22892 5.92283 5.72926 5.73917 
5.3705 5.42102 5.70901 6.00959 5.70445 5.42426 5.13276 5.15203 
4.90264 5.06005 5.47446 5.68908 5.4644 5.00978 4.75964 4.56622 
4.42837 4.73499 5.101 5.39587 5.20359 4.73691 4.3478 4.06238 
3.96753 4.22252 4.59744 4.84368 4.82587 4.38458 4.00023 3.64086 
3.41898 3.78907 4.09108 4.32867 4.43909 4.37645 3.93791 3.35646 
2.93986 3.32368 3.57106 3.79282 3.88389 3.95368 3.87515 3.29014 
2.68757 3.01069 3.08838 3.21758 3.50297 3.38269 3.64296 3.15414 
2.35712 2.62218 2.48394 2.72125 3.1325 2.99026 3.35838 2.83077 
2.11659 2.03397 2.18676 2.41577 2.70492 3.14814 3.07158 2.61938 
1.85198 1.60135 1.98055 2.26585 2.53713 2.99307 2.68414 2.38979 
1.51992 1.40757 1.72376 2.13447 2.11031 2.56519 2.1245 2.03313 
1.38783 1.32254 1.35178 1.8444 1.91819 2.16765 1.75988 1.87063 
1.20794 1.03727 1.09407 1.56325 2.1015 1.92878 1.50006 1.60008 
1.04444 0.8208 0.997767 1.60669 2.13317 2.05193 1.49102 1.31922 
0.852441 0.673345 0.859494 1.38444 1.8704 1.78585 1.33367 1.15787 
0.728211 0.556574 0.809898 1.20653 1.45882 1.34698 1.23221 0.858058 
0.549993 0.476209 0.722072 1.06495 1.28125 1.17321 1.12208 0.790999 
0.454889 0.407799 0.734475 1.02084 1.21093 0.865285 1.20635 0.740102 
0.322519 0.381348 0.559311 1.03652 1.19501 0.857776 1.43754 0.886844 
0.249328 0.488371 0.510576 0.809337 0.850535 0.709191 1.26828 0.849698 
0.235495 0.430001 0.642451 1.05444 0.659014 0.49162 0.965316 0.622453 
0.215438 0.316126 0.579382 0.97546 0.477799 0.346192 0.695402 0.537057 
0.187543 0.325891 0.646596 0.721697 0.443607 0.249834 0.450452 0.416693 
0.150955 0.281385 0.823489 0.725779 0.270049 0.178898 0.297963 0.364065 
0.103354 0.566559 1.05703 0.990288 0.428701 0.123848 0.165917 0.265858 
0.128399 0.422515 0.846594 0.872713 0.278375 0.122871 0.13809 0.200858 
0.121922 0.407657 0.785869 0.941531 0.390801 0.103477 0.121658 0.161794 
0.150579 0.238534 0.724579 0.888372 0.338521 0.10855 0.130512 0.180695 
0.126326 0.211288 0.499238 0.769294 0.178059 0.124413 0.116032 0.291052 
0.106705 0.379507 0.285555 0.546592 0.160808 0.148264 0.128259 0.438637 
0.116304 0.631081 0.126477 0.380137 0.157822 0.110573 0.34498 0.18809 
0.12703 0.637027 0.167511 0.212231 0.224981 0.10584 0.610622 0.322271 
0.426573 0.303715 0.267772 0.136751 0.508991 0.0818457 0.688309 0.106728 
0.671004 0.128276 0.496885 0.117173 0.659384 0.0875935 0.695876 0.117603 
0.543115 0.247917 0.739828 0.395992 0.475229 0.101003 0.645642 0.13552 
0.262102 0.613753 0.595126 0.769674 0.287643 0.132502 0.382113 0.296999 
0.268204 0.84294 0.580976 1.05289 0.492388 0.0979141 0.172312 0.415572 
0.631462 0.607976 0.66351 0.997254 0.505874 0.109342 0.142381 0.677281 
0.955624 0.4996 0.549985 0.928038 0.414936 0.102351 0.132376 0.744864 
0.894535 0.509022 0.625785 1.09459 0.632769 0.0739851 0.492371 0.991228 
0.785048 0.876804 0.447156 0.998729 0.488694 0.102743 0.516801 1.04107 
1.09797 0.704462 0.565699 0.980399 0.382839 0.302395 0.562212 1.08162 
1.18324 0.621993 0.694767 0.866497 0.280873 0.31013 0.772675 1.27131 
1.28329 0.852945 1.08956 0.705834 0.30453 0.286399 0.842944 1.40731 
0.972951 1.34489 1.05377 0.656516 0.348183 0.217439 0.799001 1.27928 
0.866632 1.37139 0.894943 0.562212 0.633226 0.117308 0.681374 1.11144 
0.608847 1.06767 0.564764 0.868602 0.814893 0.274424 0.63329 1.23233 
0.646099 0.706467 0.656837 1.19583 0.928363 0.316056 0.864631 1.20735 
0.869991 0.361585 0.63488 1.20043 0.766148 0.303115 0.827184 1.20228 
0.712895 0.317204 0.41184 0.904759 0.482598 0.385248 0.560408 1.11846 
0.539653 0.224046 0.274872 0.6759 0.435117 0.345219 0.492207 0.911703 
0.396531 0.207656 0.203792 0.449431 0.348069 0.271633 0.424444 0.871472 
0.300634 0.150483 0.155575 0.326227 0.443198 0.270142 0.475746 0.934361 
0.374291 0.124686 0.123908 0.229104 0.399277 0.239052 0.545051 0.988822 
0.376558 0.102377 0.115546 0.210444 0.532917 0.334002 0.455239 0.922156 
0.43422 0.0956649 0.105488 0.128747 0.742202 0.382456 0.426027 0.714345 
0.220417 0.103937 0.0769452 0.426478 0.997703 0.809416 0.545109 0.59173 
0.142973 0.10256 0.0912013 0.410318 0.939801 0.733421 0.926127 0.734374 
0.122648 0.0927579 0.11186 0.253811 0.800968 0.931208 1.28487 0.764018 
0.410134 0.075873 0.113067 0.235165 0.663541 0.846169 1.30874 0.733975 
0.328699 0.0997547 0.133132 0.318724 0.607889 0.649391 1.12294 0.671734 
0.217266 0.105369 0.116172 0.454083 0.746951 0.591586 1.08167 0.799204 
0.224093 0.0897313 0.468861 0.658593 1.10833 0.647692 1.22733 0.849915 
0.519601 0.088147 0.543605 0.951433 1.38826 0.867247 1.11818 0.837984 
0.351811 0.625369 0.393918 0.91104 1.4414 0.936919 0.623976 0.923363 
0.249689 0.809461 0.554064 0.693566 1.23456 0.814525 0.356257 0.771387 
0.163878 0.782837 0.461661 0.46425 0.899307 0.635672 0.356255 0.516548 
0.134395 0.681254 0.311671 0.344249 0.721314 0.579402 0.298971 0.36622 
0.16208 0.415761 0.262056 0.252914 0.500205 0.347454 0.286971 0.263942 
0.128196 0.408396 0.228799 0.178488 0.480603 0.186908 0.228925 0.206753 
0.131844 0.284378 0.252114 0.141859 0.345682 0.13512 0.166348 0.211172 
0.110249 0.127454 0.477071 0.102313 0.209028 0.144927 0.114506 0.313032 
0.0578231 0.448429 0.696631 0.0857544 0.201213 0.110172 0.0858324 0.616736 
0.0803501 0.38817 0.66097 0.0873244 0.245189 0.470781 0.0611831 0.618481 
0.121207 0.165743 0.378385 0.114012 0.258811 0.409926 0.110579 0.320232 
0.125055 0.135566 0.246108 0.104356 0.259272 0.154087 0.134126 0.157642 
0.112881 0.10463 0.144008 0.0948368 0.585372 0.0953282 0.128033 0.125888 
0.112106 0.118309 0.110541 0.101887 0.487076 0.0968012 0.136233 0.128027 
0.125909 0.0968351 0.107152 0.0907385 0.493266 0.0931796 0.15886 0.123767 
0.157744 0.122419 0.112505 0.103781 0.285517 0.0766207 0.561261 0.0968597 
0.435806 0.0798111 0.119801 0.100931 0.121915 0.0978673 0.676625 0.0880941 
0.663512 0.172484 0.207928 0.0932107 0.104918 0.0948952 0.460394 0.142828 
0.600865 0.111853 0.333689 0.0789043 0.0941393 0.123626 0.425667 0.349977 
0.365987 0.631128 0.636665 0.0678929 0.0862672 0.0623831 0.611557 0.761079 
0.19335 0.777453 0.638384 0.0785836 0.0603113 0.41156 0.908524 0.813905 
0.651697 1.00476 0.661073 0.0844388 0.0975131 0.153496 0.774228 0.975685 
0.70357 1.06027 0.551755 0.0950148 0.0927708 0.0924324 0.608468 0.833339 
0.776428 0.785483 0.200954 0.387521 0.0761602 0.113328 0.360742 0.701403 
0.691536 0.586482 0.200083 0.371455 0.0898953 0.10271 0.223853 0.709113 
0.901323 0.301893 0.164737 0.161353 0.108063 0.105852 0.1721 0.799192 
0.75211 0.162843 0.475582 0.100622 0.114516 0.075952 0.297969 0.857241 
0.753589 0.131633 0.349867 0.1041 0.0986395 0.0759817 0.54368 1.01484 
0.750809 0.102059 0.569487 0.0960874 0.111694 0.0873043 0.519547 1.00825 
0.770865 0.122884 0.468511 0.110242 0.100634 0.0997999 0.379178 0.887364 
0.740676 0.145825 0.579759 0.112143 0.277268 0.0730683 0.464579 0.885323 
0.764523 0.124394 0.700749 0.140677 0.201524 0.0955236 0.366932 0.905415 
0.891676 0.347663 0.86493 0.450119 0.102 0.101736 0.347519 0.898052 
0.886964 0.347953 0.948198 0.511659 0.113833 0.11188 0.228794 0.65943 
0.608103 0.384482 1.00366 0.681268 0.130893 0.0981425 0.422972 0.517805 
0.320928 0.376697 0.953155 0.751944 0.152052 0.131214 0.375205 0.680077 
0.339564 0.170007 0.769975 0.925813 0.30989 0.11091 0.588956 0.852801 
0.26968 0.227962 0.545601 0.888118 0.40985 0.23517 0.582447 0.856259 
0.305718 0.133866 0.412453 0.693317 0.737239 0.298898 0.558164 0.916158 
0.273728 0.548029 0.320863 0.881995 1.15086 0.651724 0.623181 0.88572 
0.452367 0.380191 0.478535 1.01548 1.4741 1.0131 0.554749 1.03523 
0.28652 0.719722 0.425891 1.04524 1.60896 1.17002 0.616479 0.791062 
0.213763 0.642354 0.35522 0.926076 1.41072 1.3329 0.812606 0.575341 
0.134727 0.482692 0.358961 0.85011 1.20498 1.323 1.09189 0.572148 
0.111698 0.663879 0.373637 0.779258 1.0156 0.929561 1.03727 0.419191 
0.126109 0.717257 0.617328 0.718542 1.29404 0.792388 0.847281 0.294103 
0.138911 0.767233 0.891838 0.546551 1.16569 0.942606 0.633932 0.336462 
0.127492 0.727355 1.23009 0.685345 1.02938 1.09219 0.701418 0.26468 
0.600361 0.615128 1.11667 0.659561 0.753629 1.00187 0.901605 0.294831 
0.818595 0.460148 0.881065 0.89233 0.456842 1.05128 0.799151 0.221909 
0.701414 0.410535 0.736274 1.19459 0.705657 1.14912 0.578156 0.159071 
0.373056 0.788321 0.4827 0.988409 0.642149 0.962768 0.333909 0.186648 
0.182357 0.636867 0.402391 0.778021 1.06692 0.825401 0.24333 0.166294 
0.136558 0.336195 0.397429 0.631025 1.21691 0.698409 0.151899 0.137111 
0.127601 0.145409 0.694396 0.448683 1.03092 0.516555 0.134315 0.11356 
0.108866 0.0972441 0.580763 0.359773 0.964667 0.397506 0.115778 0.109593 
0.105775 0.106818 0.319779 0.295124 0.850596 0.256603 0.121329 0.107714 
0.101771 0.0971513 0.199679 0.174285 0.711314 0.133825 0.114675 0.106864 
0.102811 0.10158 0.132937 0.134795 0.436029 0.123298 0.139912 0.110647 
0.0972609 0.09491 0.11837 0.12299 0.198555 0.106955 0.125032 0.106032 
0.111279 0.104691 0.110645 0.102684 0.135986 0.0722426 0.524658 0.0735323 
0.103984 0.115758 0.111593 0.0961578 0.104449 0.0920834 0.395568 0.102166 
0.112655 0.328125 0.0866093 0.0963565 0.099327 0.100474 0.139936 0.109957 
0.088274 0.574954 0.0910853 0.0958455 0.0901843 0.0944461 0.0934148 0.256129 
0.51492 0.514738 0.114837 0.0954689 0.0995985 0.0829849 0.0895975 0.110138 
0.667003 0.150341 0.273898 0.0823504 0.0941357 0.0809344 0.0925426 0.0806445 
0.619874 0.0808573 0.566998 0.0922774 0.118183 0.0822069 0.0831681 0.0949574 
0.674631 0.078101 0.664546 0.0781479 0.115964 0.0786265 0.0888009 0.0806696 
0.675491 0.07717 0.665284 0.0506163 0.519294 0.0550534 0.0892257 0.0976578 
0.566381 0.102094 0.536687 0.0744647 0.536357 0.0702029 0.090072 0.095498 
0.158929 0.467688 0.189638 0.128255 0.232441 0.0952999 0.0543638 0.521168 
0.0854085 0.666511 0.0948733 0.109858 0.108553 0.0958852 0.0843735 0.472199 
0.104524 0.633535 0.0877205 0.0902691 0.0967913 0.0871332 0.0905385 0.21061 
0.101217 0.444462 0.095504 0.0857826 0.0938797 0.0896676 0.107372 0.122995 
0.120473 0.175022 0.10389 0.0831559 0.0930183 0.0853402 0.0870481 0.11 
0.0997995 0.102817 0.0965923 0.0827738 0.090586 0.091475 0.127132 0.110108 
0.133079 0.0897615 0.0881353 0.0797328 0.087575 0.0793277 0.100361 0.133387 
0.129362 0.0764508 0.0866198 0.074453 0.089145 0.070146 0.496026 0.0983974 
0.536546 0.0542665 0.0797524 0.0770137 0.080914 0.0925695 0.145479 0.568309 
0.673195 0.0602294 0.0826294 0.07458 0.0873437 0.0847419 0.0799738 0.671015 
0.510997 0.076182 0.083983 0.0789061 0.0864186 0.0838191 0.102726 0.41029 
0.262216 0.0907934 0.0869485 0.0794311 0.0930969 0.0860578 0.0964103 0.316477 
0.124877 0.0886448 0.0876199 0.0878785 0.0914641 0.0866404 0.0980446 0.278868 
0.0768412 0.0886008 0.0855206 0.0887353 0.114388 0.091642 0.0708144 0.569546 
0.0761723 0.0811125 0.0876074 0.111506 0.12381 0.0834816 0.0760873 0.635128 
0.0756048 0.0801536 0.0885893 0.0674341 0.546803 0.0547148 0.0688936 0.679837 
0.0688276 0.0872088 0.0632944 0.516358 0.631615 0.0661914 0.0662978 0.682068 
0.082197 0.0847609 0.0719625 0.611056 0.484987 0.0786061 0.0745034 0.502007 
0.0949324 0.0809529 0.0885293 0.431287 0.22818 0.0951524 0.093362 0.200743 
0.094275 0.0820337 0.105058 0.187085 0.1349 0.0927154 0.0882499 0.110262 
0.0845031 0.0812754 0.0931016 0.112622 0.143 0.0928623 0.0828922 0.0965913 
0.0843574 0.080403 0.0903605 0.0978407 0.135562 0.0856257 0.0770733 0.088535 
0.0798146 0.073839 0.0845758 0.0592966 0.529955 0.0593772 0.076084 0.082591 
0.0814399 0.0754438 0.0851043 0.0671973 0.667587 0.0622819 0.0729022 0.0816167 
0.0725845 0.068988 0.0757036 0.0636608 0.616768 0.0617509 0.0691654 0.0759591 
0.0777236 0.0766565 0.0818863 0.0878517 0.309064 0.0819382 0.0722977 0.0823792 
