0 0 0 0 0 0 0 0 
0.0174551 0.0174551 0.0174551 0.0174551 0.0174551 0.0174551 0.0174551 0.0174551 
0.0349101 0.0349101 0.0349101 0.0349101 0.0349101 0.0349101 0.0349101 0.0349101 
0.0523652 0.0523652 0.0523652 0.0523652 0.0523652 0.0523652 0.0523652 0.0523652 
0.0698203 0.0698203 0.0698203 0.0698203 0.0698203 0.0698203 0.0698203 0.0698203 
0.0872753 0.0872753 0.0872753 0.0872753 0.0872753 0.0872753 0.0872753 0.0872753 
0.10473 0.10473 0.10473 0.10473 0.10473 0.10473 0.10473 0.10473 
0.122185 0.122185 0.122185 0.122185 0.122185 0.122185 0.122185 0.122185 
0.139641 0.139641 0.139641 0.139641 0.139641 0.139641 0.139641 0.139641 
0.157096 0.157096 0.157096 0.157096 0.157096 0.157096 0.157096 0.157096 
0.174551 0.174551 0.174551 0.174551 0.174551 0.174551 0.174551 0.174551 
0.192006 0.192006 0.192006 0.192006 0.192006 0.192006 0.192006 0.192006 
0.209461 0.209461 0.209461 0.209461 0.209461 0.209461 0.209461 0.209461 
0.226916 0.226916 0.226916 0.226916 0.226916 0.226916 0.226916 0.226916 
0.244371 0.244371 0.244371 0.244371 0.244371 0.244371 0.244371 0.244371 
0.261826 0.261826 0.261826 0.261826 0.261826 0.261826 0.261826 0.261826 
0.279281 0.279281 0.279281 0.279281 0.279281 0.279281 0.279281 0.279281 
0.296736 0.296736 0.296736 0.296736 0.296736 0.296736 0.296736 0.296736 
0.314191 0.314191 0.314191 0.314191 0.314191 0.314191 0.314191 0.314191 
0.331646 0.331646 0.331646 0.331646 0.331646 0.331646 0.331646 0.331646 
0.349101 0.349101 0.349101 0.349101 0.349101 0.349101 0.349101 0.349101 
0.366556 0.366556 0.366556 0.366556 0.366556 0.366556 0.366556 0.366556 
0.384011 0.384011 0.384011 0.384011 0.384011 0.384011 0.384011 0.384011 
0.401466 0.401466 0.401466 0.401466 0.401466 0.401466 0.401466 0.401466 
0.418922 0.418922 0.418922 0.418922 0.418922 0.418922 0.418922 0.418922 
0.436377 0.436377 0.436377 0.436377 0.436377 0.436377 0.436377 0.436377 
0.453832 0.453832 0.453832 0.453832 0.453832 0.453832 0.453832 0.453832 
0.471287 0.471287 0.471287 0.471287 0.471287 0.471287 0.471287 0.471287 
0.510305 0.517089 0.510672 0.504009 0.507096 0.514322 0.52071 0.5139 
0.522019 0.520764 0.520308 0.519769 0.519558 0.522438 0.522371 0.52232 
0.561586 0.566469 0.560081 0.554386 0.557047 0.564375 0.570013 0.564656 
0.575987 0.574311 0.57341 0.572926 0.572653 0.57585 0.576186 0.576557 
0.616396 0.620409 0.613986 0.60914 0.611405 0.618185 0.623779 0.619328 
0.633051 0.631257 0.630111 0.629805 0.629384 0.632474 0.63331 0.634006 
0.674999 0.67847 0.67197 0.667789 0.669735 0.676111 0.681801 0.677976 
0.693677 0.691747 0.690472 0.69038 0.689834 0.692887 0.694042 0.695002 
0.737428 0.740401 0.733876 0.730288 0.731967 0.738161 0.743722 0.740353 
0.757983 0.75586 0.754589 0.754737 0.754029 0.757123 0.758207 0.75939 
0.803737 0.806245 0.799757 0.796686 0.798053 0.804176 0.809296 0.806325 
0.826124 0.823804 0.822617 0.822975 0.822021 0.825174 0.825911 0.827358 
0.874031 0.876134 0.869707 0.867074 0.868077 0.874192 0.878748 0.876184 
0.898191 0.895718 0.894664 0.895215 0.893972 0.897198 0.897518 0.899263 
0.948339 0.950136 0.943789 0.94157 0.942206 0.948364 0.952355 0.950186 
0.974231 0.971705 0.970816 0.971595 0.970064 0.973375 0.973254 0.975305 
1.02675 1.02838 1.0221 1.02032 1.02061 1.02686 1.03027 1.02848 
1.05442 1.05196 1.05122 1.0523 1.05048 1.05391 1.0533 1.05566 
1.10951 1.1111 1.10482 1.10354 1.10349 1.10991 1.1127 1.11128 
1.13908 1.13679 1.13611 1.13755 1.13545 1.13907 1.13793 1.14062 
1.19698 1.19861 1.19223 1.19148 1.19109 1.19778 1.19997 1.19891 
1.22858 1.22651 1.22584 1.22765 1.22526 1.22913 1.2275 1.2305 
1.28957 1.29127 1.28474 1.28446 1.28377 1.29078 1.29245 1.29169 
1.32341 1.32152 1.32086 1.32295 1.32034 1.32443 1.32242 1.32564 
1.38784 1.38953 1.38287 1.3829 1.38202 1.38927 1.39059 1.39002 
1.42416 1.42232 1.42177 1.42392 1.42125 1.42539 1.42322 1.42653 
1.49243 1.4939 1.48726 1.48732 1.48648 1.49377 1.495 1.49444 
1.53152 1.52943 1.52921 1.53112 1.52867 1.53261 1.53057 1.53375 
1.60405 1.60494 1.59856 1.59832 1.59787 1.60493 1.60643 1.6056 
1.64619 1.64346 1.64388 1.64517 1.64334 1.64675 1.64523 1.64797 
1.72343 1.72333 1.71754 1.71658 1.71694 1.72346 1.72565 1.72422 
1.76893 1.76512 1.76657 1.76686 1.76605 1.76858 1.768 1.76996 
1.8514 1.84989 1.84505 1.84299 1.84457 1.85023 1.85352 1.85112 
1.90062 1.89538 1.89823 1.89716 1.89774 1.89906 1.89978 1.90061 
1.98896 1.98576 1.98216 1.97869 1.9818 1.98635 1.99104 1.98739 
2.04239 2.03552 2.04003 2.03737 2.03956 2.03946 2.04169 2.04117 
2.13743 2.13241 2.13018 2.12516 2.12993 2.13326 2.13951 2.13444 
2.1957 2.18717 2.19344 2.18911 2.19294 2.19136 2.19515 2.1932 
2.29845 2.29168 2.29075 2.28418 2.29057 2.29277 2.30056 2.29409 
2.36234 2.35226 2.36018 2.35429 2.35965 2.35671 2.36195 2.35866 
2.47404 2.46567 2.46577 2.45783 2.46568 2.46699 2.47621 2.46849 
2.54447 2.53303 2.54233 2.53509 2.54177 2.53774 2.54427 2.53984 
2.66658 2.65684 2.65751 2.64846 2.65755 2.6584 2.6689 2.66022 
2.74464 2.73203 2.74232 2.73402 2.74179 2.73707 2.74469 2.73942 
2.87898 2.86803 2.86868 2.85886 2.86898 2.86993 2.88159 2.87232 
2.96597 2.95234 2.9631 2.95409 2.96273 2.9579 2.96639 2.96071 
3.11486 3.10284 3.10263 3.09245 3.10341 3.10526 3.11866 3.10872 
3.21256 3.19785 3.2084 3.19903 3.20846 3.2043 3.21364 3.208 
3.3791 3.36592 3.36367 3.35356 3.36534 3.36929 3.38402 3.37489 
3.49005 3.47374 3.48314 3.47368 3.48407 3.48179 3.49218 3.48746 
3.67859 3.6637 3.65753 3.64797 3.66083 3.66891 3.68589 3.67961 
3.80656 3.78721 3.79402 3.78465 3.79659 3.79838 3.81098 3.80964 
4.02236 4.00597 3.99184 3.98424 3.99804 4.01779 4.03693 4.04212 
4.1716 4.15006 4.15037 4.1425 4.15604 4.1672 4.18332 4.19982 
4.40569 4.41769 4.37268 4.38102 4.38524 4.43163 4.4478 4.55321 
4.57366 4.59639 4.56311 4.57076 4.57529 4.61775 4.62206 4.83065 
4.91892 4.89019 4.8493 4.83897 4.87379 4.90244 5.03618 5.16568 
5.14949 5.12445 5.09858 5.08934 5.12573 5.14385 5.34092 5.43404 
5.61748 5.47784 5.44397 5.42733 5.47906 5.51228 5.78697 5.81475 
6.09867 6.00047 5.96795 5.966 5.9905 6.05137 6.16546 6.16231 
6.64753 6.56621 6.53576 6.53351 6.55809 6.60929 6.77809 6.78873 
6.10343 6.04588 6.24259 6.28602 6.22474 6.04028 6.1836 6.1843 
5.51952 5.46174 5.75305 6.00959 5.74396 5.44863 5.55353 5.58831 
4.92947 5.06005 5.47446 5.68908 5.4644 5.00978 4.9748 4.99633 
4.42837 4.73499 5.101 5.39587 5.20359 4.73691 4.35198 4.3781 
3.96753 4.22252 4.59744 4.84368 4.82587 4.38458 4.00023 3.77447 
3.41898 3.78907 4.09108 4.32867 4.43909 4.37645 3.93791 3.35646 
2.93986 3.32368 3.57106 3.79282 3.88389 3.95368 3.87515 3.29014 
2.68757 3.01069 3.08838 3.21758 3.50297 3.38269 3.64296 3.15414 
2.35712 2.62218 2.48394 2.72125 3.1325 2.99026 3.35838 2.83077 
2.11659 2.03397 2.18676 2.41577 2.70492 3.14814 3.07158 2.61938 
1.85198 1.60135 1.98055 2.26585 2.53713 2.99307 2.68414 2.38979 
1.51992 1.40757 1.72376 2.13447 2.11031 2.56519 2.1245 2.03313 
1.38783 1.32254 1.35178 1.8444 1.91819 2.16765 1.75988 1.87063 
1.20794 1.03727 1.09407 1.56325 2.1015 1.92878 1.50006 1.60008 
1.04444 0.8208 0.997767 1.60669 2.13317 2.05193 1.49102 1.31922 
0.852441 0.673345 0.859494 1.38444 1.8704 1.78585 1.33367 1.15787 
0.728211 0.556574 0.809898 1.20653 1.45882 1.34698 1.23221 0.858058 
0.549993 0.476209 0.722072 1.06495 1.28125 1.17321 1.12208 0.790999 
0.454889 0.407799 0.734475 1.02084 1.21093 0.865285 1.20635 0.740102 
0.322519 0.381348 0.559311 1.03652 1.19501 0.857776 1.43754 0.886844 
0.249328 0.488371 0.510576 0.809337 0.850535 0.709191 1.26828 0.849698 
0.235495 0.430001 0.642451 1.05444 0.659014 0.49162 0.965316 0.622453 
0.215438 0.316126 0.579382 0.97546 0.477799 0.346192 0.695402 0.537057 
0.187543 0.325891 0.646596 0.721697 0.443607 0.249834 0.450452 0.416693 
0.150955 0.281385 0.823489 0.725779 0.270049 0.178898 0.297963 0.364065 
0.103354 0.566559 1.05703 0.990288 0.428701 0.123848 0.165917 0.265858 
0.128399 0.422515 0.846594 0.872713 0.278375 0.122871 0.13809 0.200858 
0.121922 0.407657 0.785869 0.941531 0.390801 0.103477 0.121658 0.161794 
0.150579 0.238534 0.724579 0.888372 0.338521 0.10855 0.130512 0.180695 
0.126326 0.211288 0.499238 0.769294 0.178059 0.124413 0.116032 0.291052 
0.106705 0.379507 0.285555 0.546592 0.160808 0.148264 0.128259 0.438637 
0.116304 0.631081 0.126477 0.380137 0.157822 0.110573 0.34498 0.18809 
0.12703 0.637027 0.167511 0.212231 0.224981 0.10584 0.610622 0.322271 
0.426573 0.303715 0.267772 0.136751 0.508991 0.0818457 0.688309 0.106728 
0.671004 0.128276 0.496885 0.117173 0.659384 0.0875935 0.695876 0.117603 
0.543115 0.247917 0.739828 0.395992 0.475229 0.101003 0.645642 0.13552 
0.262102 0.613753 0.595126 0.769674 0.287643 0.132502 0.382113 0.296999 
0.268204 0.84294 0.580976 1.05289 0.492388 0.0979141 0.172312 0.415572 
0.631462 0.607976 0.66351 0.997254 0.505874 0.109342 0.142381 0.677281 
0.955624 0.4996 0.549985 0.928038 0.414936 0.102351 0.132376 0.744864 
0.894535 0.509022 0.625785 1.09459 0.632769 0.0739851 0.492371 0.991228 
0.785048 0.876804 0.447156 0.998729 0.488694 0.102743 0.516801 1.04107 
1.09797 0.704462 0.565699 0.980399 0.382839 0.302395 0.562212 1.08162 
1.18324 0.621993 0.694767 0.866497 0.280873 0.31013 0.772675 1.27131 
1.28329 0.852945 1.08956 0.705834 0.30453 0.286399 0.842944 1.40731 
0.972951 1.34489 1.05377 0.656516 0.348183 0.217439 0.799001 1.27928 
0.866632 1.37139 0.894943 0.562212 0.633226 0.117308 0.681374 1.11144 
0.608847 1.06767 0.564764 0.868602 0.814893 0.274424 0.63329 1.23233 
0.646099 0.706467 0.656837 1.19583 0.928363 0.316056 0.864631 1.20735 
0.869991 0.361585 0.63488 1.20043 0.766148 0.303115 0.827184 1.20228 
0.712895 0.317204 0.41184 0.904759 0.482598 0.385248 0.560408 1.11846 
0.539653 0.224046 0.274872 0.6759 0.435117 0.345219 0.492207 0.911703 
0.396531 0.207656 0.203792 0.449431 0.348069 0.271633 0.424444 0.871472 
0.300634 0.150483 0.155575 0.326227 0.443198 0.270142 0.475746 0.934361 
0.374291 0.124686 0.123908 0.229104 0.399277 0.239052 0.545051 0.988822 
0.376558 0.102377 0.115546 0.210444 0.532917 0.334002 0.455239 0.922156 
0.43422 0.0956649 0.105488 0.128747 0.742202 0.382456 0.426027 0.714345 
0.220417 0.103937 0.0769452 0.426478 0.997703 0.809416 0.545109 0.59173 
0.142973 0.10256 0.0912013 0.410318 0.939801 0.733421 0.926127 0.734374 
0.122648 0.0927579 0.11186 0.253811 0.800968 0.931208 1.28487 0.764018 
0.410134 0.075873 0.113067 0.235165 0.663541 0.846169 1.30874 0.733975 
0.328699 0.0997547 0.133132 0.318724 0.607889 0.649391 1.12294 0.671734 
0.217266 0.105369 0.116172 0.454083 0.746951 0.591586 1.08167 0.799204 
0.224093 0.0897313 0.468861 0.658593 1.10833 0.647692 1.22733 0.849915 
0.519601 0.088147 0.543605 0.951433 1.38826 0.867247 1.11818 0.837984 
0.351811 0.625369 0.393918 0.91104 1.4414 0.936919 0.623976 0.923363 
0.249689 0.809461 0.554064 0.693566 1.23456 0.814525 0.356257 0.771387 
0.163878 0.782837 0.461661 0.46425 0.899307 0.635672 0.356255 0.516548 
0.134395 0.681254 0.311671 0.344249 0.721314 0.579402 0.298971 0.36622 
0.16208 0.415761 0.262056 0.252914 0.500205 0.347454 0.286971 0.263942 
0.128196 0.408396 0.228799 0.178488 0.480603 0.186908 0.228925 0.206753 
0.131844 0.284378 0.252114 0.141859 0.345682 0.13512 0.149769 0.227475 
0.110249 0.127454 0.477071 0.102313 0.209028 0.144927 0.1045 0.34401 
0.0958636 0.448429 0.696631 0.0857544 0.201213 0.110172 0.05944 0.584388 
0.0803501 0.38817 0.66097 0.0873244 0.245189 0.470781 0.0615034 0.618481 
0.121207 0.165743 0.378385 0.114012 0.258811 0.409926 0.110666 0.320232 
0.125055 0.135566 0.246108 0.104356 0.259272 0.197385 0.125771 0.113861 
0.112881 0.10463 0.144008 0.0948368 0.585372 0.167113 0.113778 0.0535353 
0.112106 0.118309 0.110541 0.101887 0.487076 0.335147 0.0454268 0.096134 
0.125909 0.0968351 0.107152 0.0907385 0.493266 0.41924 0.0879409 0.0876872 
0.157744 0.122419 0.112505 0.103781 0.285517 0.10786 0.508092 0.090968 
0.435806 0.0798111 0.119801 0.100931 0.121915 0.0978673 0.676625 0.0881665 
0.664627 0.172484 0.207928 0.0932107 0.104918 0.0948952 0.460394 0.141894 
0.600865 0.111853 0.333689 0.0789043 0.0941393 0.123626 0.425667 0.349977 
0.365987 0.631128 0.636665 0.0678929 0.0862672 0.0623831 0.611557 0.761079 
0.19335 0.777453 0.638384 0.0785836 0.0603113 0.41156 0.908524 0.813905 
0.651697 1.00476 0.661073 0.0844388 0.0975131 0.153496 0.774228 0.975685 
0.70357 1.06027 0.551755 0.0950148 0.0927708 0.0924324 0.608468 0.833339 
0.776428 0.785483 0.200954 0.387521 0.0761602 0.113328 0.360742 0.701403 
0.691536 0.586482 0.200083 0.371455 0.0898953 0.10271 0.223853 0.709113 
0.901323 0.301893 0.164737 0.161353 0.108063 0.105852 0.1721 0.799192 
0.75211 0.16279 0.475597 0.100622 0.114516 0.075952 0.297969 0.857241 
0.753589 0.13078 0.350115 0.1041 0.0986395 0.0759817 0.54368 1.01484 
0.708443 0.139964 0.570153 0.0960874 0.111694 0.0873043 0.519547 1.00825 
0.728756 0.159229 0.470188 0.110242 0.100634 0.0997999 0.379178 0.887364 
0.742611 0.143658 0.581509 0.112143 0.277268 0.0730683 0.464579 0.885323 
0.764523 0.122322 0.702719 0.140677 0.201524 0.0955236 0.366932 0.905415 
0.891676 0.355238 0.86493 0.450119 0.102 0.101736 0.347519 0.898052 
0.886964 0.347953 0.948198 0.511659 0.113833 0.11188 0.228794 0.65943 
0.608103 0.384482 1.00366 0.681268 0.130893 0.0981425 0.422972 0.517805 
0.320928 0.376697 0.953155 0.751944 0.152052 0.131214 0.375205 0.680077 
0.339564 0.168852 0.770033 0.925813 0.30989 0.11091 0.588956 0.852801 
0.26968 0.22851 0.545601 0.888118 0.40985 0.23517 0.582447 0.856259 
0.305718 0.130392 0.41267 0.693317 0.737239 0.298898 0.558164 0.916158 
0.273728 0.549693 0.320863 0.881995 1.15086 0.651724 0.623181 0.88572 
0.452367 0.380191 0.478535 1.01548 1.4741 1.0131 0.554749 1.03523 
0.28652 0.719722 0.425891 1.04524 1.60896 1.17002 0.616479 0.791062 
0.213763 0.642354 0.35522 0.926076 1.41072 1.3329 0.812606 0.575341 
0.134727 0.482692 0.358961 0.85011 1.20498 1.323 1.09189 0.572148 
0.111698 0.663879 0.373637 0.779258 1.0156 0.929561 1.03727 0.419191 
0.126109 0.717257 0.617328 0.718542 1.29404 0.792388 0.847281 0.294103 
0.138911 0.767233 0.891838 0.546551 1.16569 0.942606 0.633932 0.336462 
0.127492 0.727355 1.23009 0.685345 1.02938 1.09219 0.701418 0.26468 
0.600361 0.615128 1.11667 0.659561 0.753629 1.00187 0.901605 0.294831 
0.818595 0.460148 0.881065 0.89233 0.456842 1.05128 0.799151 0.221909 
0.701414 0.410535 0.736274 1.19459 0.705657 1.14912 0.578156 0.159071 
0.373057 0.788321 0.4827 0.988409 0.642149 0.962768 0.333916 0.186134 
0.182453 0.636867 0.402391 0.778021 1.06692 0.825401 0.24333 0.165099 
0.136688 0.33626 0.397429 0.631025 1.21691 0.698417 0.151898 0.136595 
0.127686 0.138054 0.694396 0.448683 1.03092 0.516649 0.134312 0.113375 
0.10892 0.0919664 0.582109 0.359773 0.964667 0.397694 0.11578 0.109237 
0.105778 0.104637 0.322198 0.295124 0.850596 0.256943 0.121328 0.10741 
0.101774 0.0926903 0.199958 0.174989 0.711329 0.134057 0.114684 0.106398 
0.102813 0.100088 0.133557 0.135052 0.436592 0.123301 0.139957 0.110241 
0.0972646 0.0915093 0.118979 0.123393 0.199306 0.106959 0.124891 0.105589 
0.111314 0.104711 0.111559 0.103038 0.136336 0.0722441 0.525546 0.0728551 
0.104314 0.112442 0.112736 0.0964522 0.104535 0.0920845 0.396495 0.101663 
0.112719 0.341844 0.0867819 0.0966675 0.0993282 0.100475 0.140076 0.109615 
0.0879173 0.574954 0.0899803 0.0961531 0.0901889 0.0944472 0.0934035 0.259487 
0.516404 0.515248 0.11468 0.0957054 0.0996081 0.082986 0.0895982 0.110138 
0.667248 0.148 0.276529 0.0824484 0.0941486 0.0809357 0.0925325 0.0806445 
0.621308 0.0742322 0.566998 0.092155 0.118203 0.0822085 0.0831603 0.0949574 
0.675387 0.0706067 0.664598 0.0781952 0.114837 0.0786375 0.0887757 0.0806696 
0.67553 0.0775039 0.665455 0.0506414 0.520627 0.0550538 0.0892099 0.0976578 
0.566463 0.10286 0.536998 0.0744829 0.536395 0.0702111 0.0900319 0.0953953 
0.158924 0.481689 0.188736 0.128279 0.232725 0.0953084 0.0543125 0.521506 
0.085406 0.666511 0.094594 0.109885 0.108562 0.095891 0.0843139 0.472309 
0.104523 0.633537 0.0873885 0.0902916 0.0967879 0.0871373 0.0905011 0.210847 
0.101216 0.444823 0.0948557 0.0857996 0.0938682 0.0896708 0.107308 0.122995 
0.120472 0.171851 0.103475 0.0831676 0.0930053 0.085343 0.0870126 0.109995 
0.0997981 0.0986394 0.0957569 0.0827841 0.0905443 0.0914778 0.127028 0.1101 
0.133087 0.0876754 0.087509 0.0797419 0.0875307 0.0793315 0.0996541 0.133367 
0.129357 0.0741736 0.0853872 0.0744661 0.0889621 0.0701149 0.49737 0.0982727 
0.536699 0.0496121 0.0796906 0.0770421 0.0807971 0.0925752 0.145479 0.568708 
0.673195 0.0566783 0.0815236 0.074613 0.087008 0.084748 0.0799738 0.671015 
0.51282 0.0751296 0.0839238 0.0789343 0.0862117 0.083825 0.102723 0.410324 
0.265598 0.0892364 0.0859265 0.0794555 0.0925869 0.0860642 0.0964038 0.316508 
0.124878 0.0887279 0.0874724 0.0879005 0.0912327 0.0866514 0.0980417 0.278868 
0.0768412 0.0892066 0.0844948 0.0887589 0.113782 0.0916675 0.0708025 0.569546 
0.0761723 0.0829268 0.0877913 0.111624 0.148616 0.0836011 0.076084 0.635128 
0.0756048 0.0818959 0.0874605 0.0674721 0.491594 0.0855133 0.0688894 0.679837 
0.0688387 0.0912453 0.0590176 0.517193 0.631615 0.0662658 0.0662974 0.682081 
0.0830218 0.0861492 0.070829 0.611056 0.485153 0.0786563 0.0744999 0.503077 
0.0967905 0.0812446 0.0885917 0.433078 0.228419 0.0951775 0.093362 0.202405 
0.0954655 0.0806151 0.105205 0.190143 0.134876 0.0927312 0.0882485 0.110262 
0.0853833 0.0810718 0.0937644 0.112681 0.142992 0.0928754 0.0828952 0.0965914 
0.0848305 0.0794468 0.0904253 0.0978432 0.134762 0.0856391 0.077073 0.0885339 
0.0802946 0.0738631 0.0859497 0.0592976 0.530722 0.0593747 0.0760914 0.0825898 
0.0816793 0.0748191 0.0858785 0.0671979 0.667587 0.0622856 0.0729053 0.0816137 
0.0728725 0.0692169 0.0770216 0.063701 0.616904 0.0617553 0.0691733 0.0759573 
0.0778284 0.0758366 0.0818334 0.088447 0.310347 0.0819432 0.0722968 0.0823768 
