0 0 0 0 0 0 0 0 
0.0174551 0.0174551 0.0174551 0.0174551 0.0174551 0.0174551 0.0174551 0.0174551 
0.0349101 0.0349101 0.0349101 0.0349101 0.0349101 0.0349101 0.0349101 0.0349101 
0.0523652 0.0523652 0.0523652 0.0523652 0.0523652 0.0523652 0.0523652 0.0523652 
0.0698203 0.0698203 0.0698203 0.0698203 0.0698203 0.0698203 0.0698203 0.0698203 
0.0872753 0.0872753 0.0872753 0.0872753 0.0872753 0.0872753 0.0872753 0.0872753 
0.10473 0.10473 0.10473 0.10473 0.10473 0.10473 0.10473 0.10473 
0.122185 0.122185 0.122185 0.122185 0.122185 0.122185 0.122185 0.122185 
0.139641 0.139641 0.139641 0.139641 0.139641 0.139641 0.139641 0.139641 
0.157096 0.157096 0.157096 0.157096 0.157096 0.157096 0.157096 0.157096 
0.174551 0.174551 0.174551 0.174551 0.174551 0.174551 0.174551 0.174551 
0.192006 0.192006 0.192006 0.192006 0.192006 0.192006 0.192006 0.192006 
0.209461 0.209461 0.209461 0.209461 0.209461 0.209461 0.209461 0.209461 
0.226916 0.226916 0.226916 0.226916 0.226916 0.226916 0.226916 0.226916 
0.244371 0.244371 0.244371 0.244371 0.244371 0.244371 0.244371 0.244371 
0.261826 0.261826 0.261826 0.261826 0.261826 0.261826 0.261826 0.261826 
0.279281 0.279281 0.279281 0.279281 0.279281 0.279281 0.279281 0.279281 
0.296736 0.296736 0.296736 0.296736 0.296736 0.296736 0.296736 0.296736 
0.314191 0.314191 0.314191 0.314191 0.314191 0.314191 0.314191 0.314191 
0.331646 0.331646 0.331646 0.331646 0.331646 0.331646 0.331646 0.331646 
0.349101 0.349101 0.349101 0.349101 0.349101 0.349101 0.349101 0.349101 
0.366556 0.366556 0.366556 0.366556 0.366556 0.366556 0.366556 0.366556 
0.384011 0.384011 0.384011 0.384011 0.384011 0.384011 0.384011 0.384011 
0.401466 0.401466 0.401466 0.401466 0.401466 0.401466 0.401466 0.401466 
0.418922 0.418922 0.418922 0.418922 0.418922 0.418922 0.418922 0.418922 
0.436377 0.436377 0.436377 0.436377 0.436377 0.436377 0.436377 0.436377 
0.453832 0.453832 0.453832 0.453832 0.453832 0.453832 0.453832 0.453832 
0.471287 0.471287 0.471287 0.471287 0.471287 0.471287 0.471287 0.471287 
0.512624 0.516315 0.509453 0.508625 0.509234 0.510562 0.511309 0.507965 
0.51966 0.520666 0.521927 0.521243 0.520444 0.521574 0.525413 0.522805 
0.56299 0.566861 0.561237 0.55956 0.559595 0.56146 0.564197 0.560296 
0.574291 0.575775 0.576597 0.575302 0.574378 0.576093 0.581049 0.578141 
0.618812 0.622297 0.616457 0.614667 0.61483 0.617101 0.619934 0.616667 
0.632564 0.633955 0.634187 0.632886 0.63231 0.634721 0.639254 0.63657 
0.678504 0.681512 0.675459 0.673928 0.674419 0.677363 0.679369 0.676604 
0.694573 0.695744 0.695637 0.694486 0.694228 0.697563 0.701324 0.698762 
0.742624 0.745015 0.738803 0.737544 0.738221 0.741972 0.743269 0.741039 
0.761044 0.76172 0.761364 0.760328 0.760213 0.764411 0.767693 0.765493 
0.811295 0.812876 0.806565 0.805522 0.806248 0.810585 0.811432 0.809952 
0.831669 0.831782 0.831327 0.83041 0.830327 0.835057 0.837908 0.83623 
0.883968 0.884857 0.878562 0.877807 0.878513 0.883097 0.883403 0.882631 
0.906086 0.905841 0.905433 0.904721 0.904628 0.909619 0.911876 0.910562 
0.96059 0.961044 0.954774 0.954431 0.955073 0.959743 0.959412 0.959117 
0.984596 0.98417 0.983802 0.983358 0.983238 0.988416 0.990107 0.988942 
1.04163 1.04177 1.03545 1.03552 1.03608 1.04083 1.04001 1.04006 
1.06768 1.06713 1.06673 1.06652 1.06634 1.07173 1.07307 1.07201 
1.12746 1.12731 1.12085 1.1213 1.12172 1.1266 1.12552 1.12592 
1.15559 1.15494 1.15445 1.15446 1.15415 1.15979 1.16096 1.16006 
1.21825 1.21788 1.21122 1.21205 1.21226 1.21729 1.21606 1.21686 
1.2485 1.24783 1.24724 1.24746 1.24698 1.25288 1.2539 1.2532 
1.31424 1.31372 1.30684 1.30809 1.30805 1.31323 1.31182 1.31306 
1.34673 1.34613 1.34545 1.34591 1.34522 1.35139 1.3522 1.35171 
1.41585 1.41527 1.40815 1.40984 1.40954 1.41489 1.41323 1.4149 
1.45081 1.45033 1.44958 1.45028 1.44939 1.45585 1.45637 1.45609 
1.52371 1.52307 1.51573 1.51782 1.51731 1.52282 1.52087 1.52296 
1.56143 1.56102 1.56026 1.56111 1.56014 1.56684 1.56709 1.56695 
1.63856 1.63776 1.63025 1.63265 1.63206 1.63766 1.6355 1.63792 
1.67935 1.67887 1.67823 1.67906 1.67821 1.68506 1.68514 1.68502 
1.76122 1.76003 1.75252 1.75502 1.75462 1.76016 1.75796 1.76053 
1.80544 1.80462 1.80435 1.80488 1.80446 1.81127 1.81143 1.81108 
1.89263 1.89074 1.88345 1.88575 1.88589 1.89113 1.8892 1.89166 
1.94069 1.93919 1.93959 1.93947 1.93988 1.94638 1.94694 1.94604 
2.03388 2.0309 2.02414 2.02588 2.02696 2.0316 2.0303 2.03232 
2.08628 2.08372 2.08515 2.08396 2.08562 2.09151 2.09285 2.09103 
2.18629 2.18184 2.17587 2.17669 2.17912 2.18285 2.18256 2.1838 
2.24362 2.23965 2.24243 2.23979 2.2431 2.2481 2.25056 2.24749 
2.35147 2.34519 2.34022 2.33982 2.34395 2.34652 2.34758 2.34777 
2.41446 2.4088 2.41314 2.40876 2.41403 2.41798 2.42181 2.41726 
2.53132 2.52305 2.51902 2.51729 2.52333 2.52466 2.52729 2.52632 
2.60088 2.59345 2.5993 2.59305 2.60047 2.6034 2.60873 2.6026 
2.72833 2.71781 2.71463 2.71154 2.71962 2.71979 2.72412 2.722 
2.80548 2.79617 2.80342 2.79535 2.805 2.80713 2.81395 2.80632 
2.94545 2.93254 2.92989 2.92557 2.9358 2.93502 2.94113 2.93805 
3.03157 3.02036 3.02868 3.01894 3.03099 3.0326 3.04089 3.03198 
3.18673 3.17115 3.1686 3.16302 3.17587 3.17426 3.18245 3.17865 
3.28368 3.27047 3.27956 3.26772 3.28312 3.28413 3.29427 3.2843 
3.45774 3.4388 3.43526 3.42892 3.44501 3.4429 3.45377 3.44972 
3.56841 3.55208 3.56076 3.54736 3.56704 3.56827 3.58047 3.57022 
3.76581 3.74295 3.73585 3.72998 3.74964 3.74914 3.76322 3.7611 
3.89375 3.87396 3.87893 3.86568 3.88975 3.89478 3.90915 3.90176 
4.12103 4.09333 4.08073 4.07462 4.09881 4.10646 4.12387 4.13298 
4.26958 4.24967 4.24545 4.23469 4.26224 4.27906 4.29238 4.3061 
4.51683 4.52172 4.46748 4.48845 4.49638 4.56233 4.55434 4.65573 
4.68516 4.71804 4.66265 4.68307 4.69798 4.78314 4.74845 4.95002 
5.03251 5.02348 4.94692 4.97177 4.99999 5.08333 5.08956 5.30167 
5.30286 5.25437 5.2215 5.20127 5.33745 5.38035 5.43917 5.58035 
5.76547 5.62186 5.57481 5.56212 5.72613 5.76081 5.83574 5.97392 
6.26257 6.15312 6.11199 6.12349 6.20155 6.27948 6.28056 6.37965 
6.80879 6.71654 6.67973 6.69082 6.76133 6.83593 6.9039 6.97988 
6.23729 6.17039 6.31547 6.30189 6.35694 6.25758 6.27156 6.37132 
5.60744 5.53031 5.79286 6.00959 5.82788 5.64294 5.71106 5.73716 
5.04601 5.06168 5.47446 5.68908 5.4644 5.02191 5.11189 5.11116 
4.48462 4.73499 5.101 5.39587 5.20359 4.73691 4.51562 4.56358 
3.96753 4.22252 4.59744 4.84368 4.82587 4.38458 4.00023 3.98192 
3.41898 3.78907 4.09108 4.32867 4.43909 4.37645 3.93791 3.35646 
2.93986 3.32368 3.57106 3.79282 3.88389 3.95368 3.87515 3.29014 
2.68757 3.01069 3.08838 3.21758 3.50297 3.38269 3.64296 3.15414 
2.35712 2.62218 2.48394 2.72125 3.1325 2.99026 3.35838 2.83077 
2.11659 2.03397 2.18676 2.41577 2.70492 3.14814 3.07158 2.61938 
1.85198 1.60135 1.98055 2.26585 2.53713 2.99307 2.68414 2.38979 
1.51992 1.40757 1.72376 2.13447 2.11031 2.56519 2.1245 2.03313 
1.38783 1.32254 1.35178 1.8444 1.91819 2.16765 1.75988 1.87063 
1.20794 1.03727 1.09407 1.56325 2.1015 1.92878 1.50006 1.60008 
1.04444 0.8208 0.997767 1.60669 2.13317 2.05193 1.49102 1.31922 
0.852441 0.673345 0.859494 1.38444 1.8704 1.78585 1.33367 1.15787 
0.728211 0.556574 0.809898 1.20653 1.45882 1.34698 1.23221 0.858058 
0.549993 0.476209 0.722072 1.06495 1.28125 1.17321 1.12208 0.790999 
0.454889 0.407799 0.734475 1.02084 1.21093 0.865285 1.20635 0.740102 
0.322519 0.381348 0.559311 1.03652 1.19501 0.857776 1.43754 0.886844 
0.249328 0.488371 0.510576 0.809337 0.850535 0.709191 1.26828 0.849698 
0.235495 0.430001 0.642451 1.05444 0.659014 0.49162 0.965316 0.622453 
0.215438 0.316126 0.579382 0.97546 0.477799 0.346192 0.695402 0.537057 
0.187543 0.325891 0.646596 0.721697 0.443607 0.249834 0.450452 0.416693 
0.150955 0.281385 0.823489 0.725779 0.270049 0.178898 0.297963 0.364065 
0.103354 0.566559 1.05703 0.990288 0.428701 0.123848 0.165917 0.265858 
0.128399 0.422515 0.846594 0.872713 0.278375 0.122871 0.13809 0.200858 
0.121922 0.407657 0.785869 0.941531 0.390801 0.103477 0.121658 0.161794 
0.150579 0.238534 0.724579 0.888372 0.338521 0.10855 0.130512 0.180695 
0.126326 0.211288 0.499238 0.769294 0.178059 0.124413 0.116032 0.291052 
0.106705 0.379507 0.285555 0.546592 0.160808 0.148264 0.128259 0.438637 
0.116304 0.631081 0.126477 0.380137 0.157822 0.110573 0.34498 0.18809 
0.12703 0.637027 0.167511 0.212231 0.224981 0.10584 0.610622 0.322271 
0.426573 0.303715 0.267772 0.136751 0.508991 0.0818457 0.688309 0.106728 
0.671004 0.128276 0.496885 0.117173 0.659384 0.0875935 0.695876 0.117603 
0.543115 0.247917 0.739828 0.395992 0.475229 0.101003 0.645642 0.13552 
0.262102 0.613753 0.595126 0.769674 0.287643 0.132502 0.382113 0.296999 
0.268204 0.84294 0.580976 1.05289 0.492388 0.0979141 0.172312 0.415572 
0.631462 0.607976 0.66351 0.997254 0.505874 0.109342 0.142381 0.677281 
0.955624 0.4996 0.549985 0.928038 0.414936 0.102351 0.132376 0.744864 
0.894535 0.509022 0.625785 1.09459 0.632769 0.0739851 0.492371 0.991228 
0.785048 0.876804 0.447156 0.998729 0.488694 0.102743 0.516801 1.04107 
1.09797 0.704462 0.565699 0.980399 0.382839 0.302395 0.562212 1.08162 
1.18324 0.621993 0.694767 0.866497 0.280873 0.31013 0.772675 1.27131 
1.28329 0.852945 1.08956 0.705834 0.30453 0.286399 0.842944 1.40731 
0.972951 1.34489 1.05377 0.656516 0.348183 0.217439 0.799001 1.27928 
0.866632 1.37139 0.894943 0.562212 0.633226 0.117308 0.681374 1.11144 
0.608847 1.06767 0.564764 0.868602 0.814893 0.274424 0.63329 1.23233 
0.646099 0.706467 0.656837 1.19583 0.928363 0.316056 0.864631 1.20735 
0.869991 0.361585 0.63488 1.20043 0.766148 0.303115 0.827184 1.20228 
0.712895 0.317204 0.41184 0.904759 0.482598 0.385248 0.560408 1.11846 
0.539653 0.224046 0.274872 0.6759 0.435117 0.345219 0.492207 0.911703 
0.396531 0.207656 0.203792 0.449431 0.348069 0.271633 0.424444 0.871472 
0.300634 0.150483 0.155575 0.326227 0.443198 0.270142 0.475746 0.934361 
0.374291 0.124686 0.123908 0.229104 0.399277 0.239052 0.545051 0.988822 
0.376558 0.102377 0.115546 0.210444 0.532917 0.334002 0.455239 0.922156 
0.43422 0.0956649 0.105488 0.128747 0.742202 0.382456 0.426027 0.714345 
0.220417 0.103937 0.0769452 0.426478 0.997703 0.809416 0.545109 0.59173 
0.142973 0.10256 0.0912013 0.410318 0.939801 0.733421 0.926127 0.734374 
0.122648 0.0927579 0.11186 0.253811 0.800968 0.931208 1.28487 0.764018 
0.410134 0.075873 0.113067 0.235165 0.663541 0.846169 1.30874 0.733975 
0.328699 0.0997547 0.133132 0.318724 0.607889 0.649391 1.12294 0.671734 
0.217266 0.105369 0.116172 0.454083 0.746951 0.591586 1.08167 0.799204 
0.224093 0.0897313 0.468861 0.658593 1.10833 0.647692 1.22733 0.849915 
0.519601 0.088147 0.543605 0.951433 1.38826 0.867247 1.11818 0.837984 
0.351811 0.625369 0.393918 0.91104 1.4414 0.936919 0.623976 0.923363 
0.249689 0.809461 0.554064 0.693566 1.23456 0.814525 0.356257 0.771387 
0.163878 0.782837 0.461661 0.46425 0.899307 0.635672 0.356255 0.516548 
0.134395 0.681254 0.311671 0.344249 0.721314 0.579402 0.298971 0.36622 
0.16208 0.415761 0.262056 0.252914 0.500205 0.347454 0.286971 0.263942 
0.128196 0.408396 0.228799 0.178488 0.480603 0.186908 0.228925 0.206753 
0.131844 0.284378 0.252114 0.141859 0.345682 0.13512 0.149769 0.227475 
0.110249 0.127454 0.477071 0.102313 0.209028 0.144927 0.1045 0.34401 
0.0958636 0.448429 0.696631 0.0857544 0.201213 0.110172 0.05944 0.584388 
0.0803501 0.38817 0.66097 0.0873244 0.245189 0.470781 0.0615034 0.618481 
0.121207 0.165743 0.378385 0.114012 0.258811 0.409926 0.110666 0.320232 
0.125055 0.135566 0.246108 0.104356 0.259272 0.197385 0.125771 0.113861 
0.112881 0.10463 0.144008 0.0948368 0.585372 0.167113 0.113778 0.0535353 
0.112106 0.118309 0.110541 0.101887 0.487076 0.335147 0.0454268 0.096134 
0.125909 0.0968351 0.107152 0.0907385 0.493266 0.41924 0.0879409 0.0876872 
0.157744 0.122419 0.112505 0.103781 0.285517 0.10786 0.508092 0.090968 
0.435806 0.0798111 0.119801 0.100931 0.121915 0.0978673 0.679417 0.0854658 
0.664627 0.172484 0.207928 0.0932107 0.104918 0.0948952 0.460394 0.141894 
0.600865 0.111853 0.333689 0.0789043 0.0941393 0.123626 0.425667 0.349977 
0.365987 0.631128 0.636665 0.0678929 0.0862672 0.0623831 0.611557 0.761079 
0.19335 0.777453 0.638384 0.0785836 0.0603113 0.41156 0.908524 0.813905 
0.651697 1.00476 0.661073 0.0844388 0.0975131 0.153496 0.774228 0.975685 
0.70357 1.06027 0.551755 0.0950148 0.0927708 0.0924324 0.608468 0.833339 
0.776428 0.785483 0.200954 0.387521 0.0761602 0.113328 0.360742 0.701403 
0.691536 0.586482 0.200083 0.371455 0.0898953 0.10271 0.223853 0.709113 
0.901323 0.301893 0.164737 0.161353 0.108063 0.105852 0.1721 0.799192 
0.75211 0.16279 0.475597 0.100622 0.114516 0.075952 0.297969 0.857241 
0.753589 0.13078 0.350115 0.1041 0.0986395 0.0759817 0.54368 1.01484 
0.708443 0.139964 0.570153 0.0960874 0.111694 0.0873043 0.519547 1.00825 
0.728756 0.159229 0.470188 0.110242 0.111604 0.0890746 0.379178 0.887364 
0.742611 0.143658 0.581509 0.112143 0.277279 0.0731058 0.464579 0.885323 
0.764523 0.122322 0.702719 0.140677 0.201524 0.0955236 0.366932 0.905415 
0.891676 0.355238 0.86493 0.450119 0.102 0.101736 0.347519 0.898052 
0.886964 0.347953 0.948198 0.511659 0.113833 0.11188 0.228794 0.65943 
0.608103 0.384482 1.00366 0.681268 0.130893 0.0981425 0.422972 0.517805 
0.320928 0.376697 0.953155 0.751944 0.152052 0.131214 0.375205 0.680077 
0.339564 0.168852 0.770033 0.925813 0.30989 0.11091 0.588956 0.852801 
0.26968 0.22851 0.545601 0.888118 0.40985 0.23517 0.582447 0.856259 
0.305718 0.130392 0.41267 0.693317 0.737239 0.298898 0.558164 0.916158 
0.273728 0.549693 0.320863 0.881995 1.15086 0.651724 0.623181 0.88572 
0.452367 0.380191 0.478535 1.01548 1.4741 1.0131 0.554749 1.03523 
0.28652 0.719722 0.425891 1.04524 1.60896 1.17002 0.616479 0.791062 
0.213763 0.642354 0.35522 0.926076 1.41072 1.3329 0.812606 0.575341 
0.134727 0.482692 0.358961 0.85011 1.20498 1.323 1.09189 0.572148 
0.111698 0.663879 0.373637 0.779258 1.0156 0.929561 1.03727 0.419191 
0.126109 0.717257 0.617328 0.718542 1.29404 0.792388 0.847281 0.294103 
0.138911 0.767233 0.891838 0.546551 1.16569 0.942606 0.633932 0.336462 
0.127492 0.727355 1.23009 0.685345 1.02938 1.09219 0.701418 0.26468 
0.600361 0.615128 1.11667 0.659561 0.753629 1.00187 0.901605 0.294831 
0.818595 0.460148 0.881065 0.89233 0.456842 1.05128 0.799151 0.221909 
0.701414 0.410535 0.736274 1.19459 0.705657 1.14912 0.578156 0.159071 
0.373057 0.788321 0.4827 0.988409 0.642149 0.962768 0.333916 0.186134 
0.182453 0.636867 0.402391 0.778021 1.06692 0.825401 0.24333 0.165099 
0.136688 0.33626 0.397429 0.631025 1.21691 0.698417 0.151898 0.136595 
0.127686 0.138054 0.694396 0.448683 1.03092 0.516649 0.134312 0.113375 
0.10892 0.0919664 0.582109 0.359773 0.964667 0.397694 0.11578 0.109237 
0.105778 0.104637 0.322198 0.295124 0.850596 0.256943 0.121328 0.10741 
0.101774 0.0926903 0.196635 0.175488 0.711329 0.134057 0.114684 0.106398 
0.102813 0.100088 0.127215 0.136261 0.436592 0.123301 0.139957 0.110241 
0.0972646 0.0915093 0.111461 0.125112 0.199306 0.106959 0.124891 0.105589 
0.111314 0.104711 0.100589 0.10589 0.136336 0.0722441 0.525546 0.0728551 
0.104314 0.112442 0.103091 0.102333 0.104535 0.0920845 0.396495 0.101663 
0.112719 0.341844 0.0782328 0.106243 0.0993282 0.100475 0.140076 0.109615 
0.0879173 0.574954 0.0765862 0.105056 0.0901889 0.0944472 0.0934035 0.259487 
0.516404 0.521934 0.104542 0.0957054 0.0996081 0.082986 0.0895982 0.110138 
0.667248 0.148 0.314429 0.0824484 0.0916832 0.080951 0.0925325 0.0806445 
0.621308 0.0742322 0.566998 0.0923245 0.116617 0.0821881 0.0831603 0.0949574 
0.675387 0.0706067 0.664754 0.0782832 0.117326 0.0799212 0.0887757 0.0806696 
0.67553 0.0775039 0.665936 0.0814277 0.488756 0.0551732 0.08921 0.0976578 
0.566464 0.10286 0.537242 0.0745399 0.536552 0.0705396 0.0900319 0.0953953 
0.158924 0.481689 0.179735 0.129681 0.233754 0.0954355 0.0543125 0.52151 
0.085406 0.666511 0.0880723 0.110405 0.10852 0.0960284 0.0843159 0.472339 
0.104523 0.633538 0.0772675 0.0903387 0.0964873 0.0871274 0.0905123 0.211022 
0.101216 0.45017 0.0854799 0.0858329 0.0921823 0.0897328 0.107325 0.122995 
0.120476 0.17474 0.0950413 0.0831953 0.0909109 0.0852965 0.0870286 0.109995 
0.0997981 0.0986896 0.0890457 0.0828225 0.0852148 0.091526 0.127043 0.1101 
0.133151 0.087679 0.0820545 0.0797972 0.0837944 0.0792627 0.0996168 0.133369 
0.129357 0.0741761 0.083772 0.0745455 0.082071 0.0695363 0.497937 0.0982735 
0.536733 0.0496131 0.0811992 0.0774321 0.0776657 0.0933702 0.145479 0.568848 
0.673195 0.0566791 0.0840636 0.0749979 0.0804903 0.0855664 0.0799738 0.671015 
0.51445 0.0766943 0.0841932 0.0792699 0.0841643 0.0844294 0.102765 0.410669 
0.269775 0.0937532 0.0842303 0.0797935 0.0870281 0.0867851 0.0964803 0.316791 
0.126587 0.0935595 0.0848481 0.0883221 0.0898051 0.087513 0.0980929 0.278868 
0.0768412 0.0940774 0.0822795 0.0894104 0.109238 0.0934021 0.0708289 0.569546 
0.0761723 0.0872829 0.0866336 0.115116 0.125925 0.0874511 0.0761087 0.635128 
0.0756048 0.0865176 0.0866072 0.0954492 0.534866 0.0755583 0.0689181 0.679837 
0.0688449 0.0941536 0.0554019 0.468275 0.631615 0.0685561 0.0663572 0.682156 
0.0833395 0.0901592 0.0674104 0.611056 0.486643 0.0801024 0.0746924 0.505062 
0.0973389 0.0834648 0.0868768 0.440902 0.230577 0.0957062 0.0935824 0.205237 
0.0959357 0.0821667 0.102536 0.196389 0.1337 0.0931722 0.0884338 0.110262 
0.0857697 0.082027 0.0912289 0.112842 0.141391 0.0930966 0.083068 0.0965914 
0.0851702 0.0804771 0.0902176 0.0981455 0.121104 0.0863019 0.0772784 0.0885341 
0.0805977 0.0749334 0.090211 0.0594099 0.544993 0.0592468 0.0763802 0.0825906 
0.0819401 0.075784 0.0910991 0.0672713 0.667587 0.0624344 0.0732139 0.0816148 
0.0730841 0.0698887 0.0797283 0.0642911 0.617837 0.0618086 0.0694237 0.0759586 
0.0779957 0.0764113 0.0812458 0.0934414 0.312198 0.082161 0.0724515 0.0823785 
