0 0 0 0 0 0 0 0 
0.0174551 0.0174551 0.0174551 0.0174551 0.0174551 0.0174551 0.0174551 0.0174551 
0.0349101 0.0349101 0.0349101 0.0349101 0.0349101 0.0349101 0.0349101 0.0349101 
0.0523652 0.0523652 0.0523652 0.0523652 0.0523652 0.0523652 0.0523652 0.0523652 
0.0698203 0.0698203 0.0698203 0.0698203 0.0698203 0.0698203 0.0698203 0.0698203 
0.0872753 0.0872753 0.0872753 0.0872753 0.0872753 0.0872753 0.0872753 0.0872753 
0.10473 0.10473 0.10473 0.10473 0.10473 0.10473 0.10473 0.10473 
0.122185 0.122185 0.122185 0.122185 0.122185 0.122185 0.122185 0.122185 
0.139641 0.139641 0.139641 0.139641 0.139641 0.139641 0.139641 0.139641 
0.157096 0.157096 0.157096 0.157096 0.157096 0.157096 0.157096 0.157096 
0.174551 0.174551 0.174551 0.174551 0.174551 0.174551 0.174551 0.174551 
0.192006 0.192006 0.192006 0.192006 0.192006 0.192006 0.192006 0.192006 
0.209461 0.209461 0.209461 0.209461 0.209461 0.209461 0.209461 0.209461 
0.226916 0.226916 0.226916 0.226916 0.226916 0.226916 0.226916 0.226916 
0.244371 0.244371 0.244371 0.244371 0.244371 0.244371 0.244371 0.244371 
0.261826 0.261826 0.261826 0.261826 0.261826 0.261826 0.261826 0.261826 
0.279281 0.279281 0.279281 0.279281 0.279281 0.279281 0.279281 0.279281 
0.296736 0.296736 0.296736 0.296736 0.296736 0.296736 0.296736 0.296736 
0.314191 0.314191 0.314191 0.314191 0.314191 0.314191 0.314191 0.314191 
0.331646 0.331646 0.331646 0.331646 0.331646 0.331646 0.331646 0.331646 
0.349101 0.349101 0.349101 0.349101 0.349101 0.349101 0.349101 0.349101 
0.366556 0.366556 0.366556 0.366556 0.366556 0.366556 0.366556 0.366556 
0.384011 0.384011 0.384011 0.384011 0.384011 0.384011 0.384011 0.384011 
0.401466 0.401466 0.401466 0.401466 0.401466 0.401466 0.401466 0.401466 
0.418922 0.418922 0.418922 0.418922 0.418922 0.418922 0.418922 0.418922 
0.436377 0.436377 0.436377 0.436377 0.436377 0.436377 0.436377 0.436377 
0.453832 0.453832 0.453832 0.453832 0.453832 0.453832 0.453832 0.453832 
0.471287 0.471287 0.471287 0.471287 0.471287 0.471287 0.471287 0.471287 
0.513988 0.514268 0.511274 0.508583 0.512528 0.520509 0.51408 0.511687 
0.521281 0.521572 0.5209 0.522333 0.522237 0.521556 0.522759 0.521333 
0.56517 0.56573 0.56241 0.560321 0.563764 0.570626 0.565892 0.562406 
0.577138 0.577452 0.576062 0.57705 0.576771 0.576762 0.578713 0.576138 
0.622332 0.622562 0.618709 0.616463 0.619474 0.626155 0.622575 0.619321 
0.637223 0.637035 0.635214 0.635839 0.635312 0.635758 0.638492 0.636329 
0.683554 0.683348 0.679372 0.6772 0.679912 0.686267 0.68365 0.681317 
0.700588 0.700141 0.698338 0.698873 0.698183 0.698746 0.702064 0.700354 
0.748411 0.748168 0.744292 0.742327 0.744842 0.750765 0.748675 0.74691 
0.767667 0.767288 0.76557 0.766102 0.765239 0.765805 0.769333 0.767779 
0.817498 0.817397 0.813528 0.811787 0.814082 0.819623 0.817734 0.816354 
0.839093 0.838809 0.837052 0.837609 0.836525 0.837131 0.840703 0.839294 
0.891198 0.891185 0.887195 0.885696 0.887772 0.893047 0.891244 0.89028 
0.91511 0.914834 0.912972 0.913598 0.912319 0.913044 0.916605 0.915395 
0.969639 0.969635 0.965495 0.964277 0.966211 0.971346 0.969553 0.969 
0.995871 0.995533 0.993587 0.994326 0.992945 0.99389 0.997378 0.996334 
1.05301 1.05296 1.04869 1.04778 1.04968 1.05482 1.05296 1.05275 
1.08163 1.08118 1.07918 1.08004 1.07866 1.07995 1.08332 1.08237 
1.14157 1.14143 1.13704 1.13644 1.13839 1.14368 1.14172 1.14177 
1.17265 1.17204 1.16997 1.17095 1.16961 1.17138 1.17461 1.17371 
1.23557 1.2353 1.23073 1.23042 1.23245 1.23802 1.23593 1.23624 
1.26916 1.26834 1.26613 1.26721 1.26593 1.26825 1.27135 1.27052 
1.33519 1.33476 1.32994 1.3299 1.33201 1.33791 1.3357 1.3363 
1.37134 1.37028 1.36789 1.36906 1.36779 1.3707 1.37365 1.37294 
1.44067 1.44007 1.43494 1.43519 1.43732 1.44357 1.44122 1.44217 
1.47948 1.4782 1.47557 1.47685 1.47554 1.47902 1.48183 1.4813 
1.55238 1.55165 1.54616 1.54673 1.54884 1.5554 1.55292 1.55427 
1.59407 1.5926 1.58973 1.59113 1.58975 1.59374 1.59642 1.5961 
1.67094 1.6701 1.66426 1.66516 1.66724 1.67406 1.67143 1.67319 
1.71583 1.71418 1.71109 1.71261 1.71117 1.7156 1.71816 1.71802 
1.79717 1.79623 1.79006 1.79128 1.79336 1.80038 1.79763 1.79976 
1.8457 1.84383 1.84058 1.84214 1.84072 1.84552 1.84801 1.84798 
1.93214 1.93101 1.9246 1.92601 1.92825 1.93535 1.93258 1.93499 
1.98481 1.98255 1.97929 1.9807 1.97951 1.98454 1.98713 1.98706 
2.07708 2.07554 2.06903 2.07043 2.07309 2.08011 2.07752 2.08004 
2.13447 2.13154 2.12845 2.12944 2.1288 2.13386 2.13681 2.13648 
2.23338 2.23112 2.22472 2.22581 2.22926 2.23598 2.23386 2.23627 
2.29615 2.29216 2.28953 2.28973 2.29004 2.29489 2.29854 2.29767 
2.40267 2.39928 2.39325 2.39368 2.39836 2.40451 2.40322 2.40527 
2.47161 2.4661 2.46421 2.46324 2.46496 2.46933 2.47409 2.47236 
2.58689 2.58194 2.57652 2.57595 2.58234 2.58765 2.58756 2.58901 
2.66296 2.65547 2.65458 2.65203 2.65566 2.65932 2.66556 2.66267 
2.78845 2.78154 2.77685 2.77498 2.78355 2.78785 2.78929 2.78997 
2.87286 2.86296 2.86316 2.85874 2.86472 2.86757 2.87565 2.87135 
3.01043 3.00122 2.99713 2.99381 3.00497 3.00827 3.01149 3.01141 
3.10477 3.09204 3.09317 3.08666 3.09543 3.09762 3.10781 3.10201 
3.25687 3.24503 3.24107 3.23622 3.25046 3.25303 3.25827 3.2577 
3.36334 3.3472 3.34877 3.33997 3.35209 3.35406 3.36674 3.3595 
3.53336 3.51835 3.51357 3.50711 3.52511 3.52762 3.53523 3.535 
3.65514 3.6344 3.63554 3.62403 3.64051 3.64319 3.65902 3.65083 
3.84782 3.82883 3.821 3.81313 3.83578 3.83987 3.85031 3.85318 
3.98956 3.96239 3.96069 3.94656 3.96856 3.97428 3.99408 3.98792 
4.2109 4.18898 4.17113 4.1646 4.19154 4.20221 4.21422 4.23382 
4.3791 4.34669 4.33252 4.321 4.34673 4.36426 4.38301 4.39932 
4.61443 4.63405 4.56557 4.58512 4.60034 4.64607 4.62089 4.78655 
4.82196 4.83615 4.75731 4.77757 4.79001 4.85677 4.82646 5.06985 
5.14176 5.16242 5.05168 5.08305 5.11149 5.19074 5.1399 5.47538 
5.50645 5.38436 5.33254 5.31044 5.45221 5.47282 5.48786 5.71285 
5.91806 5.77132 5.70104 5.66738 5.95569 5.91854 5.91614 6.15234 
6.37158 6.30433 6.25148 6.26474 6.38673 6.3697 6.41191 6.54301 
6.98368 6.85829 6.81881 6.83194 6.93477 6.98872 6.97051 7.07462 
6.42089 6.30488 6.37045 6.32078 6.3619 6.39579 6.41906 6.49951 
5.80892 5.69802 5.83287 6.00959 5.82788 5.7824 5.81089 5.896 
5.22158 5.13604 5.47446 5.68908 5.4644 5.16993 5.20185 5.30247 
4.60123 4.73499 5.101 5.39587 5.20359 4.73691 4.5637 4.71264 
4.03435 4.22252 4.59744 4.84368 4.82587 4.38458 4.00023 4.13737 
3.41898 3.78907 4.09108 4.32867 4.43909 4.37645 3.93791 3.51384 
2.93986 3.32368 3.57106 3.79282 3.88389 3.95368 3.87515 3.29014 
2.68757 3.01069 3.08838 3.21758 3.50297 3.38269 3.64296 3.15414 
2.35712 2.62218 2.48394 2.72125 3.1325 2.99026 3.35838 2.83077 
2.11659 2.03397 2.18676 2.41577 2.70492 3.14814 3.07158 2.61938 
1.85198 1.60135 1.98055 2.26585 2.53713 2.99307 2.68414 2.38979 
1.51992 1.40757 1.72376 2.13447 2.11031 2.56519 2.1245 2.03313 
1.38783 1.32254 1.35178 1.8444 1.91819 2.16765 1.75988 1.87063 
1.20794 1.03727 1.09407 1.56325 2.1015 1.92878 1.50006 1.60008 
1.04444 0.8208 0.997767 1.60669 2.13317 2.05193 1.49102 1.31922 
0.852441 0.673345 0.859494 1.38444 1.8704 1.78585 1.33367 1.15787 
0.728211 0.556574 0.809898 1.20653 1.45882 1.34698 1.23221 0.858058 
0.549993 0.476209 0.722072 1.06495 1.28125 1.17321 1.12208 0.790999 
0.454889 0.407799 0.734475 1.02084 1.21093 0.865285 1.20635 0.740102 
0.322519 0.381348 0.559311 1.03652 1.19501 0.857776 1.43754 0.886844 
0.249328 0.488371 0.510576 0.809337 0.850535 0.709191 1.26828 0.849698 
0.235495 0.430001 0.642451 1.05444 0.659014 0.49162 0.965316 0.622453 
0.215438 0.316126 0.579382 0.97546 0.477799 0.346192 0.695402 0.537057 
0.187543 0.325891 0.646596 0.721697 0.443607 0.249834 0.450452 0.416693 
0.150955 0.281385 0.823489 0.725779 0.270049 0.178898 0.297963 0.364065 
0.103354 0.566559 1.05703 0.990288 0.428701 0.123848 0.165917 0.265858 
0.128399 0.422515 0.846594 0.872713 0.278375 0.122871 0.13809 0.200858 
0.121922 0.407657 0.785869 0.941531 0.390801 0.103477 0.121658 0.161794 
0.150579 0.238534 0.724579 0.888372 0.338521 0.10855 0.130512 0.180695 
0.126326 0.211288 0.499238 0.769294 0.178059 0.124413 0.116032 0.291052 
0.106705 0.379507 0.285555 0.546592 0.160808 0.148264 0.128259 0.438637 
0.116304 0.631081 0.126477 0.380137 0.157822 0.110573 0.34498 0.18809 
0.12703 0.637027 0.167511 0.212231 0.224981 0.10584 0.610622 0.322271 
0.426573 0.303715 0.267772 0.136751 0.508991 0.0818457 0.688309 0.106728 
0.671004 0.128276 0.496885 0.117173 0.659384 0.0875935 0.695876 0.117603 
0.543115 0.247917 0.739828 0.395992 0.475229 0.101003 0.645642 0.13552 
0.262102 0.613753 0.595126 0.769674 0.287643 0.132502 0.382113 0.296999 
0.268204 0.84294 0.580976 1.05289 0.492388 0.0979141 0.172312 0.415572 
0.631462 0.607976 0.66351 0.997254 0.505874 0.109342 0.142381 0.677281 
0.955624 0.4996 0.549985 0.928038 0.414936 0.102351 0.132376 0.744864 
0.894535 0.509022 0.625785 1.09459 0.632769 0.0739851 0.492371 0.991228 
0.785048 0.876804 0.447156 0.998729 0.488694 0.102743 0.516801 1.04107 
1.09797 0.704462 0.565699 0.980399 0.382839 0.302395 0.562212 1.08162 
1.18324 0.621993 0.694767 0.866497 0.280873 0.31013 0.772675 1.27131 
1.28329 0.852945 1.08956 0.705834 0.30453 0.286399 0.842944 1.40731 
0.972951 1.34489 1.05377 0.656516 0.348183 0.217439 0.799001 1.27928 
0.866632 1.37139 0.894943 0.562212 0.633226 0.117308 0.681374 1.11144 
0.608847 1.06767 0.564764 0.868602 0.814893 0.274424 0.63329 1.23233 
0.646099 0.706467 0.656837 1.19583 0.928363 0.316056 0.864631 1.20735 
0.869991 0.361585 0.63488 1.20043 0.766148 0.303115 0.827184 1.20228 
0.712895 0.317204 0.41184 0.904759 0.482598 0.385248 0.560408 1.11846 
0.539653 0.224046 0.274872 0.6759 0.435117 0.345219 0.492207 0.911703 
0.396531 0.207656 0.203792 0.449431 0.348069 0.271633 0.424444 0.871472 
0.300634 0.150483 0.155575 0.326227 0.443198 0.270142 0.475746 0.934361 
0.374291 0.124686 0.123908 0.229104 0.399277 0.239052 0.545051 0.988822 
0.376558 0.102377 0.115546 0.210444 0.532917 0.334002 0.455239 0.922156 
0.43422 0.0956649 0.105488 0.128747 0.742202 0.382456 0.426027 0.714345 
0.220417 0.103937 0.0769452 0.426478 0.997703 0.809416 0.545109 0.59173 
0.142973 0.10256 0.0912013 0.410318 0.939801 0.733421 0.926127 0.734374 
0.122648 0.0927579 0.11186 0.253811 0.800968 0.931208 1.28487 0.764018 
0.410134 0.075873 0.113067 0.235165 0.663541 0.846169 1.30874 0.733975 
0.328699 0.0997547 0.133132 0.318724 0.607889 0.649391 1.12294 0.671734 
0.217266 0.105369 0.116172 0.454083 0.746951 0.591586 1.08167 0.799204 
0.224093 0.0897313 0.468861 0.658593 1.10833 0.647692 1.22733 0.849915 
0.519601 0.088147 0.543605 0.951433 1.38826 0.867247 1.11818 0.837984 
0.351811 0.625369 0.393918 0.91104 1.4414 0.936919 0.623976 0.923363 
0.249689 0.809461 0.554064 0.693566 1.23456 0.814525 0.356257 0.771387 
0.163878 0.782837 0.461661 0.46425 0.899307 0.635672 0.356255 0.516548 
0.134395 0.681254 0.311671 0.344249 0.721314 0.579402 0.298971 0.36622 
0.16208 0.415761 0.262056 0.252914 0.500205 0.347454 0.286971 0.263942 
0.128196 0.408396 0.228799 0.178488 0.480603 0.186908 0.228925 0.206753 
0.131844 0.284378 0.252114 0.141859 0.345682 0.13512 0.149769 0.227475 
0.110249 0.127454 0.477071 0.102313 0.209028 0.144927 0.1045 0.34401 
0.0958636 0.448429 0.696631 0.0857544 0.201213 0.110172 0.05944 0.584388 
0.0803501 0.38817 0.66097 0.0873244 0.245189 0.470781 0.0615034 0.618481 
0.121207 0.165743 0.378385 0.114012 0.258811 0.409926 0.110666 0.320232 
0.125055 0.135566 0.246108 0.104356 0.259272 0.197385 0.125771 0.113861 
0.112881 0.10463 0.144008 0.0948368 0.585372 0.167113 0.113778 0.0535353 
0.112106 0.118309 0.110541 0.101887 0.487076 0.335147 0.0454268 0.096134 
0.125909 0.0968351 0.107152 0.0907385 0.493266 0.41924 0.0879409 0.0876872 
0.157744 0.122419 0.112505 0.103781 0.285517 0.10786 0.508092 0.090968 
0.435806 0.0798111 0.119801 0.100931 0.121915 0.0978673 0.679417 0.0854658 
0.664627 0.172484 0.207928 0.0932107 0.104918 0.0948952 0.460394 0.141894 
0.600865 0.111853 0.333689 0.0789043 0.0941393 0.123626 0.425667 0.349977 
0.365987 0.631128 0.636665 0.0678929 0.0862672 0.0623831 0.611557 0.761079 
0.19335 0.777453 0.638384 0.0785836 0.0603113 0.41156 0.908524 0.813905 
0.651697 1.00476 0.661073 0.0844388 0.0975131 0.153496 0.774228 0.975685 
0.70357 1.06027 0.551755 0.0950148 0.0927708 0.0924324 0.608468 0.833339 
0.776428 0.785483 0.200954 0.387521 0.0761602 0.113328 0.360742 0.701403 
0.691536 0.586482 0.200083 0.371455 0.0898953 0.10271 0.223853 0.709113 
0.901323 0.301893 0.164737 0.161353 0.108063 0.105852 0.1721 0.799192 
0.75211 0.16279 0.475597 0.100622 0.114516 0.075952 0.297969 0.857241 
0.753589 0.13078 0.350115 0.1041 0.0986395 0.0759817 0.54368 1.01484 
0.708443 0.139964 0.570153 0.0960874 0.111694 0.0873043 0.519547 1.00825 
0.728756 0.159229 0.470188 0.110242 0.111604 0.0890746 0.379178 0.887364 
0.742611 0.143658 0.581509 0.112143 0.277279 0.0731257 0.464579 0.885323 
0.764523 0.122322 0.702719 0.140677 0.204407 0.0927443 0.366932 0.905415 
0.891676 0.355238 0.86493 0.450119 0.102059 0.101677 0.347519 0.898052 
0.886964 0.347953 0.948198 0.511659 0.133369 0.092736 0.228794 0.65943 
0.608103 0.384482 1.00366 0.681268 0.130988 0.0924106 0.428847 0.517805 
0.320928 0.376697 0.953155 0.751944 0.167685 0.116005 0.375205 0.680077 
0.339564 0.168852 0.770033 0.925813 0.310037 0.110771 0.588956 0.852801 
0.26968 0.22851 0.545601 0.888118 0.40985 0.23517 0.582447 0.856259 
0.305718 0.130392 0.41267 0.693317 0.737239 0.298898 0.558164 0.916158 
0.273728 0.549693 0.320863 0.881995 1.15086 0.651724 0.623181 0.88572 
0.452367 0.380191 0.478535 1.01548 1.4741 1.0131 0.554749 1.03523 
0.28652 0.719722 0.425891 1.04524 1.60896 1.17002 0.616479 0.791062 
0.213763 0.642354 0.35522 0.926076 1.41072 1.3329 0.812606 0.575341 
0.134727 0.482692 0.358961 0.85011 1.20498 1.323 1.09189 0.572148 
0.111698 0.663879 0.373637 0.779258 1.0156 0.929561 1.03727 0.419191 
0.126109 0.717257 0.617328 0.718542 1.29404 0.792388 0.847281 0.294103 
0.138911 0.767233 0.891838 0.546551 1.16569 0.942606 0.633932 0.336462 
0.127492 0.727355 1.23009 0.685345 1.02938 1.09219 0.701418 0.26468 
0.600361 0.615128 1.11667 0.659561 0.753629 1.00187 0.901605 0.294831 
0.818595 0.460148 0.881065 0.89233 0.456842 1.05128 0.799151 0.221909 
0.701414 0.410535 0.736274 1.19459 0.705657 1.14912 0.578156 0.159071 
0.373057 0.788321 0.4827 0.988409 0.642149 0.962768 0.333916 0.186134 
0.182453 0.636867 0.402391 0.778021 1.06692 0.825401 0.24333 0.165099 
0.136688 0.33626 0.397429 0.631025 1.21691 0.698417 0.151898 0.136595 
0.127686 0.138054 0.694396 0.448683 1.03092 0.516649 0.134312 0.113375 
0.10892 0.0919664 0.582109 0.359773 0.964667 0.397694 0.11578 0.109237 
0.105778 0.104637 0.322198 0.295124 0.850596 0.256943 0.121328 0.10741 
0.101774 0.0926903 0.193974 0.1759 0.711329 0.134057 0.114684 0.106398 
0.102813 0.100088 0.122934 0.137101 0.436592 0.123301 0.139957 0.110241 
0.0972646 0.0915093 0.106719 0.126355 0.199306 0.106959 0.124891 0.105589 
0.111314 0.104711 0.0945677 0.107651 0.136336 0.0722441 0.525546 0.0728551 
0.104314 0.112442 0.0971111 0.106035 0.104535 0.0920845 0.396495 0.101663 
0.112719 0.341844 0.073676 0.111869 0.0993282 0.100475 0.140076 0.109615 
0.0879173 0.574954 0.0720709 0.109701 0.0901889 0.0944472 0.0934035 0.259487 
0.516404 0.525909 0.0966037 0.0957833 0.0996081 0.082986 0.0895982 0.110138 
0.667248 0.148 0.336179 0.0824484 0.0916832 0.080951 0.0925325 0.0806445 
0.621308 0.0742322 0.566998 0.0923245 0.116617 0.0821881 0.0831603 0.0949574 
0.675387 0.0706067 0.664754 0.0782832 0.117326 0.0799212 0.0887757 0.0806696 
0.67553 0.0775039 0.665936 0.0814277 0.488756 0.0551732 0.08921 0.0976578 
0.566464 0.10286 0.537242 0.0745399 0.536552 0.0705396 0.0900319 0.0953953 
0.158924 0.481689 0.174953 0.130195 0.233754 0.0954355 0.0543125 0.52151 
0.085406 0.666511 0.0844577 0.11077 0.10852 0.0960284 0.0843159 0.472339 
0.104523 0.633538 0.0734797 0.0904545 0.0964873 0.0871274 0.0905123 0.211022 
0.101216 0.452495 0.0806651 0.0858329 0.0921823 0.0897328 0.107325 0.122995 
0.120476 0.17607 0.0906227 0.0831953 0.0909109 0.0852965 0.0870286 0.109995 
0.0997981 0.0986901 0.0842003 0.0828225 0.0852148 0.091526 0.127043 0.1101 
0.133151 0.0876794 0.0778416 0.0797972 0.0837944 0.0792627 0.0996168 0.133369 
0.129357 0.0741764 0.0794146 0.0745617 0.082071 0.0695363 0.497937 0.0982735 
0.536733 0.0496132 0.0787708 0.0776969 0.0776657 0.0933702 0.145479 0.568848 
0.673195 0.0566792 0.0828109 0.0752623 0.0804907 0.0855664 0.0799738 0.671015 
0.515578 0.0776757 0.0835851 0.0794802 0.0841652 0.0844294 0.102765 0.410669 
0.272812 0.0967371 0.0832512 0.0799545 0.0870298 0.0867851 0.0964803 0.316792 
0.127039 0.0969259 0.0834569 0.0884516 0.0898065 0.0875131 0.0980929 0.278868 
0.0768412 0.0973662 0.0808839 0.0895117 0.10931 0.0934022 0.0708289 0.569546 
0.0761723 0.089983 0.0850712 0.115166 0.125926 0.0874514 0.0761087 0.635128 
0.0756048 0.0892674 0.0859668 0.0950405 0.534983 0.0755503 0.0689181 0.679837 
0.0688498 0.0961142 0.0504625 0.469177 0.631615 0.0685562 0.0663572 0.682164 
0.0837186 0.0929981 0.0617089 0.611056 0.48665 0.0801025 0.0746924 0.505931 
0.0979965 0.0857733 0.082444 0.445437 0.230587 0.0957062 0.0935824 0.206567 
0.0964807 0.0839117 0.0991777 0.202622 0.133732 0.0931722 0.0884338 0.110262 
0.0861975 0.0830573 0.0891136 0.112925 0.141398 0.0930967 0.083068 0.0965896 
0.0855329 0.081499 0.0886025 0.0981655 0.121104 0.0863019 0.0772785 0.0885329 
0.0809103 0.0758286 0.0906092 0.0594174 0.544993 0.0592468 0.0763803 0.0825887 
0.0822027 0.0766916 0.0932426 0.0672762 0.667587 0.0624344 0.0732139 0.0816133 
0.0732918 0.0705044 0.0816131 0.0647191 0.618158 0.0618086 0.0694237 0.0759559 
0.0781573 0.0769733 0.0818924 0.0976582 0.316696 0.082161 0.0724515 0.0823756 
