0 0 0 0 0 0 0 0 
0.0174551 0.0174551 0.0174551 0.0174551 0.0174551 0.0174551 0.0174551 0.0174551 
0.0349101 0.0349101 0.0349101 0.0349101 0.0349101 0.0349101 0.0349101 0.0349101 
0.0523652 0.0523652 0.0523652 0.0523652 0.0523652 0.0523652 0.0523652 0.0523652 
0.0698203 0.0698203 0.0698203 0.0698203 0.0698203 0.0698203 0.0698203 0.0698203 
0.0872753 0.0872753 0.0872753 0.0872753 0.0872753 0.0872753 0.0872753 0.0872753 
0.10473 0.10473 0.10473 0.10473 0.10473 0.10473 0.10473 0.10473 
0.122185 0.122185 0.122185 0.122185 0.122185 0.122185 0.122185 0.122185 
0.139641 0.139641 0.139641 0.139641 0.139641 0.139641 0.139641 0.139641 
0.157096 0.157096 0.157096 0.157096 0.157096 0.157096 0.157096 0.157096 
0.174551 0.174551 0.174551 0.174551 0.174551 0.174551 0.174551 0.174551 
0.192006 0.192006 0.192006 0.192006 0.192006 0.192006 0.192006 0.192006 
0.209461 0.209461 0.209461 0.209461 0.209461 0.209461 0.209461 0.209461 
0.226916 0.226916 0.226916 0.226916 0.226916 0.226916 0.226916 0.226916 
0.244371 0.244371 0.244371 0.244371 0.244371 0.244371 0.244371 0.244371 
0.261826 0.261826 0.261826 0.261826 0.261826 0.261826 0.261826 0.261826 
0.279281 0.279281 0.279281 0.279281 0.279281 0.279281 0.279281 0.279281 
0.296736 0.296736 0.296736 0.296736 0.296736 0.296736 0.296736 0.296736 
0.314191 0.314191 0.314191 0.314191 0.314191 0.314191 0.314191 0.314191 
0.331646 0.331646 0.331646 0.331646 0.331646 0.331646 0.331646 0.331646 
0.349101 0.349101 0.349101 0.349101 0.349101 0.349101 0.349101 0.349101 
0.366556 0.366556 0.366556 0.366556 0.366556 0.366556 0.366556 0.366556 
0.384011 0.384011 0.384011 0.384011 0.384011 0.384011 0.384011 0.384011 
0.401466 0.401466 0.401466 0.401466 0.401466 0.401466 0.401466 0.401466 
0.418922 0.418922 0.418922 0.418922 0.418922 0.418922 0.418922 0.418922 
0.436377 0.436377 0.436377 0.436377 0.436377 0.436377 0.436377 0.436377 
0.453832 0.453832 0.453832 0.453832 0.453832 0.453832 0.453832 0.453832 
0.471287 0.471287 0.471287 0.471287 0.471287 0.471287 0.471287 0.471287 
0.513661 0.510488 0.5045 0.507993 0.51439 0.512312 0.507616 0.506517 
0.521447 0.520861 0.521622 0.522128 0.521403 0.52258 0.525902 0.523905 
0.565988 0.563382 0.559136 0.561024 0.564987 0.563971 0.562633 0.561108 
0.578869 0.578335 0.579399 0.578599 0.576892 0.578185 0.58334 0.581156 
0.624554 0.621879 0.618286 0.619154 0.621832 0.620821 0.620863 0.619854 
0.640258 0.639284 0.640622 0.639214 0.637414 0.638442 0.643953 0.642005 
0.687211 0.684235 0.681354 0.681769 0.684095 0.682951 0.683041 0.682472 
0.705595 0.704351 0.706159 0.704359 0.702844 0.703715 0.708706 0.706744 
0.754733 0.751719 0.749488 0.749564 0.751813 0.750683 0.750183 0.749733 
0.776209 0.774931 0.777096 0.774997 0.773809 0.774799 0.77902 0.776789 
0.82815 0.825179 0.823345 0.823242 0.825496 0.82469 0.823544 0.82307 
0.852742 0.851418 0.853695 0.851496 0.850631 0.852079 0.855671 0.853164 
0.907521 0.904507 0.902801 0.90275 0.90504 0.904823 0.903216 0.902785 
0.934898 0.933478 0.935663 0.93356 0.932976 0.935073 0.938244 0.935564 
0.992319 0.989253 0.987497 0.987661 0.98996 0.990414 0.988499 0.988186 
1.02219 1.02074 1.02273 1.02081 1.02042 1.02316 1.02606 1.02325 
1.08221 1.07919 1.0773 1.07772 1.07995 1.08099 1.07888 1.07869 
1.11453 1.11319 1.11496 1.11318 1.11288 1.11613 1.11889 1.11594 
1.17736 1.1745 1.17245 1.17304 1.17514 1.17656 1.17439 1.17434 
1.21232 1.21117 1.21272 1.21098 1.21067 1.21423 1.217 1.21394 
1.27831 1.27567 1.27342 1.27412 1.27601 1.27761 1.27549 1.27562 
1.31618 1.31526 1.31656 1.31482 1.31444 1.31813 1.32098 1.31788 
1.38572 1.38329 1.38082 1.38159 1.38326 1.3849 1.38286 1.38323 
1.42677 1.42605 1.42709 1.42534 1.42488 1.42863 1.43158 1.42847 
1.50023 1.49795 1.49521 1.49611 1.49758 1.49922 1.49723 1.49788 
1.54471 1.54409 1.54483 1.54313 1.54263 1.54649 1.54949 1.54639 
1.62238 1.62015 1.61709 1.61819 1.61952 1.62125 1.61928 1.62021 
1.67045 1.66985 1.67024 1.66866 1.66815 1.67225 1.6753 1.6722 
1.75262 1.75034 1.74689 1.74825 1.74949 1.75145 1.74948 1.75072 
1.80443 1.80376 1.80375 1.80234 1.80184 1.80633 1.80944 1.80635 
1.89138 1.88897 1.88509 1.88677 1.88793 1.89023 1.88828 1.88986 
1.94713 1.94637 1.94592 1.94469 1.9442 1.94918 1.95237 1.94933 
2.03925 2.0367 2.03235 2.03438 2.03545 2.03816 2.03622 2.0382 
2.0993 2.09845 2.09756 2.09651 2.09599 2.10151 2.10479 2.10182 
2.19718 2.19451 2.18966 2.19205 2.19301 2.19613 2.1942 2.19664 
2.26205 2.26115 2.25983 2.25893 2.25837 2.26442 2.26781 2.26491 
2.3665 2.36371 2.35837 2.36111 2.36198 2.36546 2.36354 2.36648 
2.4369 2.43597 2.43422 2.43343 2.43285 2.43941 2.44292 2.4401 
2.54896 2.54603 2.54018 2.54325 2.54408 2.54788 2.54597 2.54945 
2.6258 2.62479 2.62262 2.62187 2.62134 2.6284 2.63208 2.6293 
2.74675 2.74356 2.73718 2.74052 2.74145 2.74553 2.74366 2.74773 
2.83114 2.82987 2.8273 2.82643 2.82616 2.83372 2.83768 2.83485 
2.96251 2.9588 2.95187 2.95534 2.95666 2.96097 2.95931 2.96394 
3.05579 3.05393 3.05098 3.04977 3.05006 3.05814 3.06265 3.05961 
3.1995 3.19478 3.18731 3.19067 3.19281 3.19733 3.19617 3.20136 
3.30333 3.3003 3.29702 3.29509 3.29643 3.3051 3.31061 3.30716 
3.4618 3.45535 3.44733 3.45019 3.45379 3.4585 3.45839 3.46418 
3.5784 3.57335 3.56973 3.56657 3.56963 3.57902 3.58627 3.58222 
3.75494 3.74571 3.73705 3.73883 3.7448 3.74974 3.75153 3.7583 
3.88753 3.8791 3.87492 3.8699 3.87557 3.88602 3.89615 3.8917 
4.08696 4.07325 4.06502 4.0634 4.07319 4.07864 4.08356 4.09312 
4.24019 4.22673 4.22115 4.21361 4.22275 4.2353 4.24958 4.24768 
4.46879 4.45023 4.43991 4.4355 4.44936 4.45789 4.46558 4.48871 
4.64836 4.63226 4.62046 4.61353 4.62274 4.64351 4.6563 4.67899 
4.90061 4.91143 4.86917 4.87963 4.88684 4.91679 4.91853 5.03045 
5.10721 5.14019 5.08823 5.1035 5.09826 5.1578 5.12421 5.34421 
5.43777 5.4789 5.3919 5.42511 5.41992 5.49518 5.44913 5.74056 
5.79049 5.80121 5.74886 5.75575 5.755 5.82907 5.8101 6.02773 
6.2035 6.20879 6.15266 6.2017 6.22331 6.21805 6.2102 6.4624 
6.75921 6.6879 6.70479 6.70967 6.73242 6.75329 6.78515 6.84592 
7.31656 7.31621 7.26294 7.27258 7.29422 7.31701 7.34609 7.40122 
6.76711 6.70635 6.70724 6.74609 6.74028 6.72706 6.76979 6.85072 
6.16266 6.10067 6.10435 6.09803 6.12974 6.11536 6.16231 6.20806 
5.54164 5.48665 5.47446 5.68908 5.52187 5.50187 5.53494 5.65583 
4.92009 4.87333 5.101 5.39587 5.20359 4.88914 4.92827 5.07042 
4.30907 4.24275 4.59744 4.84368 4.82587 4.38458 4.28543 4.47961 
3.702 3.78907 4.09108 4.32867 4.43909 4.37645 3.93791 3.9215 
3.09435 3.32368 3.57106 3.79282 3.88389 3.95368 3.87515 3.33596 
2.68757 3.01069 3.08838 3.21758 3.50297 3.38269 3.64296 3.15414 
2.35712 2.62218 2.48394 2.72125 3.1325 2.99026 3.35838 2.83077 
2.11659 2.03397 2.18676 2.41577 2.70492 3.14814 3.07158 2.61938 
1.85198 1.60135 1.98055 2.26585 2.53713 2.99307 2.68414 2.38979 
1.51992 1.40757 1.72376 2.13447 2.11031 2.56519 2.1245 2.03313 
1.38783 1.32254 1.35178 1.8444 1.91819 2.16765 1.75988 1.87063 
1.20794 1.03727 1.09407 1.56325 2.1015 1.92878 1.50006 1.60008 
1.04444 0.8208 0.997767 1.60669 2.13317 2.05193 1.49102 1.31922 
0.852441 0.673345 0.859494 1.38444 1.8704 1.78585 1.33367 1.15787 
0.728211 0.556574 0.809898 1.20653 1.45882 1.34698 1.23221 0.858058 
0.549993 0.476209 0.722072 1.06495 1.28125 1.17321 1.12208 0.790999 
0.454889 0.407799 0.734475 1.02084 1.21093 0.865285 1.20635 0.740102 
0.322519 0.381348 0.559311 1.03652 1.19501 0.857776 1.43754 0.886844 
0.249328 0.488371 0.510576 0.809337 0.850535 0.709191 1.26828 0.849698 
0.235495 0.430001 0.642451 1.05444 0.659014 0.49162 0.965316 0.622453 
0.215438 0.316126 0.579382 0.97546 0.477799 0.346192 0.695402 0.537057 
0.187543 0.325891 0.646596 0.721697 0.443607 0.249834 0.450452 0.416693 
0.150955 0.281385 0.823489 0.725779 0.270049 0.178898 0.297963 0.364065 
0.103354 0.566559 1.05703 0.990288 0.428701 0.123848 0.165917 0.265858 
0.128399 0.422515 0.846594 0.872713 0.278375 0.122871 0.13809 0.200858 
0.121922 0.407657 0.785869 0.941531 0.390801 0.103477 0.121658 0.161794 
0.150579 0.238534 0.724579 0.888372 0.338521 0.10855 0.130512 0.180695 
0.126326 0.211288 0.499238 0.769294 0.178059 0.124413 0.116032 0.291052 
0.106705 0.379507 0.285555 0.546592 0.160808 0.148264 0.128259 0.438637 
0.116304 0.631081 0.126477 0.380137 0.157822 0.110573 0.34498 0.18809 
0.12703 0.637027 0.167511 0.212231 0.224981 0.10584 0.610622 0.322271 
0.426573 0.303715 0.267772 0.136751 0.508991 0.0818457 0.688309 0.106728 
0.671004 0.128276 0.496885 0.117173 0.659384 0.0875935 0.695876 0.117603 
0.543115 0.247917 0.739828 0.395992 0.475229 0.101003 0.645642 0.13552 
0.262102 0.613753 0.595126 0.769674 0.287643 0.132502 0.382113 0.296999 
0.268204 0.84294 0.580976 1.05289 0.492388 0.0979141 0.172312 0.415572 
0.631462 0.607976 0.66351 0.997254 0.505874 0.109342 0.142381 0.677281 
0.955624 0.4996 0.549985 0.928038 0.414936 0.102351 0.132376 0.744864 
0.894535 0.509022 0.625785 1.09459 0.632769 0.0739851 0.492371 0.991228 
0.785048 0.876804 0.447156 0.998729 0.488694 0.102743 0.516801 1.04107 
1.09797 0.704462 0.565699 0.980399 0.382839 0.302395 0.562212 1.08162 
1.18324 0.621993 0.694767 0.866497 0.280873 0.31013 0.772675 1.27131 
1.28329 0.852945 1.08956 0.705834 0.30453 0.286399 0.842944 1.40731 
0.972951 1.34489 1.05377 0.656516 0.348183 0.217439 0.799001 1.27928 
0.866632 1.37139 0.894943 0.562212 0.633226 0.117308 0.681374 1.11144 
0.608847 1.06767 0.564764 0.868602 0.814893 0.274424 0.63329 1.23233 
0.646099 0.706467 0.656837 1.19583 0.928363 0.316056 0.864631 1.20735 
0.869991 0.361585 0.63488 1.20043 0.766148 0.303115 0.827184 1.20228 
0.712895 0.317204 0.41184 0.904759 0.482598 0.385248 0.560408 1.11846 
0.539653 0.224046 0.274872 0.6759 0.435117 0.345219 0.492207 0.911703 
0.396531 0.207656 0.203792 0.449431 0.348069 0.271633 0.424444 0.871472 
0.300634 0.150483 0.155575 0.326227 0.443198 0.270142 0.475746 0.934361 
0.374291 0.124686 0.123908 0.229104 0.399277 0.239052 0.545051 0.988822 
0.376558 0.102377 0.115546 0.210444 0.532917 0.334002 0.455239 0.922156 
0.43422 0.0956649 0.105488 0.128747 0.742202 0.382456 0.426027 0.714345 
0.220417 0.103937 0.0769452 0.426478 0.997703 0.809416 0.545109 0.59173 
0.142973 0.10256 0.0912013 0.410318 0.939801 0.733421 0.926127 0.734374 
0.122648 0.0927579 0.11186 0.253811 0.800968 0.931208 1.28487 0.764018 
0.410134 0.075873 0.113067 0.235165 0.663541 0.846169 1.30874 0.733975 
0.328699 0.0997547 0.133132 0.318724 0.607889 0.649391 1.12294 0.671734 
0.217266 0.105369 0.116172 0.454083 0.746951 0.591586 1.08167 0.799204 
0.224093 0.0897313 0.468861 0.658593 1.10833 0.647692 1.22733 0.849915 
0.519601 0.088147 0.543605 0.951433 1.38826 0.867247 1.11818 0.837984 
0.351811 0.625369 0.393918 0.91104 1.4414 0.936919 0.623976 0.923363 
0.249689 0.809461 0.554064 0.693566 1.23456 0.814525 0.356257 0.771387 
0.163878 0.782837 0.461661 0.46425 0.899307 0.635672 0.356255 0.516548 
0.134395 0.681254 0.311671 0.344249 0.721314 0.579402 0.298971 0.36622 
0.16208 0.415761 0.262056 0.252914 0.500205 0.347454 0.286971 0.263942 
0.128196 0.408396 0.228799 0.178488 0.480603 0.186908 0.228925 0.206753 
0.131844 0.284378 0.252114 0.141859 0.345682 0.13512 0.149769 0.227475 
0.110249 0.127454 0.477071 0.102313 0.209028 0.144927 0.1045 0.34401 
0.0958636 0.448429 0.696631 0.0857544 0.201213 0.110172 0.05944 0.584388 
0.0803501 0.38817 0.66097 0.0873244 0.245189 0.470781 0.0615034 0.618481 
0.121207 0.165743 0.378385 0.114012 0.258811 0.409926 0.110666 0.320232 
0.125055 0.135566 0.246108 0.104356 0.259272 0.197385 0.125771 0.113861 
0.112881 0.10463 0.144008 0.0948368 0.585372 0.167113 0.113778 0.0535353 
0.112106 0.118309 0.110541 0.101887 0.487076 0.335147 0.0454268 0.096134 
0.125909 0.0968351 0.107152 0.0907385 0.493266 0.41924 0.0879409 0.0876872 
0.157744 0.122419 0.112505 0.103781 0.285517 0.10786 0.508092 0.090968 
0.435806 0.0798111 0.119801 0.100931 0.121915 0.0978673 0.679417 0.0854658 
0.664627 0.172484 0.207928 0.0932107 0.104918 0.0948952 0.460394 0.141894 
0.600865 0.111853 0.333689 0.0789043 0.0941393 0.123626 0.425667 0.349977 
0.365987 0.631128 0.636665 0.0678929 0.0862672 0.0623831 0.611557 0.761079 
0.19335 0.777453 0.638384 0.0785836 0.0603113 0.41156 0.908524 0.813905 
0.651697 1.00476 0.661073 0.0844388 0.0975131 0.153496 0.774228 0.975685 
0.70357 1.06027 0.551755 0.0950148 0.0927708 0.0924324 0.608468 0.833339 
0.776428 0.785483 0.200954 0.387521 0.0761602 0.113328 0.360742 0.701403 
0.691536 0.586482 0.200083 0.371455 0.0898953 0.10271 0.223853 0.709113 
0.901323 0.301893 0.164737 0.161353 0.108063 0.105852 0.1721 0.799192 
0.75211 0.16279 0.475597 0.100622 0.114516 0.075952 0.297969 0.857241 
0.753589 0.13078 0.350115 0.1041 0.0986395 0.0759817 0.54368 1.01484 
0.708443 0.139964 0.570153 0.0960874 0.111694 0.0873043 0.519547 1.00825 
0.728756 0.159229 0.470188 0.110242 0.111604 0.0890746 0.379178 0.887364 
0.742611 0.143658 0.581509 0.112143 0.277279 0.0731257 0.464579 0.885323 
0.764523 0.122322 0.702719 0.140677 0.204407 0.0927443 0.366932 0.905415 
0.891676 0.355238 0.86493 0.450119 0.102059 0.101677 0.347519 0.898052 
0.886964 0.347953 0.948198 0.511686 0.131553 0.0927387 0.228794 0.65943 
0.608103 0.384482 1.00366 0.681285 0.131419 0.0927635 0.428847 0.517805 
0.320928 0.376697 0.953155 0.754222 0.180064 0.103371 0.377082 0.680077 
0.339564 0.168852 0.770033 0.925813 0.384856 0.0416384 0.588956 0.852801 
0.26968 0.22851 0.545601 0.888118 0.40985 0.23517 0.582447 0.856259 
0.305718 0.130392 0.41267 0.693317 0.737239 0.298898 0.558164 0.916158 
0.273728 0.549693 0.320863 0.881995 1.15086 0.651724 0.623181 0.88572 
0.452367 0.380191 0.478535 1.01548 1.4741 1.0131 0.554749 1.03523 
0.28652 0.719722 0.425891 1.04524 1.60896 1.17002 0.616479 0.791062 
0.213763 0.642354 0.35522 0.926076 1.41072 1.3329 0.812606 0.575341 
0.134727 0.482692 0.358961 0.85011 1.20498 1.323 1.09189 0.572148 
0.111698 0.663879 0.373637 0.779258 1.0156 0.929561 1.03727 0.419191 
0.126109 0.717257 0.617328 0.718542 1.29404 0.792388 0.847281 0.294103 
0.138911 0.767233 0.891838 0.546551 1.16569 0.942606 0.633932 0.336462 
0.127492 0.727355 1.23009 0.685345 1.02938 1.09219 0.701418 0.26468 
0.600361 0.615128 1.11667 0.659561 0.753629 1.00187 0.901605 0.294831 
0.818595 0.460148 0.881065 0.89233 0.456842 1.05128 0.799151 0.221909 
0.701414 0.410535 0.736274 1.19459 0.705657 1.14912 0.578156 0.159071 
0.373057 0.788321 0.4827 0.988409 0.642149 0.962768 0.333916 0.186134 
0.182453 0.636867 0.402391 0.778021 1.06692 0.825401 0.24333 0.165099 
0.136688 0.33626 0.397429 0.631025 1.21691 0.698417 0.151898 0.136595 
0.127686 0.138054 0.694396 0.448683 1.03092 0.516649 0.134312 0.113375 
0.10892 0.0919664 0.582109 0.359773 0.964667 0.397694 0.11578 0.109237 
0.105778 0.104637 0.322198 0.295124 0.850596 0.256943 0.121328 0.10741 
0.101774 0.0926903 0.191183 0.171801 0.711423 0.134057 0.114684 0.106398 
0.102813 0.100088 0.118531 0.124132 0.437906 0.123301 0.139957 0.110241 
0.0972646 0.0915093 0.101616 0.11315 0.199966 0.106959 0.124891 0.105589 
0.111314 0.104711 0.0886374 0.0878226 0.1377 0.0722441 0.525546 0.0728551 
0.104314 0.112442 0.0921411 0.0912544 0.108828 0.0920845 0.396495 0.101663 
0.112719 0.341844 0.0705378 0.0850679 0.101735 0.101262 0.140076 0.109615 
0.0879173 0.574954 0.0698946 0.0921989 0.086616 0.0951555 0.0934035 0.259487 
0.516404 0.529241 0.0890839 0.0868412 0.0974279 0.083416 0.0895982 0.110138 
0.667248 0.148 0.356292 0.084962 0.0868379 0.0817065 0.0925326 0.0806445 
0.621308 0.0742322 0.566998 0.0655071 0.119365 0.0832376 0.0831609 0.0949574 
0.675387 0.0706067 0.666792 0.0667452 0.0984041 0.0827504 0.0887766 0.0806696 
0.67553 0.0775039 0.648301 0.043706 0.523224 0.0557431 0.0892115 0.0976578 
0.566464 0.10286 0.558994 0.0698264 0.548596 0.0710451 0.0900326 0.0953953 
0.158924 0.481689 0.170807 0.132596 0.241409 0.0957076 0.0543128 0.52151 
0.085406 0.666511 0.0810598 0.121931 0.104142 0.0962757 0.0843171 0.472348 
0.104523 0.633541 0.074054 0.0957492 0.0854978 0.0873549 0.0905159 0.211062 
0.101216 0.457435 0.0843449 0.0909878 0.0795509 0.0898717 0.107338 0.122995 
0.120477 0.182547 0.0964142 0.0812273 0.0848783 0.0853601 0.0870337 0.109995 
0.0997981 0.0996218 0.0852776 0.0822155 0.0788697 0.0915773 0.127059 0.1101 
0.133152 0.0876794 0.0788781 0.0750612 0.0843338 0.0792903 0.0995686 0.133374 
0.129357 0.0741764 0.078311 0.0737104 0.0832212 0.0694725 0.498135 0.0982733 
0.536734 0.0496132 0.0798801 0.0740823 0.0765439 0.0969645 0.145479 0.568852 
0.673195 0.0566792 0.0819304 0.0750978 0.0783786 0.087809 0.0799738 0.671015 
0.517251 0.0789145 0.0816248 0.0769898 0.0835694 0.0863949 0.102853 0.41104 
0.27721 0.100825 0.0810617 0.0800667 0.0858419 0.0882428 0.0966226 0.317099 
0.129622 0.101242 0.0814017 0.08646 0.0886213 0.0896732 0.0981837 0.278868 
0.0768412 0.101477 0.0798604 0.0883949 0.109783 0.096344 0.0708747 0.569546 
0.0761723 0.0942201 0.0860868 0.107075 0.138135 0.0942576 0.0761514 0.635128 
0.0756048 0.0934796 0.0973303 0.0655703 0.518746 0.0863986 0.0689663 0.679837 
0.0688619 0.100268 0.0784594 0.508489 0.633992 0.0719949 0.0664361 0.68224 
0.0842163 0.0965676 0.0618265 0.614618 0.488792 0.0818151 0.0748986 0.508873 
0.0988257 0.088752 0.0801299 0.453213 0.233631 0.0964336 0.0937838 0.210877 
0.0971844 0.0858354 0.0957585 0.208816 0.121555 0.093586 0.0885944 0.110353 
0.0867725 0.0843789 0.0871553 0.101461 0.131513 0.0934399 0.0832135 0.0965888 
0.0860422 0.0827891 0.0869289 0.0837495 0.125164 0.0893292 0.077477 0.0885266 
0.081371 0.077301 0.0907429 0.0427885 0.521002 0.0828012 0.076679 0.0825825 
0.0826076 0.0779927 0.0955117 0.0506721 0.667587 0.0639419 0.0735212 0.0815989 
0.073621 0.0715225 0.084133 0.0845106 0.565528 0.0628973 0.0696633 0.0759481 
0.0784184 0.0777708 0.0834011 0.0792796 0.3332 0.0827869 0.0725955 0.0823601 
