0 0 0 0 0 0 0 0 
0.0174551 0.0174551 0.0174551 0.0174551 0.0174551 0.0174551 0.0174551 0.0174551 
0.0349101 0.0349101 0.0349101 0.0349101 0.0349101 0.0349101 0.0349101 0.0349101 
0.0523652 0.0523652 0.0523652 0.0523652 0.0523652 0.0523652 0.0523652 0.0523652 
0.0698203 0.0698203 0.0698203 0.0698203 0.0698203 0.0698203 0.0698203 0.0698203 
0.0872753 0.0872753 0.0872753 0.0872753 0.0872753 0.0872753 0.0872753 0.0872753 
0.10473 0.10473 0.10473 0.10473 0.10473 0.10473 0.10473 0.10473 
0.122185 0.122185 0.122185 0.122185 0.122185 0.122185 0.122185 0.122185 
0.139641 0.139641 0.139641 0.139641 0.139641 0.139641 0.139641 0.139641 
0.157096 0.157096 0.157096 0.157096 0.157096 0.157096 0.157096 0.157096 
0.174551 0.174551 0.174551 0.174551 0.174551 0.174551 0.174551 0.174551 
0.192006 0.192006 0.192006 0.192006 0.192006 0.192006 0.192006 0.192006 
0.209461 0.209461 0.209461 0.209461 0.209461 0.209461 0.209461 0.209461 
0.226916 0.226916 0.226916 0.226916 0.226916 0.226916 0.226916 0.226916 
0.244371 0.244371 0.244371 0.244371 0.244371 0.244371 0.244371 0.244371 
0.261826 0.261826 0.261826 0.261826 0.261826 0.261826 0.261826 0.261826 
0.279281 0.279281 0.279281 0.279281 0.279281 0.279281 0.279281 0.279281 
0.296736 0.296736 0.296736 0.296736 0.296736 0.296736 0.296736 0.296736 
0.314191 0.314191 0.314191 0.314191 0.314191 0.314191 0.314191 0.314191 
0.331646 0.331646 0.331646 0.331646 0.331646 0.331646 0.331646 0.331646 
0.349101 0.349101 0.349101 0.349101 0.349101 0.349101 0.349101 0.349101 
0.366556 0.366556 0.366556 0.366556 0.366556 0.366556 0.366556 0.366556 
0.384011 0.384011 0.384011 0.384011 0.384011 0.384011 0.384011 0.384011 
0.401466 0.401466 0.401466 0.401466 0.401466 0.401466 0.401466 0.401466 
0.418922 0.418922 0.418922 0.418922 0.418922 0.418922 0.418922 0.418922 
0.436377 0.436377 0.436377 0.436377 0.436377 0.436377 0.436377 0.436377 
0.453832 0.453832 0.453832 0.453832 0.453832 0.453832 0.453832 0.453832 
0.471287 0.471287 0.471287 0.471287 0.471287 0.471287 0.471287 0.471287 
0.515553 0.51241 0.511104 0.506403 0.51074 0.508716 0.508284 0.50654 
0.521105 0.520693 0.522382 0.521163 0.521059 0.521881 0.520905 0.522669 
0.566701 0.563717 0.563394 0.559303 0.562548 0.561851 0.56121 0.559858 
0.57736 0.577054 0.578715 0.577894 0.577628 0.57928 0.578631 0.579351 
0.624624 0.621954 0.621272 0.618157 0.620781 0.621106 0.621108 0.618772 
0.639139 0.638993 0.639993 0.639582 0.639243 0.641411 0.641518 0.641181 
0.688469 0.685948 0.684736 0.682179 0.684348 0.685099 0.685832 0.683021 
0.706187 0.706048 0.706568 0.706289 0.705889 0.707965 0.708736 0.707947 
0.757798 0.755192 0.753747 0.751526 0.753349 0.753955 0.755201 0.752338 
0.778445 0.778091 0.778486 0.778312 0.777936 0.779553 0.780746 0.779797 
0.832526 0.82961 0.828237 0.826349 0.828014 0.828295 0.82982 0.827024 
0.855945 0.855249 0.855763 0.855762 0.855548 0.856752 0.858163 0.857083 
0.912631 0.909359 0.90822 0.906655 0.908325 0.908437 0.910074 0.907286 
0.938753 0.937781 0.938494 0.938647 0.938649 0.939687 0.941179 0.939912 
0.998223 0.994716 0.993809 0.992462 0.994142 0.994329 0.995979 0.993171 
1.02708 1.026 1.02686 1.02706 1.02718 1.02828 1.02978 1.02838 
1.08957 1.08598 1.08521 1.08394 1.08551 1.08594 1.08756 1.08484 
1.12127 1.12023 1.12112 1.12126 1.12135 1.12264 1.1241 1.12274 
1.18702 1.18347 1.18272 1.18146 1.18279 1.18354 1.18507 1.18262 
1.22168 1.22077 1.22161 1.22169 1.22163 1.22316 1.22451 1.22335 
1.29094 1.28746 1.28668 1.28544 1.28648 1.28758 1.28895 1.28687 
1.32866 1.3279 1.32864 1.32874 1.32851 1.33028 1.33147 1.33056 
1.40163 1.39823 1.39738 1.39625 1.39703 1.39845 1.39961 1.3979 
1.44251 1.44189 1.44252 1.44272 1.44238 1.44437 1.44532 1.44465 
1.51941 1.51604 1.51512 1.51415 1.51476 1.51648 1.51739 1.51601 
1.56355 1.56306 1.56355 1.56392 1.56354 1.56574 1.56644 1.56594 
1.64465 1.64129 1.64025 1.6395 1.64001 1.64202 1.64269 1.64156 
1.69225 1.69185 1.69216 1.69274 1.69239 1.69479 1.69529 1.6949 
1.7779 1.7745 1.77328 1.77275 1.77323 1.77555 1.77606 1.77512 
1.8292 1.82886 1.82893 1.82973 1.82944 1.83209 1.83245 1.83214 
1.91982 1.91634 1.91488 1.91456 1.91503 1.9177 1.91814 1.91739 
1.97511 1.97484 1.9746 1.97563 1.97537 1.97832 1.97863 1.97841 
2.07122 2.06764 2.06589 2.06576 2.06618 2.06924 2.0697 2.06916 
2.1309 2.13071 2.1301 2.13138 2.13108 2.13436 2.13467 2.13457 
2.23313 2.22948 2.22739 2.22743 2.22775 2.23121 2.23172 2.23143 
2.29775 2.29768 2.29667 2.2982 2.29781 2.30141 2.3017 2.3018 
2.40698 2.40325 2.40077 2.401 2.40116 2.40504 2.40556 2.40559 
2.47724 2.47731 2.47584 2.47766 2.47715 2.48109 2.48131 2.48166 
2.59454 2.59065 2.58773 2.58816 2.58819 2.59252 2.59304 2.59343 
2.67128 2.67141 2.66942 2.67159 2.67098 2.67532 2.67545 2.6761 
2.79786 2.79365 2.79024 2.79087 2.79086 2.79573 2.79628 2.79707 
2.88199 2.88202 2.87947 2.882 2.88141 2.88627 2.88637 2.88735 
3.01927 3.01446 3.01052 3.01131 3.01143 3.01697 3.0177 3.0189 
3.11187 3.11158 3.10842 3.11128 3.1109 3.11638 3.11662 3.11795 
3.26165 3.25584 3.25138 3.25219 3.25271 3.25898 3.26017 3.26174 
3.36417 3.36323 3.35945 3.36251 3.36259 3.36876 3.36941 3.37108 
3.52887 3.52159 3.51662 3.51719 3.5185 3.52549 3.52753 3.52942 
3.64339 3.6414 3.63694 3.63994 3.64087 3.64777 3.64924 3.65131 
3.82656 3.81697 3.81171 3.81191 3.81452 3.82207 3.82526 3.82754 
3.95611 3.95243 3.94715 3.94993 3.95231 3.96005 3.96267 3.9656 
4.16293 4.14973 4.14452 4.14412 4.14813 4.15654 4.16155 4.16473 
4.31173 4.30588 4.29894 4.30146 4.30541 4.31533 4.31907 4.32557 
4.55002 4.5322 4.52529 4.52325 4.53342 4.53985 4.5493 4.55565 
4.72291 4.71822 4.70515 4.7113 4.71458 4.7308 4.7309 4.75741 
5.00183 4.98463 4.96766 4.97156 4.98056 5.00032 4.99715 5.04032 
5.18949 5.23281 5.17806 5.21517 5.19524 5.25251 5.19309 5.38562 
5.51556 5.55838 5.49214 5.52895 5.51263 5.59155 5.50191 5.83556 
5.87303 5.89614 5.845 5.86527 5.87027 5.9173 5.87705 6.1004 
6.36459 6.30743 6.27133 6.28812 6.31032 6.36038 6.31597 6.56066 
6.87993 6.82478 6.80399 6.80208 6.82482 6.84459 6.8717 6.98232 
7.4449 7.38725 7.36731 7.36559 7.38694 7.40741 7.42893 7.53655 
6.88452 6.84647 6.82913 6.82559 6.84202 6.8664 6.88697 6.96377 
6.25585 6.21156 6.20525 6.19763 6.23098 6.23859 6.2622 6.32561 
5.6578 5.5962 5.59768 5.68908 5.62273 5.60323 5.64203 5.77742 
5.05267 4.98136 5.101 5.39587 5.20359 4.99472 5.02972 5.15496 
4.41821 4.36823 4.59744 4.84368 4.82587 4.38458 4.41238 4.5203 
3.81761 3.79195 4.09108 4.32867 4.43909 4.37645 3.93791 3.98629 
3.17646 3.32368 3.57106 3.79282 3.88389 3.95368 3.87515 3.41298 
2.68757 3.01069 3.08838 3.21758 3.50297 3.38269 3.64296 3.15414 
2.35712 2.62218 2.48394 2.72125 3.1325 2.99026 3.35838 2.83077 
2.11659 2.03397 2.18676 2.41577 2.70492 3.14814 3.07158 2.61938 
1.85198 1.60135 1.98055 2.26585 2.53713 2.99307 2.68414 2.38979 
1.51992 1.40757 1.72376 2.13447 2.11031 2.56519 2.1245 2.03313 
1.38783 1.32254 1.35178 1.8444 1.91819 2.16765 1.75988 1.87063 
1.20794 1.03727 1.09407 1.56325 2.1015 1.92878 1.50006 1.60008 
1.04444 0.8208 0.997767 1.60669 2.13317 2.05193 1.49102 1.31922 
0.852441 0.673345 0.859494 1.38444 1.8704 1.78585 1.33367 1.15787 
0.728211 0.556574 0.809898 1.20653 1.45882 1.34698 1.23221 0.858058 
0.549993 0.476209 0.722072 1.06495 1.28125 1.17321 1.12208 0.790999 
0.454889 0.407799 0.734475 1.02084 1.21093 0.865285 1.20635 0.740102 
0.322519 0.381348 0.559311 1.03652 1.19501 0.857776 1.43754 0.886844 
0.249328 0.488371 0.510576 0.809337 0.850535 0.709191 1.26828 0.849698 
0.235495 0.430001 0.642451 1.05444 0.659014 0.49162 0.965316 0.622453 
0.215438 0.316126 0.579382 0.97546 0.477799 0.346192 0.695402 0.537057 
0.187543 0.325891 0.646596 0.721697 0.443607 0.249834 0.450452 0.416693 
0.150955 0.281385 0.823489 0.725779 0.270049 0.178898 0.297963 0.364065 
0.103354 0.566559 1.05703 0.990288 0.428701 0.123848 0.165917 0.265858 
0.128399 0.422515 0.846594 0.872713 0.278375 0.122871 0.13809 0.200858 
0.121922 0.407657 0.785869 0.941531 0.390801 0.103477 0.121658 0.161794 
0.150579 0.238534 0.724579 0.888372 0.338521 0.10855 0.130512 0.180695 
0.126326 0.211288 0.499238 0.769294 0.178059 0.124413 0.116032 0.291052 
0.106705 0.379507 0.285555 0.546592 0.160808 0.148264 0.128259 0.438637 
0.116304 0.631081 0.126477 0.380137 0.157822 0.110573 0.34498 0.18809 
0.12703 0.637027 0.167511 0.212231 0.224981 0.10584 0.610622 0.322271 
0.426573 0.303715 0.267772 0.136751 0.508991 0.0818457 0.688309 0.106728 
0.671004 0.128276 0.496885 0.117173 0.659384 0.0875935 0.695876 0.117603 
0.543115 0.247917 0.739828 0.395992 0.475229 0.101003 0.645642 0.13552 
0.262102 0.613753 0.595126 0.769674 0.287643 0.132502 0.382113 0.296999 
0.268204 0.84294 0.580976 1.05289 0.492388 0.0979141 0.172312 0.415572 
0.631462 0.607976 0.66351 0.997254 0.505874 0.109342 0.142381 0.677281 
0.955624 0.4996 0.549985 0.928038 0.414936 0.102351 0.132376 0.744864 
0.894535 0.509022 0.625785 1.09459 0.632769 0.0739851 0.492371 0.991228 
0.785048 0.876804 0.447156 0.998729 0.488694 0.102743 0.516801 1.04107 
1.09797 0.704462 0.565699 0.980399 0.382839 0.302395 0.562212 1.08162 
1.18324 0.621993 0.694767 0.866497 0.280873 0.31013 0.772675 1.27131 
1.28329 0.852945 1.08956 0.705834 0.30453 0.286399 0.842944 1.40731 
0.972951 1.34489 1.05377 0.656516 0.348183 0.217439 0.799001 1.27928 
0.866632 1.37139 0.894943 0.562212 0.633226 0.117308 0.681374 1.11144 
0.608847 1.06767 0.564764 0.868602 0.814893 0.274424 0.63329 1.23233 
0.646099 0.706467 0.656837 1.19583 0.928363 0.316056 0.864631 1.20735 
0.869991 0.361585 0.63488 1.20043 0.766148 0.303115 0.827184 1.20228 
0.712895 0.317204 0.41184 0.904759 0.482598 0.385248 0.560408 1.11846 
0.539653 0.224046 0.274872 0.6759 0.435117 0.345219 0.492207 0.911703 
0.396531 0.207656 0.203792 0.449431 0.348069 0.271633 0.424444 0.871472 
0.300634 0.150483 0.155575 0.326227 0.443198 0.270142 0.475746 0.934361 
0.374291 0.124686 0.123908 0.229104 0.399277 0.239052 0.545051 0.988822 
0.376558 0.102377 0.115546 0.210444 0.532917 0.334002 0.455239 0.922156 
0.43422 0.0956649 0.105488 0.128747 0.742202 0.382456 0.426027 0.714345 
0.220417 0.103937 0.0769452 0.426478 0.997703 0.809416 0.545109 0.59173 
0.142973 0.10256 0.0912013 0.410318 0.939801 0.733421 0.926127 0.734374 
0.122648 0.0927579 0.11186 0.253811 0.800968 0.931208 1.28487 0.764018 
0.410134 0.075873 0.113067 0.235165 0.663541 0.846169 1.30874 0.733975 
0.328699 0.0997547 0.133132 0.318724 0.607889 0.649391 1.12294 0.671734 
0.217266 0.105369 0.116172 0.454083 0.746951 0.591586 1.08167 0.799204 
0.224093 0.0897313 0.468861 0.658593 1.10833 0.647692 1.22733 0.849915 
0.519601 0.088147 0.543605 0.951433 1.38826 0.867247 1.11818 0.837984 
0.351811 0.625369 0.393918 0.91104 1.4414 0.936919 0.623976 0.923363 
0.249689 0.809461 0.554064 0.693566 1.23456 0.814525 0.356257 0.771387 
0.163878 0.782837 0.461661 0.46425 0.899307 0.635672 0.356255 0.516548 
0.134395 0.681254 0.311671 0.344249 0.721314 0.579402 0.298971 0.36622 
0.16208 0.415761 0.262056 0.252914 0.500205 0.347454 0.286971 0.263942 
0.128196 0.408396 0.228799 0.178488 0.480603 0.186908 0.228925 0.206753 
0.131844 0.284378 0.252114 0.141859 0.345682 0.13512 0.149769 0.227475 
0.110249 0.127454 0.477071 0.102313 0.209028 0.144927 0.1045 0.34401 
0.0958636 0.448429 0.696631 0.0857544 0.201213 0.110172 0.05944 0.584388 
0.0803501 0.38817 0.66097 0.0873244 0.245189 0.470781 0.0615034 0.618481 
0.121207 0.165743 0.378385 0.114012 0.258811 0.409926 0.110666 0.320232 
0.125055 0.135566 0.246108 0.104356 0.259272 0.197385 0.125771 0.113861 
0.112881 0.10463 0.144008 0.0948368 0.585372 0.167113 0.113778 0.0535353 
0.112106 0.118309 0.110541 0.101887 0.487076 0.335147 0.0454268 0.096134 
0.125909 0.0968351 0.107152 0.0907385 0.493266 0.41924 0.0879409 0.0876872 
0.157744 0.122419 0.112505 0.103781 0.285517 0.10786 0.508092 0.090968 
0.435806 0.0798111 0.119801 0.100931 0.121915 0.0978673 0.679417 0.0854658 
0.664627 0.172484 0.207928 0.0932107 0.104918 0.0948952 0.460394 0.141894 
0.600865 0.111853 0.333689 0.0789043 0.0941393 0.123626 0.425667 0.349977 
0.365987 0.631128 0.636665 0.0678929 0.0862672 0.0623831 0.611557 0.761079 
0.19335 0.777453 0.638384 0.0785836 0.0603113 0.41156 0.908524 0.813905 
0.651697 1.00476 0.661073 0.0844388 0.0975131 0.153496 0.774228 0.975685 
0.70357 1.06027 0.551755 0.0950148 0.0927708 0.0924324 0.608468 0.833339 
0.776428 0.785483 0.200954 0.387521 0.0761602 0.113328 0.360742 0.701403 
0.691536 0.586482 0.200083 0.371455 0.0898953 0.10271 0.223853 0.709113 
0.901323 0.301893 0.164737 0.161353 0.108063 0.105852 0.1721 0.799192 
0.75211 0.16279 0.475597 0.100622 0.114516 0.075952 0.297969 0.857241 
0.753589 0.13078 0.350115 0.1041 0.0986395 0.0759817 0.54368 1.01484 
0.708443 0.139964 0.570153 0.0960874 0.111694 0.0873043 0.519547 1.00825 
0.728756 0.159229 0.470188 0.110242 0.111604 0.0890746 0.379178 0.887364 
0.742611 0.143658 0.581509 0.112143 0.277279 0.0731257 0.464579 0.885323 
0.764523 0.122322 0.702719 0.140677 0.204407 0.0927443 0.366932 0.905415 
0.891676 0.355238 0.86493 0.450119 0.102059 0.101677 0.347519 0.898052 
0.886964 0.347953 0.948198 0.511686 0.131553 0.0927387 0.228794 0.65943 
0.608103 0.384482 1.00366 0.681285 0.131419 0.0927635 0.428847 0.517805 
0.320928 0.376697 0.953155 0.754222 0.180064 0.103371 0.377082 0.680077 
0.339564 0.168852 0.770033 0.925813 0.384856 0.0416384 0.588956 0.852801 
0.26968 0.22851 0.545601 0.888118 0.40985 0.23517 0.582447 0.856259 
0.305718 0.130392 0.41267 0.693317 0.737239 0.298898 0.558164 0.916158 
0.273728 0.549693 0.320863 0.881995 1.15086 0.651724 0.623181 0.88572 
0.452367 0.380191 0.478535 1.01548 1.4741 1.0131 0.554749 1.03523 
0.28652 0.719722 0.425891 1.04524 1.60896 1.17002 0.616479 0.791062 
0.213763 0.642354 0.35522 0.926076 1.41072 1.3329 0.812606 0.575341 
0.134727 0.482692 0.358961 0.85011 1.20498 1.323 1.09189 0.572148 
0.111698 0.663879 0.373637 0.779258 1.0156 0.929561 1.03727 0.419191 
0.126109 0.717257 0.617328 0.718542 1.29404 0.792388 0.847281 0.294103 
0.138911 0.767233 0.891838 0.546551 1.16569 0.942606 0.633932 0.336462 
0.127492 0.727355 1.23009 0.685345 1.02938 1.09219 0.701418 0.26468 
0.600361 0.615128 1.11667 0.659561 0.753629 1.00187 0.901605 0.294831 
0.818595 0.460148 0.881065 0.89233 0.456842 1.05128 0.799151 0.221909 
0.701414 0.410535 0.736274 1.19459 0.705657 1.14912 0.578156 0.159071 
0.373057 0.788321 0.4827 0.988409 0.642149 0.962768 0.333916 0.186134 
0.182453 0.636867 0.402391 0.778021 1.06692 0.825401 0.24333 0.165099 
0.136688 0.33626 0.397429 0.631025 1.21691 0.698417 0.151898 0.136595 
0.127686 0.138054 0.694396 0.448683 1.03092 0.516649 0.134312 0.113375 
0.10892 0.0919664 0.582109 0.359773 0.964667 0.397694 0.11578 0.109237 
0.105778 0.104637 0.322198 0.295124 0.850596 0.256943 0.121328 0.10741 
0.101774 0.0926903 0.191183 0.171801 0.711423 0.134057 0.114684 0.106398 
0.102813 0.100088 0.118531 0.124132 0.437906 0.123301 0.139957 0.110241 
0.0972646 0.0915093 0.101616 0.11315 0.199966 0.106959 0.124891 0.105589 
0.111314 0.104711 0.0886374 0.0878226 0.1377 0.0722441 0.525546 0.0728551 
0.104314 0.112442 0.0921411 0.0912544 0.108828 0.0920845 0.396495 0.101663 
0.112719 0.341844 0.0705378 0.0850679 0.101735 0.101262 0.140076 0.109615 
0.0879173 0.574954 0.0698946 0.0921989 0.086616 0.0951555 0.0934035 0.259487 
0.516404 0.529241 0.0890839 0.0868412 0.0974279 0.083416 0.0895982 0.110138 
0.667248 0.148 0.356292 0.084962 0.0868379 0.0817065 0.0925326 0.0806445 
0.621308 0.0742322 0.566998 0.0655071 0.119365 0.0832376 0.0831609 0.0949574 
0.675387 0.0706067 0.666792 0.0667452 0.0984041 0.0827504 0.0887766 0.0806696 
0.67553 0.0775039 0.648301 0.043706 0.523224 0.0557431 0.0892115 0.0976578 
0.566464 0.10286 0.558994 0.0698264 0.548596 0.0710451 0.0900326 0.0953953 
0.158924 0.481689 0.170807 0.132596 0.241409 0.0957076 0.0543128 0.52151 
0.085406 0.666511 0.0810598 0.121931 0.104142 0.0962757 0.0843171 0.472348 
0.104523 0.633541 0.074054 0.0957492 0.0854978 0.0873549 0.0905159 0.211062 
0.101216 0.457435 0.0843449 0.0909878 0.0795509 0.0898717 0.107338 0.122995 
0.120477 0.182547 0.0964142 0.0812273 0.0848783 0.0853601 0.0870337 0.109995 
0.0997981 0.0996218 0.0852776 0.0822155 0.0788697 0.0915773 0.127059 0.1101 
0.133152 0.0876794 0.0788781 0.0750612 0.0843338 0.0792903 0.0995686 0.133374 
0.129357 0.0741764 0.078311 0.0737104 0.0832212 0.0694725 0.498135 0.0982733 
0.536734 0.0496132 0.0798801 0.0740823 0.0765439 0.0969645 0.145479 0.568852 
0.673195 0.0566792 0.0819304 0.0750978 0.0783786 0.087809 0.0799738 0.671015 
0.517251 0.0789145 0.0816248 0.0769898 0.0835694 0.0863949 0.102853 0.41104 
0.27721 0.100825 0.0810617 0.0800667 0.0858419 0.0882428 0.0966226 0.317099 
0.129622 0.101242 0.0814017 0.08646 0.0886213 0.0896732 0.0981837 0.278868 
0.0768412 0.101477 0.0798604 0.0883949 0.109783 0.096344 0.0708747 0.569546 
0.0761723 0.0942201 0.0860868 0.107075 0.138135 0.0942576 0.0761514 0.635128 
0.0756048 0.0934796 0.0973303 0.0655703 0.518746 0.0863962 0.0689663 0.679837 
0.0688619 0.100268 0.0784594 0.508489 0.633992 0.0719949 0.0664361 0.68224 
0.0842163 0.0965676 0.0618265 0.614618 0.488792 0.0818151 0.0748986 0.508873 
0.0988257 0.088752 0.0801299 0.453213 0.233631 0.0964336 0.0937838 0.210877 
0.0971844 0.0858354 0.0957585 0.208816 0.121555 0.093586 0.0885944 0.110353 
0.0867725 0.0843789 0.0871553 0.101461 0.131513 0.0934399 0.0832135 0.0965888 
0.0860422 0.0827891 0.0869289 0.0837495 0.125164 0.0893292 0.077477 0.0885266 
0.081371 0.077301 0.0907429 0.0427885 0.521002 0.0828004 0.076679 0.0825825 
0.0826076 0.0779927 0.0955117 0.0506721 0.667587 0.0639419 0.0735212 0.0815989 
0.073621 0.0715225 0.084133 0.0845106 0.565528 0.0628973 0.0696633 0.0759481 
0.0784184 0.0777708 0.0834011 0.0792796 0.332764 0.0827869 0.0725955 0.0823601 
