0 0 0 0 0 0 0 0 
0.0174551 0.0174551 0.0174551 0.0174551 0.0174551 0.0174551 0.0174551 0.0174551 
0.0349101 0.0349101 0.0349101 0.0349101 0.0349101 0.0349101 0.0349101 0.0349101 
0.0523652 0.0523652 0.0523652 0.0523652 0.0523652 0.0523652 0.0523652 0.0523652 
0.0698203 0.0698203 0.0698203 0.0698203 0.0698203 0.0698203 0.0698203 0.0698203 
0.0872753 0.0872753 0.0872753 0.0872753 0.0872753 0.0872753 0.0872753 0.0872753 
0.10473 0.10473 0.10473 0.10473 0.10473 0.10473 0.10473 0.10473 
0.122185 0.122185 0.122185 0.122185 0.122185 0.122185 0.122185 0.122185 
0.139641 0.139641 0.139641 0.139641 0.139641 0.139641 0.139641 0.139641 
0.157096 0.157096 0.157096 0.157096 0.157096 0.157096 0.157096 0.157096 
0.174551 0.174551 0.174551 0.174551 0.174551 0.174551 0.174551 0.174551 
0.192006 0.192006 0.192006 0.192006 0.192006 0.192006 0.192006 0.192006 
0.209461 0.209461 0.209461 0.209461 0.209461 0.209461 0.209461 0.209461 
0.226916 0.226916 0.226916 0.226916 0.226916 0.226916 0.226916 0.226916 
0.244371 0.244371 0.244371 0.244371 0.244371 0.244371 0.244371 0.244371 
0.261826 0.261826 0.261826 0.261826 0.261826 0.261826 0.261826 0.261826 
0.279281 0.279281 0.279281 0.279281 0.279281 0.279281 0.279281 0.279281 
0.296736 0.296736 0.296736 0.296736 0.296736 0.296736 0.296736 0.296736 
0.314191 0.314191 0.314191 0.314191 0.314191 0.314191 0.314191 0.314191 
0.331646 0.331646 0.331646 0.331646 0.331646 0.331646 0.331646 0.331646 
0.349101 0.349101 0.349101 0.349101 0.349101 0.349101 0.349101 0.349101 
0.366556 0.366556 0.366556 0.366556 0.366556 0.366556 0.366556 0.366556 
0.384011 0.384011 0.384011 0.384011 0.384011 0.384011 0.384011 0.384011 
0.401466 0.401466 0.401466 0.401466 0.401466 0.401466 0.401466 0.401466 
0.418922 0.418922 0.418922 0.418922 0.418922 0.418922 0.418922 0.418922 
0.436377 0.436377 0.436377 0.436377 0.436377 0.436377 0.436377 0.436377 
0.453832 0.453832 0.453832 0.453832 0.453832 0.453832 0.453832 0.453832 
0.471287 0.471287 0.471287 0.471287 0.471287 0.471287 0.471287 0.471287 
0.511941 0.505886 0.507427 0.501262 0.504512 0.503697 0.515064 0.510834 
0.52397 0.516935 0.518172 0.515592 0.516771 0.511329 0.522941 0.520145 
0.564596 0.552683 0.554635 0.546202 0.549543 0.549726 0.566447 0.561581 
0.579423 0.56782 0.56969 0.56527 0.567225 0.565054 0.57802 0.574975 
0.621028 0.606028 0.608756 0.599696 0.604201 0.607535 0.623302 0.617525 
0.639406 0.625616 0.628664 0.623946 0.62755 0.628094 0.639957 0.635219 
0.684192 0.667606 0.671218 0.662345 0.668749 0.674017 0.688701 0.681135 
0.707053 0.692073 0.695801 0.691249 0.696939 0.698819 0.709854 0.703854 
0.755953 0.738506 0.742174 0.733827 0.742152 0.748237 0.761954 0.753666 
0.783223 0.767847 0.771287 0.767426 0.774758 0.777074 0.787059 0.780983 
0.836185 0.818697 0.821486 0.8143 0.823852 0.830176 0.84256 0.834525 
0.867396 0.852479 0.854826 0.852375 0.860516 0.862906 0.871458 0.865991 
0.924196 0.907437 0.908729 0.903328 0.913312 0.919713 0.930506 0.923174 
0.959035 0.945233 0.946101 0.945485 0.953738 0.956119 0.963134 0.958543 
1.01965 1.0041 1.00376 1.00029 1.01017 1.0166 1.02587 1.01937 
1.05808 1.04574 1.04521 1.04631 1.05426 1.05656 1.06224 1.05855 
1.12272 1.10856 1.10687 1.10497 1.11445 1.1208 1.12887 1.12314 
1.16491 1.15412 1.15263 1.15491 1.16232 1.16438 1.16912 1.16618 
1.23393 1.22113 1.21861 1.21764 1.22658 1.23266 1.23997 1.23476 
1.28015 1.27085 1.26894 1.27172 1.27851 1.2801 1.28432 1.28186 
1.35395 1.34236 1.33953 1.33883 1.34719 1.3528 1.35977 1.35479 
1.40449 1.39648 1.39462 1.39734 1.40347 1.40439 1.4085 1.40622 
1.48342 1.47278 1.47003 1.46912 1.47694 1.48191 1.48889 1.4839 
1.53849 1.5315 1.53002 1.53231 1.53781 1.53795 1.54222 1.53993 
1.62283 1.61283 1.61041 1.60899 1.61634 1.62064 1.62787 1.6227 
1.68256 1.67632 1.67537 1.67705 1.68199 1.68135 1.68596 1.68357 
1.77255 1.7629 1.76086 1.75885 1.76582 1.76953 1.77711 1.77176 
1.83703 1.83132 1.83089 1.83196 1.8364 1.83512 1.84009 1.83764 
1.9329 1.92339 1.92168 1.9191 1.92579 1.92909 1.937 1.93153 
2.00227 1.99696 1.99697 1.99749 2.00148 1.99976 2.00504 2.00262 
2.10434 2.09483 2.09334 2.09031 2.09677 2.09988 2.10803 2.10256 
2.17883 2.17385 2.17419 2.17431 2.17786 2.1759 2.18136 2.17911 
2.28754 2.27798 2.27656 2.27323 2.27947 2.28261 2.29088 2.28553 
2.36751 2.36289 2.36343 2.36329 2.36639 2.36436 2.36987 2.36792 
2.48347 2.4739 2.47238 2.46891 2.47493 2.47826 2.48652 2.4814 
2.56947 2.56528 2.56588 2.56561 2.56824 2.56626 2.57171 2.57014 
2.69355 2.6838 2.6822 2.67869 2.68448 2.68814 2.6963 2.69147 
2.78621 2.78241 2.78306 2.78282 2.78491 2.78306 2.78838 2.78726 
2.91938 2.90952 2.90764 2.90442 2.90976 2.91394 2.92189 2.91745 
3.0196 3.0163 3.01679 3.01699 3.01817 3.01665 3.02174 3.02116 
3.16332 3.15283 3.15117 3.14799 3.15307 3.15756 3.16555 3.16132 
3.272 3.26895 3.27002 3.27035 3.27056 3.2692 3.27409 3.27412 
3.42781 3.41661 3.41514 3.41129 3.41722 3.42153 3.42982 3.42573 
3.54621 3.54334 3.54457 3.54419 3.54503 3.54335 3.54823 3.54897 
3.7158 3.70436 3.70161 3.70042 3.70424 3.70962 3.71766 3.71409 
3.84575 3.84323 3.84321 3.84434 3.84405 3.84321 3.84774 3.84936 
4.03136 4.01997 4.01701 4.01207 4.01831 4.02532 4.03333 4.03019 
4.1752 4.1737 4.17318 4.17242 4.17296 4.17257 4.17721 4.17955 
4.38098 4.36642 4.36329 4.35949 4.36551 4.37365 4.38223 4.37921 
4.54046 4.53755 4.53871 4.53642 4.538 4.53746 4.54322 4.54631 
4.76976 4.75354 4.75098 4.74788 4.75402 4.7621 4.77131 4.77046 
4.94913 4.94658 4.94741 4.94762 4.94489 4.94763 4.95275 4.96208 
5.20943 5.19398 5.18572 5.17866 5.18887 5.20005 5.21106 5.21806 
5.41196 5.4175 5.40965 5.4134 5.40659 5.4155 5.41753 5.45028 
5.7111 5.70129 5.69519 5.69949 5.68199 5.70959 5.7143 5.7555 
5.92461 5.99402 5.94599 5.98478 5.93598 5.98238 5.93266 6.12168 
6.2674 6.34986 6.26426 6.31248 6.2711 6.3372 6.28007 6.59251 
6.6458 6.71859 6.67266 6.7008 6.66755 6.69055 6.66573 6.88809 
7.15118 7.128 7.09397 7.10992 7.0897 7.1217 7.15185 7.35879 
7.71962 7.67305 7.65771 7.65417 7.64946 7.64064 7.69122 7.77769 
8.27729 8.30912 8.29356 8.29033 8.28356 8.27282 8.31433 8.33356 
7.72738 7.68234 7.66792 7.6712 7.6637 7.69645 7.72514 7.76731 
7.11397 7.06514 7.05828 7.05566 7.04791 7.0792 7.10998 7.1614 
6.50337 6.4526 6.42904 6.44125 6.42671 6.47391 6.50106 6.55847 
5.88436 5.83716 5.81477 5.82608 5.81501 5.8292 5.87782 5.95336 
5.25449 5.2228 5.19732 5.21295 5.20328 5.21877 5.26142 5.35245 
4.63752 4.61077 4.58989 4.6 4.59611 4.61276 4.62895 4.74756 
4.01143 4.00298 3.95495 3.98816 3.9785 4.008 4.00494 4.15371 
3.39864 3.39487 3.33826 3.37744 3.50297 3.38269 3.64296 3.57647 
2.78671 2.78803 2.72229 2.76847 3.1325 2.99026 3.35838 3.02815 
2.18079 2.14289 2.18676 2.41577 2.70492 3.14814 3.07158 2.61938 
1.85198 1.60135 1.98055 2.26585 2.53713 2.99307 2.68414 2.38979 
1.51992 1.40757 1.72376 2.13447 2.11031 2.56519 2.1245 2.03313 
1.38783 1.32254 1.35178 1.8444 1.91819 2.16765 1.75988 1.87063 
1.20794 1.03727 1.09407 1.56325 2.1015 1.92878 1.50006 1.60008 
1.04444 0.8208 0.997767 1.60669 2.13317 2.05193 1.49102 1.31922 
0.852441 0.673345 0.859494 1.38444 1.8704 1.78585 1.33367 1.15787 
0.728211 0.556574 0.809898 1.20653 1.45882 1.34698 1.23221 0.858058 
0.549993 0.476209 0.722072 1.06495 1.28125 1.17321 1.12208 0.790999 
0.454889 0.407799 0.734475 1.02084 1.21093 0.865285 1.20635 0.740102 
0.322519 0.381348 0.559311 1.03652 1.19501 0.857776 1.43754 0.886844 
0.249328 0.488371 0.510576 0.809337 0.850535 0.709191 1.26828 0.849698 
0.235495 0.430001 0.642451 1.05444 0.659014 0.49162 0.965316 0.622453 
0.215438 0.316126 0.579382 0.97546 0.477799 0.346192 0.695402 0.537057 
0.187543 0.325891 0.646596 0.721697 0.443607 0.249834 0.450452 0.416693 
0.150955 0.281385 0.823489 0.725779 0.270049 0.178898 0.297963 0.364065 
0.103354 0.566559 1.05703 0.990288 0.428701 0.123848 0.165917 0.265858 
0.128399 0.422515 0.846594 0.872713 0.278375 0.122871 0.13809 0.200858 
0.121922 0.407657 0.785869 0.941531 0.390801 0.103477 0.121658 0.161794 
0.150579 0.238534 0.724579 0.888372 0.338521 0.10855 0.130512 0.180695 
0.126326 0.211288 0.499238 0.769294 0.178059 0.124413 0.116032 0.291052 
0.106705 0.379507 0.285555 0.546592 0.160808 0.148264 0.128259 0.438637 
0.116304 0.631081 0.126477 0.380137 0.157822 0.110573 0.34498 0.18809 
0.12703 0.637027 0.167511 0.212231 0.224981 0.10584 0.610622 0.322271 
0.426573 0.303715 0.267772 0.136751 0.508991 0.0818457 0.688309 0.106728 
0.671004 0.128276 0.496885 0.117173 0.659384 0.0875935 0.695876 0.117603 
0.543115 0.247917 0.739828 0.395992 0.475229 0.101003 0.645642 0.13552 
0.262102 0.613753 0.595126 0.769674 0.287643 0.132502 0.382113 0.296999 
0.268204 0.84294 0.580976 1.05289 0.492388 0.0979141 0.172312 0.415572 
0.631462 0.607976 0.66351 0.997254 0.505874 0.109342 0.142381 0.677281 
0.955624 0.4996 0.549985 0.928038 0.414936 0.102351 0.132376 0.744864 
0.894535 0.509022 0.625785 1.09459 0.632769 0.0739851 0.492371 0.991228 
0.785048 0.876804 0.447156 0.998729 0.488694 0.102743 0.516801 1.04107 
1.09797 0.704462 0.565699 0.980399 0.382839 0.302395 0.562212 1.08162 
1.18324 0.621993 0.694767 0.866497 0.280873 0.31013 0.772675 1.27131 
1.28329 0.852945 1.08956 0.705834 0.30453 0.286399 0.842944 1.40731 
0.972951 1.34489 1.05377 0.656516 0.348183 0.217439 0.799001 1.27928 
0.866632 1.37139 0.894943 0.562212 0.633226 0.117308 0.681374 1.11144 
0.608847 1.06767 0.564764 0.868602 0.814893 0.274424 0.63329 1.23233 
0.646099 0.706467 0.656837 1.19583 0.928363 0.316056 0.864631 1.20735 
0.869991 0.361585 0.63488 1.20043 0.766148 0.303115 0.827184 1.20228 
0.712895 0.317204 0.41184 0.904759 0.482598 0.385248 0.560408 1.11846 
0.539653 0.224046 0.274872 0.6759 0.435117 0.345219 0.492207 0.911703 
0.396531 0.207656 0.203792 0.449431 0.348069 0.271633 0.424444 0.871472 
0.300634 0.150483 0.155575 0.326227 0.443198 0.270142 0.475746 0.934361 
0.374291 0.124686 0.123908 0.229104 0.399277 0.239052 0.545051 0.988822 
0.376558 0.102377 0.115546 0.210444 0.532917 0.334002 0.455239 0.922156 
0.43422 0.0956649 0.105488 0.128747 0.742202 0.382456 0.426027 0.714345 
0.220417 0.103937 0.0769452 0.426478 0.997703 0.809416 0.545109 0.59173 
0.142973 0.10256 0.0912013 0.410318 0.939801 0.733421 0.926127 0.734374 
0.122648 0.0927579 0.11186 0.253811 0.800968 0.931208 1.28487 0.764018 
0.410134 0.075873 0.113067 0.235165 0.663541 0.846169 1.30874 0.733975 
0.328699 0.0997547 0.133132 0.318724 0.607889 0.649391 1.12294 0.671734 
0.217266 0.105369 0.116172 0.454083 0.746951 0.591586 1.08167 0.799204 
0.224093 0.0897313 0.468861 0.658593 1.10833 0.647692 1.22733 0.849915 
0.519601 0.088147 0.543605 0.951433 1.38826 0.867247 1.11818 0.837984 
0.351811 0.625369 0.393918 0.91104 1.4414 0.936919 0.623976 0.923363 
0.249689 0.809461 0.554064 0.693566 1.23456 0.814525 0.356257 0.771387 
0.163878 0.782837 0.461661 0.46425 0.899307 0.635672 0.356255 0.516548 
0.134395 0.681254 0.311671 0.344249 0.721314 0.579402 0.298971 0.36622 
0.16208 0.415761 0.262056 0.252914 0.500205 0.347454 0.286971 0.263942 
0.128196 0.408396 0.228799 0.178488 0.480603 0.186908 0.228925 0.206753 
0.131844 0.284378 0.252114 0.141859 0.345682 0.13512 0.149769 0.227475 
0.110249 0.127454 0.477071 0.102313 0.209028 0.144927 0.1045 0.34401 
0.0958636 0.448429 0.696631 0.0857544 0.201213 0.110172 0.05944 0.584388 
0.0803501 0.38817 0.66097 0.0873244 0.245189 0.470781 0.0615034 0.618481 
0.121207 0.165743 0.378385 0.114012 0.258811 0.409926 0.110666 0.320232 
0.125055 0.135566 0.246108 0.104356 0.259272 0.197385 0.125771 0.113861 
0.112881 0.10463 0.144008 0.0948368 0.585372 0.167113 0.113778 0.0535353 
0.112106 0.118309 0.110541 0.101887 0.487076 0.335147 0.0454268 0.096134 
0.125909 0.0968351 0.107152 0.0907385 0.493266 0.41924 0.0879409 0.0876872 
0.157744 0.122419 0.112505 0.103781 0.285517 0.10786 0.508092 0.090968 
0.435806 0.0798111 0.119801 0.100931 0.121915 0.0978673 0.679417 0.0854658 
0.664627 0.172484 0.207928 0.0932107 0.104918 0.0948952 0.460394 0.141894 
0.600865 0.111853 0.333689 0.0789043 0.0941393 0.123626 0.425667 0.349977 
0.365987 0.631128 0.636665 0.0678929 0.0862672 0.0623831 0.611557 0.761079 
0.19335 0.777453 0.638384 0.0785836 0.0603113 0.41156 0.908524 0.813905 
0.651697 1.00476 0.661073 0.0844388 0.0975131 0.153496 0.774228 0.975685 
0.70357 1.06027 0.551755 0.0950148 0.0927708 0.0924324 0.608468 0.833339 
0.776428 0.785483 0.200954 0.387521 0.0761602 0.113328 0.360742 0.701403 
0.691536 0.586482 0.200083 0.371455 0.0898953 0.10271 0.223853 0.709113 
0.901323 0.301893 0.164737 0.161353 0.108063 0.105852 0.1721 0.799192 
0.75211 0.16279 0.475597 0.100622 0.114516 0.075952 0.297969 0.857241 
0.753589 0.13078 0.350115 0.1041 0.0986395 0.0759817 0.54368 1.01484 
0.708443 0.139964 0.570153 0.0960874 0.111694 0.0873043 0.519547 1.00825 
0.728756 0.159229 0.470188 0.110242 0.111604 0.0890746 0.379178 0.887364 
0.742611 0.143658 0.581509 0.112143 0.277279 0.0731257 0.464579 0.885323 
0.764523 0.122322 0.702719 0.140677 0.204407 0.0927443 0.366932 0.905415 
0.891676 0.355238 0.86493 0.450119 0.102059 0.101677 0.347519 0.898052 
0.886964 0.347953 0.948198 0.511686 0.131553 0.0927387 0.228794 0.65943 
0.608103 0.384482 1.00366 0.681285 0.131419 0.0927635 0.428847 0.517805 
0.320928 0.376697 0.953155 0.754222 0.180064 0.103371 0.377082 0.680077 
0.339564 0.168852 0.770033 0.925813 0.384856 0.0416384 0.588956 0.852801 
0.26968 0.22851 0.545601 0.888118 0.40985 0.23517 0.582447 0.856259 
0.305718 0.130392 0.41267 0.693317 0.737239 0.298898 0.558164 0.916158 
0.273728 0.549693 0.320863 0.881995 1.15086 0.651724 0.623181 0.88572 
0.452367 0.380191 0.478535 1.01548 1.4741 1.0131 0.554749 1.03523 
0.28652 0.719722 0.425891 1.04524 1.60896 1.17002 0.616479 0.791062 
0.213763 0.642354 0.35522 0.926076 1.41072 1.3329 0.812606 0.575341 
0.134727 0.482692 0.358961 0.85011 1.20498 1.323 1.09189 0.572148 
0.111698 0.663879 0.373796 0.779258 1.0156 0.929561 1.03727 0.419191 
0.126109 0.717257 0.617205 0.718542 1.29404 0.792388 0.847281 0.294103 
0.138911 0.767233 0.891647 0.546826 1.16569 0.942606 0.633932 0.336462 
0.127492 0.727355 1.23009 0.685345 1.02938 1.09219 0.701418 0.26468 
0.600361 0.615128 1.11667 0.659561 0.753629 1.00187 0.901605 0.294831 
0.818595 0.460148 0.881065 0.89233 0.456842 1.05128 0.799151 0.221909 
0.701414 0.410535 0.736274 1.19459 0.705657 1.14912 0.578156 0.159071 
0.373057 0.788321 0.4827 0.988409 0.642149 0.962768 0.333916 0.186134 
0.182453 0.636867 0.402391 0.778021 1.06692 0.825401 0.24333 0.165099 
0.136688 0.33626 0.397429 0.631025 1.21691 0.698417 0.151898 0.136595 
0.15022 0.136473 0.695861 0.448683 1.03092 0.516649 0.134312 0.0998229 
0.122481 0.0920571 0.582109 0.359773 0.964667 0.397827 0.115848 0.0972286 
0.105986 0.104637 0.322198 0.295124 0.850596 0.257051 0.121358 0.107207 
0.102217 0.0926903 0.191183 0.171801 0.711423 0.134116 0.115643 0.105061 
0.104484 0.100088 0.118531 0.124132 0.437906 0.123301 0.145035 0.105302 
0.0972646 0.0915093 0.101616 0.11315 0.199966 0.107951 0.204182 0.0396898 
0.111314 0.104711 0.0886374 0.0878226 0.1377 0.0722441 0.504254 0.0676042 
0.104314 0.112442 0.0921411 0.0912544 0.108828 0.0920845 0.405347 0.0932783 
0.112719 0.341844 0.0707942 0.102679 0.0806457 0.110739 0.148191 0.102125 
0.0879173 0.574954 0.0700969 0.0922363 0.0867604 0.0951555 0.0934035 0.259487 
0.516404 0.529241 0.0947012 0.0815066 0.0974279 0.083416 0.0895982 0.110138 
0.667248 0.148 0.362664 0.078609 0.0868379 0.0817065 0.0925326 0.0806445 
0.621308 0.0742322 0.566998 0.0655315 0.119365 0.0832376 0.0831609 0.0949574 
0.675387 0.0706067 0.666792 0.0667452 0.0984041 0.0827504 0.0887766 0.0806696 
0.67553 0.0775039 0.648301 0.043706 0.523224 0.0557431 0.0892115 0.0976578 
0.566464 0.10286 0.558994 0.0698264 0.548596 0.0710451 0.0900326 0.0953953 
0.158924 0.481689 0.170807 0.132596 0.241409 0.0957076 0.0543128 0.52151 
0.085406 0.666511 0.0810598 0.121931 0.104142 0.0962757 0.0843171 0.472348 
0.104523 0.633541 0.074054 0.0957492 0.0854978 0.0873549 0.0905159 0.211062 
0.101216 0.457435 0.0843449 0.0909878 0.0795509 0.0898717 0.107338 0.122995 
0.120477 0.182547 0.0964142 0.0812273 0.0848783 0.0853601 0.0870337 0.109995 
0.0997981 0.0996218 0.0852776 0.0822155 0.0788697 0.0915773 0.127059 0.1101 
0.133152 0.0876794 0.0788781 0.0750612 0.0843338 0.0792903 0.0995686 0.133374 
0.129357 0.0741764 0.078311 0.0737104 0.0832212 0.0694725 0.498135 0.0982733 
0.536734 0.0496132 0.0798801 0.0740823 0.0765439 0.0969645 0.145479 0.568852 
0.673195 0.0566792 0.0819304 0.0750978 0.0783786 0.087809 0.0799738 0.671015 
0.517251 0.0789145 0.0816248 0.0769898 0.0835694 0.0863949 0.102853 0.41104 
0.27721 0.100825 0.0810617 0.0800667 0.0858419 0.0882428 0.0966226 0.317099 
0.129622 0.101242 0.0814017 0.08646 0.0886213 0.0896732 0.0981837 0.278868 
0.0768412 0.101477 0.0798604 0.0883949 0.109783 0.096344 0.0708747 0.569546 
0.0761723 0.0942201 0.0860868 0.107075 0.138135 0.0942576 0.0761514 0.635128 
0.0756048 0.0934796 0.0973303 0.0655703 0.518746 0.0861478 0.0690191 0.679837 
0.0688619 0.100268 0.0784594 0.508489 0.633992 0.0719957 0.0664409 0.68224 
0.0842163 0.0965676 0.0618265 0.614618 0.488804 0.0818145 0.0748992 0.50888 
0.0988257 0.088752 0.0801299 0.453213 0.233652 0.0964339 0.0937838 0.210887 
0.0971844 0.0858354 0.0957585 0.208816 0.121556 0.0935862 0.0885945 0.110353 
0.0867725 0.0843789 0.0871553 0.101461 0.131513 0.09344 0.0832136 0.0965888 
0.0860422 0.0827891 0.0869289 0.0837495 0.125164 0.0893288 0.0774771 0.0885266 
0.081371 0.077301 0.0907429 0.0427885 0.521002 0.0827357 0.0766792 0.0825825 
0.0826076 0.0779927 0.0955117 0.0506721 0.667587 0.0639421 0.0735214 0.0815989 
0.073621 0.0715225 0.084133 0.0845106 0.565533 0.0628975 0.0696634 0.0759481 
0.0784184 0.0777708 0.0834011 0.0792796 0.330799 0.082787 0.0725956 0.0823601 
