0 0 0 0 0 0 0 0 
0.0174551 0.0174551 0.0174551 0.0174551 0.0174551 0.0174551 0.0174551 0.0174551 
0.0349101 0.0349101 0.0349101 0.0349101 0.0349101 0.0349101 0.0349101 0.0349101 
0.0523652 0.0523652 0.0523652 0.0523652 0.0523652 0.0523652 0.0523652 0.0523652 
0.0698203 0.0698203 0.0698203 0.0698203 0.0698203 0.0698203 0.0698203 0.0698203 
0.0872753 0.0872753 0.0872753 0.0872753 0.0872753 0.0872753 0.0872753 0.0872753 
0.10473 0.10473 0.10473 0.10473 0.10473 0.10473 0.10473 0.10473 
0.122185 0.122185 0.122185 0.122185 0.122185 0.122185 0.122185 0.122185 
0.139641 0.139641 0.139641 0.139641 0.139641 0.139641 0.139641 0.139641 
0.157096 0.157096 0.157096 0.157096 0.157096 0.157096 0.157096 0.157096 
0.174551 0.174551 0.174551 0.174551 0.174551 0.174551 0.174551 0.174551 
0.192006 0.192006 0.192006 0.192006 0.192006 0.192006 0.192006 0.192006 
0.209461 0.209461 0.209461 0.209461 0.209461 0.209461 0.209461 0.209461 
0.226916 0.226916 0.226916 0.226916 0.226916 0.226916 0.226916 0.226916 
0.244371 0.244371 0.244371 0.244371 0.244371 0.244371 0.244371 0.244371 
0.261826 0.261826 0.261826 0.261826 0.261826 0.261826 0.261826 0.261826 
0.279281 0.279281 0.279281 0.279281 0.279281 0.279281 0.279281 0.279281 
0.296736 0.296736 0.296736 0.296736 0.296736 0.296736 0.296736 0.296736 
0.314191 0.314191 0.314191 0.314191 0.314191 0.314191 0.314191 0.314191 
0.331646 0.331646 0.331646 0.331646 0.331646 0.331646 0.331646 0.331646 
0.349101 0.349101 0.349101 0.349101 0.349101 0.349101 0.349101 0.349101 
0.366556 0.366556 0.366556 0.366556 0.366556 0.366556 0.366556 0.366556 
0.384011 0.384011 0.384011 0.384011 0.384011 0.384011 0.384011 0.384011 
0.401466 0.401466 0.401466 0.401466 0.401466 0.401466 0.401466 0.401466 
0.418922 0.418922 0.418922 0.418922 0.418922 0.418922 0.418922 0.418922 
0.436377 0.436377 0.436377 0.436377 0.436377 0.436377 0.436377 0.436377 
0.453832 0.453832 0.453832 0.453832 0.453832 0.453832 0.453832 0.453832 
0.471287 0.471287 0.471287 0.471287 0.471287 0.471287 0.471287 0.471287 
0.512062 0.505369 0.505298 0.496362 0.506682 0.500553 0.508924 0.50817 
0.522114 0.51635 0.518074 0.513104 0.517248 0.51489 0.524495 0.519775 
0.563225 0.553987 0.555129 0.54602 0.553971 0.546128 0.561786 0.558425 
0.578194 0.571112 0.573514 0.566985 0.569246 0.565893 0.580374 0.575222 
0.621446 0.611548 0.613363 0.603596 0.608786 0.6012 0.619197 0.61655 
0.640805 0.633017 0.636 0.628221 0.629204 0.626349 0.641931 0.637655 
0.686796 0.676273 0.678836 0.668673 0.672708 0.66576 0.683934 0.681887 
0.710119 0.701762 0.705436 0.696965 0.697985 0.695504 0.710992 0.70673 
0.759129 0.748224 0.75154 0.741308 0.745343 0.738634 0.756443 0.754024 
0.786279 0.777678 0.782004 0.773331 0.7749 0.77245 0.787578 0.782496 
0.838623 0.827566 0.831552 0.821654 0.825918 0.819189 0.83656 0.833222 
0.869672 0.860968 0.865835 0.857445 0.859436 0.85696 0.871643 0.865484 
0.925686 0.914505 0.919 0.90978 0.914083 0.907425 0.924264 0.920016 
0.960759 0.95196 0.957159 0.949353 0.951469 0.949208 0.963254 0.956221 
1.02072 1.00942 1.01417 1.00577 1.00986 1.00358 1.01966 1.01484 
1.05993 1.05109 1.05634 1.04922 1.05119 1.04951 1.06262 1.05512 
1.12408 1.11273 1.11744 1.10991 1.11357 1.10803 1.12304 1.11808 
1.16754 1.15878 1.16378 1.15741 1.15906 1.15829 1.17016 1.16261 
1.23611 1.22485 1.22924 1.22263 1.22576 1.22121 1.23492 1.23021 
1.28397 1.27545 1.27995 1.27439 1.27569 1.27603 1.28648 1.27919 
1.35722 1.3462 1.35005 1.34442 1.34709 1.34363 1.35595 1.35172 
1.40968 1.40155 1.40536 1.40068 1.40175 1.40323 1.41222 1.40534 
1.48793 1.47726 1.48043 1.47582 1.47822 1.47576 1.48674 1.4831 
1.54523 1.53759 1.54062 1.53683 1.53786 1.54035 1.54801 1.54156 
1.62883 1.61859 1.62103 1.61743 1.61968 1.61806 1.62791 1.62484 
1.69127 1.68418 1.6864 1.68346 1.68461 1.68786 1.69442 1.68835 
1.7806 1.77078 1.77254 1.76985 1.77214 1.77103 1.78002 1.77747 
1.84848 1.8419 1.84342 1.8412 1.84257 1.84627 1.85203 1.84624 
1.94391 1.93447 1.93568 1.93373 1.93617 1.93519 1.94366 1.94154 
2.01751 2.01141 2.01236 2.01068 2.01232 2.01614 2.02142 2.01583 
2.11942 2.11028 2.1111 2.10971 2.11221 2.11113 2.11942 2.11767 
2.19903 2.19333 2.19388 2.19254 2.19442 2.1981 2.20318 2.19774 
2.30783 2.2989 2.29948 2.29846 2.301 2.29954 2.30792 2.30654 
2.39376 2.3884 2.38867 2.38752 2.38955 2.39292 2.39801 2.39271 
2.50993 2.50111 2.50159 2.50078 2.50327 2.50129 2.50997 2.50896 
2.60259 2.59751 2.59758 2.59649 2.59857 2.60157 2.6068 2.60163 
2.72673 2.71798 2.71839 2.71769 2.72002 2.7175 2.72658 2.72599 
2.82669 2.82184 2.82178 2.82064 2.82268 2.82535 2.83076 2.82573 
2.9596 2.95087 2.95127 2.95083 2.95289 2.9497 2.95918 2.95908 
3.06762 3.06303 3.06284 3.06164 3.06353 3.066 3.07152 3.06667 
3.21037 3.20171 3.2023 3.20146 3.20303 3.19991 3.20963 3.2102 
3.32749 3.32328 3.32286 3.32168 3.32315 3.32585 3.33116 3.32669 
3.48157 3.47296 3.47315 3.47284 3.47389 3.47109 3.48052 3.48182 
3.6091 3.60532 3.60461 3.60377 3.6045 3.60755 3.61265 3.60856 
3.77631 3.76785 3.76773 3.76824 3.76768 3.76485 3.77494 3.77729 
3.91607 3.91274 3.91159 3.91189 3.91066 3.915 3.91921 3.91603 
4.09904 4.0903 4.09014 4.09161 4.08933 4.08667 4.09817 4.1004 
4.25316 4.2496 4.2489 4.24982 4.24651 4.25231 4.25642 4.25363 
4.45488 4.44457 4.44583 4.44828 4.44423 4.44222 4.45327 4.45745 
4.62686 4.62237 4.62194 4.62363 4.61897 4.62553 4.62985 4.62837 
4.8508 4.83991 4.84176 4.84282 4.8415 4.84187 4.85133 4.85754 
5.04431 5.04088 5.03847 5.03824 5.03737 5.04612 5.04909 5.05107 
5.30002 5.28969 5.28889 5.28746 5.2899 5.28489 5.30528 5.31478 
5.51752 5.5237 5.50826 5.51083 5.51391 5.52166 5.52627 5.55013 
5.81206 5.8136 5.79098 5.79485 5.79327 5.8147 5.82412 5.8641 
6.04027 6.12052 6.03392 6.09496 6.05036 6.12109 6.06154 6.24781 
6.38724 6.46054 6.3618 6.42811 6.3653 6.46383 6.39216 6.70709 
6.80064 6.84509 6.74998 6.7706 6.77218 6.84348 6.82724 7.03088 
7.27079 7.25619 7.21271 7.25613 7.1878 7.26725 7.23901 7.49636 
7.84124 7.79661 7.78128 7.76535 7.75992 7.7743 7.82964 7.96059 
8.48677 8.46396 8.44131 8.41894 8.41752 8.43068 8.49028 8.58226 
7.85395 7.80489 7.78652 7.79863 7.77775 7.79848 7.85899 7.94766 
7.23565 7.18548 7.18645 7.17241 7.17384 7.18139 7.23909 7.35263 
6.61467 6.57064 6.57531 6.56139 6.56294 6.54121 6.62509 6.71801 
5.9996 5.95766 5.96071 5.95474 5.96008 5.91948 5.99951 6.1184 
5.37182 5.3501 5.3471 5.34047 5.34629 5.3107 5.37524 5.50734 
4.75203 4.74489 4.74113 4.72549 4.74359 4.70222 4.74875 4.87243 
4.13072 4.14211 4.12703 4.10133 4.14397 4.0945 4.13165 4.2503 
3.53096 3.49522 3.50282 3.48195 3.50297 3.48894 3.64296 3.74569 
2.89386 2.93184 2.87025 2.87296 3.1325 2.99026 3.35838 3.15959 
2.33832 2.33053 2.244 2.41577 2.70492 3.14814 3.07158 2.67459 
1.85198 1.73405 1.98055 2.26585 2.53713 2.99307 2.68414 2.38979 
1.51992 1.40757 1.72376 2.13447 2.11031 2.56519 2.1245 2.03313 
1.38783 1.32254 1.35178 1.8444 1.91819 2.16765 1.75988 1.87063 
1.20794 1.03727 1.09407 1.56325 2.1015 1.92878 1.50006 1.60008 
1.04444 0.8208 0.997767 1.60669 2.13317 2.05193 1.49102 1.31922 
0.852441 0.673345 0.859494 1.38444 1.8704 1.78585 1.33367 1.15787 
0.728211 0.556574 0.809898 1.20653 1.45882 1.34698 1.23221 0.858058 
0.549993 0.476209 0.722072 1.06495 1.28125 1.17321 1.12208 0.790999 
0.454889 0.407799 0.734475 1.02084 1.21093 0.865285 1.20635 0.740102 
0.322519 0.381348 0.559311 1.03652 1.19501 0.857776 1.43754 0.886844 
0.249328 0.488371 0.510576 0.809337 0.850535 0.709191 1.26828 0.849698 
0.235495 0.430001 0.642451 1.05444 0.659014 0.49162 0.965316 0.622453 
0.215438 0.316126 0.579382 0.97546 0.477799 0.346192 0.695402 0.537057 
0.187543 0.325891 0.646596 0.721697 0.443607 0.249834 0.450452 0.416693 
0.150955 0.281385 0.823489 0.725779 0.270049 0.178898 0.297963 0.364065 
0.103354 0.566559 1.05703 0.990288 0.428701 0.123848 0.165917 0.265858 
0.128399 0.422515 0.846594 0.872713 0.278375 0.122871 0.13809 0.200858 
0.121922 0.407657 0.785869 0.941531 0.390801 0.103477 0.121658 0.161794 
0.150579 0.238534 0.724579 0.888372 0.338521 0.10855 0.130512 0.180695 
0.126326 0.211288 0.499238 0.769294 0.178059 0.124413 0.116032 0.291052 
0.106705 0.379507 0.285555 0.546592 0.160808 0.148264 0.128259 0.438637 
0.116304 0.631081 0.126477 0.380137 0.157822 0.110573 0.34498 0.18809 
0.12703 0.637027 0.167511 0.212231 0.224981 0.10584 0.610622 0.322271 
0.426573 0.303715 0.267772 0.136751 0.508991 0.0818457 0.688309 0.106728 
0.671004 0.128276 0.496885 0.117173 0.659384 0.0875935 0.695876 0.117603 
0.543115 0.247917 0.739828 0.395992 0.475229 0.101003 0.645642 0.13552 
0.262102 0.613753 0.595126 0.769674 0.287643 0.132502 0.382113 0.296999 
0.268204 0.84294 0.580976 1.05289 0.492388 0.0979141 0.172312 0.415572 
0.631462 0.607976 0.66351 0.997254 0.505874 0.109342 0.142381 0.677281 
0.955624 0.4996 0.549985 0.928038 0.414936 0.102351 0.132376 0.744864 
0.894535 0.509022 0.625785 1.09459 0.632769 0.0739851 0.492371 0.991228 
0.785048 0.876804 0.447156 0.998729 0.488694 0.102743 0.516801 1.04107 
1.09797 0.704462 0.565699 0.980399 0.382839 0.302395 0.562212 1.08162 
1.18324 0.621993 0.694767 0.866497 0.280873 0.31013 0.772675 1.27131 
1.28329 0.852945 1.08956 0.705834 0.30453 0.286399 0.842944 1.40731 
0.972951 1.34489 1.05377 0.656516 0.348183 0.217439 0.799001 1.27928 
0.866632 1.37139 0.894943 0.562212 0.633226 0.117308 0.681374 1.11144 
0.608847 1.06767 0.564764 0.868602 0.814893 0.274424 0.63329 1.23233 
0.646099 0.706467 0.656837 1.19583 0.928363 0.316056 0.864631 1.20735 
0.869991 0.361585 0.63488 1.20043 0.766148 0.303115 0.827184 1.20228 
0.712895 0.317204 0.41184 0.904759 0.482598 0.385248 0.560408 1.11846 
0.539653 0.224046 0.274872 0.6759 0.435117 0.345219 0.492207 0.911703 
0.396531 0.207656 0.203792 0.449431 0.348069 0.271633 0.424444 0.871472 
0.300634 0.150483 0.155575 0.326227 0.443198 0.270142 0.475746 0.934361 
0.374291 0.124686 0.123908 0.229104 0.399277 0.239052 0.545051 0.988822 
0.376558 0.102377 0.115546 0.210444 0.532917 0.334002 0.455239 0.922156 
0.43422 0.0956649 0.105488 0.128747 0.742202 0.382456 0.426027 0.714345 
0.220417 0.103937 0.0769452 0.426478 0.997703 0.809416 0.545109 0.59173 
0.142973 0.10256 0.0912013 0.410318 0.939801 0.733421 0.926127 0.734374 
0.122648 0.0927579 0.11186 0.253811 0.800968 0.931208 1.28487 0.764018 
0.410134 0.075873 0.113067 0.235165 0.663541 0.846169 1.30874 0.733975 
0.328699 0.0997547 0.133132 0.318724 0.607889 0.649391 1.12294 0.671734 
0.217266 0.105369 0.116172 0.454083 0.746951 0.591586 1.08167 0.799204 
0.224093 0.0897313 0.468861 0.658593 1.10833 0.647692 1.22733 0.849915 
0.519601 0.088147 0.543605 0.951433 1.38826 0.867247 1.11818 0.837984 
0.351811 0.625369 0.393918 0.91104 1.4414 0.936919 0.623976 0.923363 
0.249689 0.809461 0.554064 0.693566 1.23456 0.814525 0.356257 0.771387 
0.163878 0.782837 0.461661 0.46425 0.899307 0.635672 0.356255 0.516548 
0.134395 0.681254 0.311671 0.344249 0.721314 0.579402 0.298971 0.36622 
0.16208 0.415761 0.262056 0.252914 0.500205 0.347454 0.286971 0.263942 
0.128196 0.408396 0.228799 0.178488 0.480603 0.186908 0.228925 0.206753 
0.131844 0.284378 0.252114 0.141859 0.345682 0.13512 0.149769 0.227475 
0.110249 0.127454 0.477071 0.102313 0.209028 0.144927 0.1045 0.34401 
0.0958636 0.448429 0.696631 0.0857544 0.201213 0.110172 0.05944 0.584388 
0.0803501 0.38817 0.66097 0.0873244 0.245189 0.470781 0.0615034 0.618481 
0.121207 0.165743 0.378385 0.114012 0.258811 0.409926 0.110666 0.320232 
0.125055 0.135566 0.246108 0.104356 0.259272 0.197385 0.125771 0.113861 
0.112881 0.10463 0.144008 0.0948368 0.585372 0.167113 0.113778 0.0535353 
0.112106 0.118309 0.110541 0.101887 0.487076 0.335147 0.0454268 0.096134 
0.125909 0.0968351 0.107152 0.0907385 0.493266 0.41924 0.0879409 0.0876872 
0.157744 0.122419 0.112505 0.103781 0.285517 0.10786 0.508092 0.090968 
0.435806 0.0798111 0.119801 0.100931 0.121915 0.0978673 0.679417 0.0854658 
0.664627 0.172484 0.207928 0.0932107 0.104918 0.0948952 0.460394 0.141894 
0.600865 0.111853 0.333689 0.0789043 0.0941393 0.123626 0.425667 0.349977 
0.365987 0.631128 0.636665 0.0678929 0.0862672 0.0623831 0.611557 0.761079 
0.19335 0.777453 0.638384 0.0785836 0.0603113 0.41156 0.908524 0.813905 
0.651697 1.00476 0.661073 0.0844388 0.0975131 0.153496 0.774228 0.975685 
0.70357 1.06027 0.551755 0.0950148 0.0927708 0.0924324 0.608468 0.833339 
0.776428 0.785483 0.200954 0.387521 0.0761602 0.113328 0.360742 0.701403 
0.691536 0.586482 0.200083 0.371455 0.0898953 0.10271 0.223853 0.709113 
0.901323 0.301893 0.164737 0.161353 0.108063 0.105852 0.1721 0.799192 
0.75211 0.16279 0.475597 0.100622 0.114516 0.075952 0.297969 0.857241 
0.753589 0.13078 0.350115 0.1041 0.0986395 0.0759817 0.54368 1.01484 
0.708443 0.139964 0.570153 0.0960874 0.111694 0.0873043 0.519547 1.00825 
0.728756 0.159229 0.470188 0.110242 0.111604 0.0890746 0.379178 0.887364 
0.742611 0.143658 0.581509 0.112143 0.277279 0.0731257 0.464579 0.885323 
0.764523 0.122322 0.702719 0.140677 0.204407 0.0927443 0.366932 0.905415 
0.891676 0.355238 0.86493 0.450119 0.102059 0.101677 0.347519 0.898052 
0.886964 0.347953 0.948198 0.511686 0.131553 0.0927387 0.228794 0.65943 
0.608103 0.384482 1.00366 0.681285 0.131419 0.0927635 0.428847 0.517805 
0.320928 0.376697 0.953155 0.754222 0.180064 0.103371 0.377082 0.680077 
0.339564 0.168852 0.770033 0.925813 0.384856 0.0416384 0.588956 0.852801 
0.26968 0.22851 0.545601 0.888118 0.40985 0.23517 0.582447 0.856259 
0.305718 0.130392 0.41267 0.693317 0.737239 0.298898 0.558164 0.916158 
0.273728 0.549693 0.320863 0.881995 1.15086 0.651724 0.623181 0.88572 
0.452367 0.380191 0.478535 1.01548 1.4741 1.0131 0.554749 1.03523 
0.28652 0.719722 0.425891 1.04524 1.60896 1.17002 0.616479 0.791062 
0.213763 0.642354 0.35522 0.926076 1.41072 1.3329 0.812606 0.575341 
0.134727 0.482692 0.358961 0.85011 1.20498 1.323 1.09189 0.572148 
0.111698 0.663879 0.373796 0.779258 1.0156 0.929561 1.03727 0.419191 
0.126109 0.717257 0.617205 0.718542 1.29404 0.792388 0.847281 0.294103 
0.138911 0.767233 0.891647 0.546826 1.16569 0.942606 0.633932 0.336462 
0.127492 0.727355 1.23009 0.685345 1.02938 1.09219 0.701418 0.26468 
0.600361 0.615128 1.11667 0.659561 0.753629 1.00187 0.901605 0.294831 
0.818595 0.460148 0.881065 0.89233 0.456842 1.05128 0.799151 0.221909 
0.701414 0.410535 0.736274 1.19459 0.705657 1.14912 0.578156 0.159071 
0.373057 0.788321 0.4827 0.988409 0.642149 0.962768 0.333916 0.186134 
0.182453 0.636867 0.402391 0.778021 1.06692 0.825401 0.24333 0.165099 
0.136688 0.33626 0.397429 0.631025 1.21691 0.698417 0.151898 0.136595 
0.15033 0.133244 0.69866 0.448683 1.03092 0.516649 0.134312 0.0998229 
0.122481 0.0922345 0.582109 0.359773 0.964667 0.397827 0.115848 0.0972286 
0.105986 0.104637 0.322198 0.295124 0.850596 0.257051 0.126717 0.101851 
0.102217 0.0926903 0.191183 0.171801 0.711423 0.134116 0.1373 0.0835294 
0.104484 0.100088 0.118531 0.124132 0.437906 0.123301 0.167057 0.0829264 
0.0972646 0.0915093 0.101616 0.11315 0.199966 0.107951 0.204182 0.0399703 
0.111314 0.104711 0.0886374 0.0878226 0.1377 0.0722441 0.504254 0.0677531 
0.127316 0.112442 0.0921411 0.0912544 0.108828 0.0920845 0.409566 0.0673759 
0.123823 0.341844 0.0707942 0.102679 0.0650581 0.126369 0.157531 0.0835347 
0.0879173 0.574954 0.0700969 0.0922363 0.0868423 0.0951555 0.0934035 0.259487 
0.516404 0.529241 0.0947012 0.0815066 0.0974279 0.083416 0.0895982 0.110138 
0.667248 0.147852 0.372072 0.0692752 0.0868379 0.0817065 0.0925326 0.0806445 
0.621308 0.0742456 0.575308 0.0572675 0.119365 0.0832376 0.0831609 0.0949574 
0.675387 0.0706067 0.666792 0.0667503 0.107188 0.0739022 0.0887766 0.0806696 
0.67553 0.0775039 0.648301 0.0440373 0.523224 0.0558008 0.0892115 0.0976578 
0.566464 0.10286 0.558994 0.0545952 0.564613 0.0710451 0.0900326 0.0953953 
0.158924 0.481689 0.161937 0.130324 0.247456 0.0957076 0.0543128 0.52151 
0.085406 0.666511 0.0816724 0.121931 0.104142 0.0962757 0.0843171 0.472348 
0.104523 0.633541 0.074054 0.0957492 0.0854978 0.0873549 0.0905159 0.211062 
0.101216 0.457435 0.0843449 0.0909878 0.0795509 0.0898717 0.107338 0.122995 
0.120477 0.182547 0.0964142 0.0812273 0.0848783 0.0853601 0.0870337 0.109995 
0.0997981 0.0996218 0.0852776 0.0822155 0.0788697 0.0915773 0.127059 0.1101 
0.133152 0.0876794 0.0788781 0.0750612 0.0843338 0.0792903 0.0995686 0.133374 
0.129357 0.0741764 0.078311 0.0737104 0.0832212 0.0694725 0.498135 0.0982733 
0.536734 0.0496132 0.0798801 0.0740823 0.0765439 0.0969645 0.145479 0.568852 
0.673195 0.0566792 0.0819304 0.0750978 0.0783786 0.087809 0.0799738 0.671015 
0.517251 0.0789145 0.0816248 0.0769898 0.0835694 0.0863949 0.102853 0.41104 
0.27721 0.100825 0.0810617 0.0800667 0.0858419 0.0882428 0.0966226 0.317099 
0.129622 0.101242 0.0814017 0.08646 0.0886213 0.0896732 0.0981837 0.278868 
0.0768412 0.101477 0.0798604 0.0883949 0.109783 0.096344 0.0708747 0.569546 
0.0761723 0.0942201 0.0860868 0.107075 0.138135 0.0942576 0.0761514 0.635128 
0.0756048 0.0934796 0.0973303 0.0655703 0.518746 0.0861478 0.0690191 0.679837 
0.0688619 0.100268 0.0784594 0.508489 0.633992 0.0719957 0.0664409 0.68224 
0.0842163 0.0965676 0.0618265 0.614618 0.488804 0.0818145 0.0748992 0.50888 
0.0988257 0.088752 0.0801299 0.453213 0.233652 0.0964339 0.0937838 0.210887 
0.0971844 0.0858354 0.0957585 0.208816 0.121556 0.0935862 0.0885945 0.110353 
0.0867725 0.0843789 0.0871553 0.101461 0.131513 0.09344 0.0832136 0.0965888 
0.0860422 0.0827891 0.0869289 0.0837495 0.125164 0.0893288 0.0774771 0.0885266 
0.081371 0.077301 0.0907429 0.0427885 0.521002 0.0827357 0.0766792 0.0825825 
0.0826076 0.0779927 0.0955117 0.0506721 0.667587 0.0639421 0.0735214 0.0815989 
0.073621 0.0715225 0.084133 0.0845106 0.565533 0.0628975 0.0696634 0.0759481 
0.0784184 0.0777708 0.0834011 0.0792796 0.330799 0.082787 0.0725956 0.0823601 
