0 0 0 0 0 0 0 0 
0.0174551 0.0174551 0.0174551 0.0174551 0.0174551 0.0174551 0.0174551 0.0174551 
0.0349101 0.0349101 0.0349101 0.0349101 0.0349101 0.0349101 0.0349101 0.0349101 
0.0523652 0.0523652 0.0523652 0.0523652 0.0523652 0.0523652 0.0523652 0.0523652 
0.0698203 0.0698203 0.0698203 0.0698203 0.0698203 0.0698203 0.0698203 0.0698203 
0.0872753 0.0872753 0.0872753 0.0872753 0.0872753 0.0872753 0.0872753 0.0872753 
0.10473 0.10473 0.10473 0.10473 0.10473 0.10473 0.10473 0.10473 
0.122185 0.122185 0.122185 0.122185 0.122185 0.122185 0.122185 0.122185 
0.139641 0.139641 0.139641 0.139641 0.139641 0.139641 0.139641 0.139641 
0.157096 0.157096 0.157096 0.157096 0.157096 0.157096 0.157096 0.157096 
0.174551 0.174551 0.174551 0.174551 0.174551 0.174551 0.174551 0.174551 
0.192006 0.192006 0.192006 0.192006 0.192006 0.192006 0.192006 0.192006 
0.209461 0.209461 0.209461 0.209461 0.209461 0.209461 0.209461 0.209461 
0.226916 0.226916 0.226916 0.226916 0.226916 0.226916 0.226916 0.226916 
0.244371 0.244371 0.244371 0.244371 0.244371 0.244371 0.244371 0.244371 
0.261826 0.261826 0.261826 0.261826 0.261826 0.261826 0.261826 0.261826 
0.279281 0.279281 0.279281 0.279281 0.279281 0.279281 0.279281 0.279281 
0.296736 0.296736 0.296736 0.296736 0.296736 0.296736 0.296736 0.296736 
0.314191 0.314191 0.314191 0.314191 0.314191 0.314191 0.314191 0.314191 
0.331646 0.331646 0.331646 0.331646 0.331646 0.331646 0.331646 0.331646 
0.349101 0.349101 0.349101 0.349101 0.349101 0.349101 0.349101 0.349101 
0.366556 0.366556 0.366556 0.366556 0.366556 0.366556 0.366556 0.366556 
0.384011 0.384011 0.384011 0.384011 0.384011 0.384011 0.384011 0.384011 
0.401466 0.401466 0.401466 0.401466 0.401466 0.401466 0.401466 0.401466 
0.418922 0.418922 0.418922 0.418922 0.418922 0.418922 0.418922 0.418922 
0.436377 0.436377 0.436377 0.436377 0.436377 0.436377 0.436377 0.436377 
0.453832 0.453832 0.453832 0.453832 0.453832 0.453832 0.453832 0.453832 
0.471287 0.471287 0.471287 0.471287 0.471287 0.471287 0.471287 0.471287 
0.509559 0.512387 0.506179 0.496966 0.508274 0.497977 0.511473 0.507997 
0.520813 0.520426 0.523932 0.519781 0.519881 0.515538 0.52215 0.521908 
0.559377 0.558358 0.558149 0.547897 0.559263 0.546283 0.563309 0.557282 
0.574853 0.570272 0.578003 0.57304 0.574825 0.567473 0.578836 0.574596 
0.616024 0.610272 0.61311 0.603843 0.615127 0.601122 0.621496 0.612636 
0.636289 0.627908 0.636584 0.63197 0.633755 0.62552 0.640603 0.634539 
0.680875 0.671825 0.674597 0.666282 0.676384 0.662803 0.685481 0.675986 
0.705464 0.694859 0.702453 0.697995 0.699073 0.69136 0.708434 0.702221 
0.753583 0.74267 0.744111 0.736468 0.745457 0.733261 0.756677 0.747459 
0.78233 0.770521 0.77667 0.772204 0.772864 0.766379 0.784028 0.77814 
0.834213 0.82221 0.822413 0.81521 0.823571 0.813051 0.836217 0.827472 
0.867106 0.854668 0.859816 0.855194 0.855682 0.850553 0.867984 0.862536 
0.922911 0.910347 0.909838 0.902881 0.91076 0.901823 0.924204 0.915976 
0.959916 0.947312 0.952029 0.947165 0.947418 0.943532 0.960227 0.955245 
1.01975 1.00706 1.00634 0.99956 1.0069 0.999347 1.02053 1.01278 
1.06087 1.04845 1.05318 1.04811 1.04802 1.04521 1.06077 1.05618 
1.12487 1.11235 1.11174 1.10519 1.112 1.10559 1.12531 1.11791 
1.17014 1.15814 1.16311 1.15797 1.15753 1.15564 1.16983 1.16551 
1.23849 1.22632 1.22593 1.21973 1.22608 1.22066 1.23881 1.23163 
1.28802 1.27657 1.28181 1.27676 1.27604 1.27497 1.2877 1.28358 
1.36096 1.34924 1.349 1.34331 1.34929 1.34475 1.36131 1.35432 
1.41492 1.40411 1.4095 1.40472 1.40374 1.40346 1.4147 1.41081 
1.49272 1.48153 1.48128 1.47623 1.48189 1.47819 1.4932 1.48645 
1.55136 1.54125 1.54662 1.54223 1.541 1.54151 1.55128 1.5477 
1.63437 1.62376 1.6233 1.619 1.62437 1.62146 1.63499 1.62856 
1.69799 1.68861 1.69379 1.68989 1.68841 1.68966 1.69803 1.69487 
1.78663 1.7766 1.77577 1.77228 1.77737 1.77519 1.78737 1.78132 
1.85559 1.84693 1.8518 1.8484 1.84669 1.84862 1.85574 1.85305 
1.95031 1.94083 1.9395 1.93688 1.94174 1.94017 1.95119 1.94553 
2.02502 2.01701 2.02152 2.01863 2.01674 2.01923 2.02529 2.02306 
2.12635 2.1173 2.11545 2.11356 2.11839 2.11726 2.12737 2.12205 
2.20723 2.19978 2.20393 2.20145 2.1995 2.20239 2.20766 2.20582 
2.31572 2.30698 2.30462 2.30343 2.30833 2.30744 2.31693 2.31186 
2.40323 2.39623 2.4001 2.39793 2.396 2.39911 2.40387 2.40235 
2.51949 2.51094 2.50813 2.50755 2.51258 2.51177 2.52093 2.51601 
2.61415 2.60748 2.61116 2.60919 2.60733 2.61049 2.61502 2.61374 
2.73886 2.73036 2.72718 2.72711 2.73239 2.73143 2.74055 2.73571 
2.84125 2.83483 2.83841 2.8365 2.83472 2.83779 2.84233 2.84131 
2.9752 2.96669 2.96313 2.96364 2.96912 2.96805 2.9771 2.97237 
3.08601 3.0798 3.08334 3.08143 3.0797 3.08267 3.0873 3.08658 
3.23021 3.22161 3.21767 3.2192 3.22467 3.22284 3.23232 3.2277 
3.35031 3.34428 3.34783 3.34589 3.34391 3.34674 3.35171 3.35147 
3.50601 3.49728 3.49294 3.49594 3.49976 3.49939 3.50818 3.50391 
3.63654 3.63073 3.63438 3.63255 3.62984 3.63284 3.63802 3.63847 
3.80527 3.79674 3.79118 3.79603 3.79876 3.79924 3.80741 3.80398 
3.94784 3.94242 3.94566 3.94517 3.94055 3.94451 3.94938 3.95098 
4.13212 4.12309 4.11843 4.12102 4.1264 4.12477 4.13421 4.13159 
4.28877 4.28388 4.28714 4.28683 4.28103 4.2857 4.29041 4.29346 
4.49196 4.48224 4.47588 4.48105 4.48584 4.48212 4.49428 4.49212 
4.66624 4.66039 4.66501 4.66572 4.65857 4.66137 4.66803 4.67228 
4.89312 4.87998 4.87671 4.87788 4.88773 4.88081 4.89504 4.89402 
5.08762 5.08197 5.08909 5.08568 5.07923 5.08484 5.08978 5.10014 
5.34579 5.33131 5.32192 5.32356 5.32911 5.33822 5.34751 5.35308 
5.56681 5.5639 5.56497 5.55875 5.54693 5.57131 5.56829 5.60142 
5.86125 5.85783 5.82566 5.84197 5.83555 5.86606 5.87222 5.90465 
6.09816 6.15553 6.10323 6.12919 6.08422 6.15885 6.10585 6.28624 
6.44801 6.50397 6.40978 6.47559 6.43297 6.52771 6.43746 6.72388 
6.83905 6.88435 6.81546 6.84945 6.81064 6.89727 6.84574 7.06973 
7.30325 7.32128 7.24727 7.27415 7.28952 7.3 7.30097 7.51856 
7.88888 7.85295 7.87039 7.86148 7.83817 7.87734 7.94147 7.93128 
8.51878 8.41792 8.43434 8.42112 8.46555 8.44106 8.49572 8.5537 
7.92792 7.8224 7.85454 7.84792 7.87333 7.86277 7.92803 7.96665 
7.31212 7.25652 7.24202 7.2356 7.26035 7.25261 7.3111 7.35896 
6.69559 6.64828 6.62853 6.62425 6.64808 6.64597 6.69759 6.75737 
6.08188 6.03913 6.01437 6.01505 6.03631 6.0339 6.08301 6.15238 
5.46704 5.4302 5.39858 5.40168 5.42454 5.4266 5.46067 5.55273 
4.84513 4.82162 4.78042 4.79251 4.81354 4.81276 4.8415 4.95679 
4.2201 4.21508 4.20271 4.17953 4.20002 4.19495 4.21901 4.36739 
3.64169 3.60634 3.58759 3.56024 3.5839 3.58683 3.64296 3.78976 
3.00002 2.99703 2.97514 2.94904 3.1325 2.99026 3.35838 3.24839 
2.4025 2.387 2.37105 2.41577 2.70492 3.14814 3.07158 2.71981 
1.85198 1.77601 1.98055 2.26585 2.53713 2.99307 2.68414 2.38979 
1.51992 1.40757 1.72376 2.13447 2.11031 2.56519 2.1245 2.03313 
1.38783 1.32254 1.35178 1.8444 1.91819 2.16765 1.75988 1.87063 
1.20794 1.03727 1.09407 1.56325 2.1015 1.92878 1.50006 1.60008 
1.04444 0.8208 0.997767 1.60669 2.13317 2.05193 1.49102 1.31922 
0.852441 0.673345 0.859494 1.38444 1.8704 1.78585 1.33367 1.15787 
0.728211 0.556574 0.809898 1.20653 1.45882 1.34698 1.23221 0.858058 
0.549993 0.476209 0.722072 1.06495 1.28125 1.17321 1.12208 0.790999 
0.454889 0.407799 0.734475 1.02084 1.21093 0.865285 1.20635 0.740102 
0.322519 0.381348 0.559311 1.03652 1.19501 0.857776 1.43754 0.886844 
0.249328 0.488371 0.510576 0.809337 0.850535 0.709191 1.26828 0.849698 
0.235495 0.430001 0.642451 1.05444 0.659014 0.49162 0.965316 0.622453 
0.215438 0.316126 0.579382 0.97546 0.477799 0.346192 0.695402 0.537057 
0.187543 0.325891 0.646596 0.721697 0.443607 0.249834 0.450452 0.416693 
0.150955 0.281385 0.823489 0.725779 0.270049 0.178898 0.297963 0.364065 
0.103354 0.566559 1.05703 0.990288 0.428701 0.123848 0.165917 0.265858 
0.128399 0.422515 0.846594 0.872713 0.278375 0.122871 0.13809 0.200858 
0.121922 0.407657 0.785869 0.941531 0.390801 0.103477 0.121658 0.161794 
0.150579 0.238534 0.724579 0.888372 0.338521 0.10855 0.130512 0.180695 
0.126326 0.211288 0.499238 0.769294 0.178059 0.124413 0.116032 0.291052 
0.106705 0.379507 0.285555 0.546592 0.160808 0.148264 0.128259 0.438637 
0.116304 0.631081 0.126477 0.380137 0.157822 0.110573 0.34498 0.18809 
0.12703 0.637027 0.167511 0.212231 0.224981 0.10584 0.610622 0.322271 
0.426573 0.303715 0.267772 0.136751 0.508991 0.0818457 0.688309 0.106728 
0.671004 0.128276 0.496885 0.117173 0.659384 0.0875935 0.695876 0.117603 
0.543115 0.247917 0.739828 0.395992 0.475229 0.101003 0.645642 0.13552 
0.262102 0.613753 0.595126 0.769674 0.287643 0.132502 0.382113 0.296999 
0.268204 0.84294 0.580976 1.05289 0.492388 0.0979141 0.172312 0.415572 
0.631462 0.607976 0.66351 0.997254 0.505874 0.109342 0.142381 0.677281 
0.955624 0.4996 0.549985 0.928038 0.414936 0.102351 0.132376 0.744864 
0.894535 0.509022 0.625785 1.09459 0.632769 0.0739851 0.492371 0.991228 
0.785048 0.876804 0.447156 0.998729 0.488694 0.102743 0.516801 1.04107 
1.09797 0.704462 0.565699 0.980399 0.382839 0.302395 0.562212 1.08162 
1.18324 0.621993 0.694767 0.866497 0.280873 0.31013 0.772675 1.27131 
1.28329 0.852945 1.08956 0.705834 0.30453 0.286399 0.842944 1.40731 
0.972951 1.34489 1.05377 0.656516 0.348183 0.217439 0.799001 1.27928 
0.866632 1.37139 0.894943 0.562212 0.633226 0.117308 0.681374 1.11144 
0.608847 1.06767 0.564764 0.868602 0.814893 0.274424 0.63329 1.23233 
0.646099 0.706467 0.656837 1.19583 0.928363 0.316056 0.864631 1.20735 
0.869991 0.361585 0.63488 1.20043 0.766148 0.303115 0.827184 1.20228 
0.712895 0.317204 0.41184 0.904759 0.482598 0.385248 0.560408 1.11846 
0.539653 0.224046 0.274872 0.6759 0.435117 0.345219 0.492207 0.911703 
0.396531 0.207656 0.203792 0.449431 0.348069 0.271633 0.424444 0.871472 
0.300634 0.150483 0.155575 0.326227 0.443198 0.270142 0.475746 0.934361 
0.374291 0.124686 0.123908 0.229104 0.399277 0.239052 0.545051 0.988822 
0.376558 0.102377 0.115546 0.210444 0.532917 0.334002 0.455239 0.922156 
0.43422 0.0956649 0.105488 0.128747 0.742202 0.382456 0.426027 0.714345 
0.220417 0.103937 0.0769452 0.426478 0.997703 0.809416 0.545109 0.59173 
0.142973 0.10256 0.0912013 0.410318 0.939801 0.733421 0.926127 0.734374 
0.122648 0.0927579 0.11186 0.253811 0.800968 0.931208 1.28487 0.764018 
0.410134 0.075873 0.113067 0.235165 0.663541 0.846169 1.30874 0.733975 
0.328699 0.0997547 0.133132 0.318724 0.607889 0.649391 1.12294 0.671734 
0.217266 0.105369 0.116172 0.454083 0.746951 0.591586 1.08167 0.799204 
0.224093 0.0897313 0.468861 0.658593 1.10833 0.647692 1.22733 0.849915 
0.519601 0.088147 0.543605 0.951433 1.38826 0.867247 1.11818 0.837984 
0.351811 0.625369 0.393918 0.91104 1.4414 0.936919 0.623976 0.923363 
0.249689 0.809461 0.554064 0.693566 1.23456 0.814525 0.356257 0.771387 
0.163878 0.782837 0.461661 0.46425 0.899307 0.635672 0.356255 0.516548 
0.134395 0.681254 0.311671 0.344249 0.721314 0.579402 0.298971 0.36622 
0.16208 0.415761 0.262056 0.252914 0.500205 0.347454 0.286971 0.263942 
0.128196 0.408396 0.228799 0.178488 0.480603 0.186908 0.228925 0.206753 
0.131844 0.284378 0.252114 0.141859 0.345682 0.13512 0.149769 0.227475 
0.110249 0.127454 0.477071 0.102313 0.209028 0.144927 0.1045 0.34401 
0.0958636 0.448429 0.696631 0.0857544 0.201213 0.110172 0.05944 0.584388 
0.0803501 0.38817 0.66097 0.0873244 0.245189 0.470781 0.0615034 0.618481 
0.121207 0.165743 0.378385 0.114012 0.258811 0.409926 0.110666 0.320232 
0.125055 0.135566 0.246108 0.104356 0.259272 0.197385 0.125771 0.113861 
0.112881 0.10463 0.144008 0.0948368 0.585372 0.167113 0.113778 0.0535353 
0.112106 0.118309 0.110541 0.101887 0.487076 0.335147 0.0454268 0.096134 
0.125909 0.0968351 0.107152 0.0907385 0.493266 0.41924 0.0879409 0.0876872 
0.157744 0.122419 0.112505 0.103781 0.285517 0.10786 0.508092 0.090968 
0.435806 0.0798111 0.119801 0.100931 0.121915 0.0978673 0.679417 0.0854658 
0.664627 0.172484 0.207928 0.0932107 0.104918 0.0948952 0.460394 0.141894 
0.600865 0.111853 0.333689 0.0789043 0.0941393 0.123626 0.425667 0.349977 
0.365987 0.631128 0.636665 0.0678929 0.0862672 0.0623831 0.611557 0.761079 
0.19335 0.777453 0.638384 0.0785836 0.0603113 0.41156 0.908524 0.813905 
0.651697 1.00476 0.661073 0.0844388 0.0975131 0.153496 0.774228 0.975685 
0.70357 1.06027 0.551755 0.0950148 0.0927708 0.0924324 0.608468 0.833339 
0.776428 0.785483 0.200954 0.387521 0.0761602 0.113328 0.360742 0.701403 
0.691536 0.586482 0.200083 0.371455 0.0898953 0.10271 0.223853 0.709113 
0.901323 0.301893 0.164737 0.161353 0.108063 0.105852 0.1721 0.799192 
0.75211 0.16279 0.475597 0.100622 0.114516 0.075952 0.297969 0.857241 
0.753589 0.13078 0.350115 0.1041 0.0986395 0.0759817 0.54368 1.01484 
0.708443 0.139964 0.570153 0.0960874 0.111694 0.0873043 0.519547 1.00825 
0.728756 0.159229 0.470188 0.110242 0.111604 0.0890746 0.379178 0.887364 
0.742611 0.143658 0.581509 0.112143 0.277279 0.0731257 0.464579 0.885323 
0.764523 0.122322 0.702719 0.140677 0.204407 0.0927443 0.366932 0.905415 
0.891676 0.355238 0.86493 0.450119 0.102059 0.101677 0.347519 0.898052 
0.886964 0.347953 0.948198 0.511686 0.131553 0.0927387 0.228794 0.65943 
0.608103 0.384482 1.00366 0.681285 0.131419 0.0927635 0.428847 0.517805 
0.320928 0.376697 0.953155 0.754222 0.180064 0.103371 0.377082 0.680077 
0.339564 0.168852 0.770033 0.925813 0.384856 0.0416384 0.588956 0.852801 
0.26968 0.22851 0.545601 0.888118 0.40985 0.23517 0.582447 0.856259 
0.305718 0.130392 0.41267 0.693317 0.737239 0.298898 0.558164 0.916158 
0.273728 0.549693 0.320863 0.881995 1.15086 0.651724 0.623181 0.88572 
0.452367 0.380191 0.478535 1.01548 1.4741 1.0131 0.554749 1.03523 
0.28652 0.719722 0.425891 1.04524 1.60896 1.17002 0.616479 0.791062 
0.213763 0.642354 0.35522 0.926076 1.41072 1.3329 0.812606 0.575341 
0.134727 0.482692 0.358961 0.85011 1.20498 1.323 1.09189 0.572148 
0.111698 0.663879 0.373796 0.779258 1.0156 0.929561 1.03727 0.419191 
0.126109 0.717257 0.617205 0.718542 1.29404 0.792388 0.847281 0.294103 
0.138911 0.767233 0.891647 0.546826 1.16569 0.942606 0.633932 0.336462 
0.127492 0.727355 1.23009 0.685345 1.02938 1.09219 0.701418 0.26468 
0.600361 0.615128 1.11667 0.659561 0.753629 1.00187 0.901605 0.294831 
0.818595 0.460148 0.881065 0.89233 0.456842 1.05128 0.799151 0.221909 
0.701414 0.410535 0.736274 1.19459 0.705657 1.14912 0.578156 0.159071 
0.373057 0.788321 0.4827 0.988409 0.642149 0.962768 0.333916 0.186134 
0.182453 0.636867 0.402391 0.778021 1.06692 0.825401 0.24333 0.165099 
0.136688 0.33626 0.397429 0.631025 1.21691 0.698417 0.151898 0.136595 
0.15033 0.133244 0.69866 0.448683 1.03092 0.516649 0.134312 0.0998229 
0.122481 0.0922345 0.582109 0.359773 0.964667 0.397827 0.115848 0.0972286 
0.105986 0.104637 0.322198 0.295124 0.850596 0.257051 0.126717 0.101851 
0.102217 0.0926903 0.191183 0.171801 0.711423 0.134116 0.1373 0.0835294 
0.104484 0.100088 0.118531 0.124132 0.437906 0.123301 0.167057 0.0829264 
0.0972646 0.0915093 0.101616 0.11315 0.199966 0.107951 0.204182 0.0399703 
0.111314 0.104711 0.0886374 0.0878226 0.1377 0.0722441 0.504254 0.0677531 
0.127316 0.112442 0.0921411 0.0912544 0.108828 0.0920845 0.409566 0.0677255 
0.131396 0.341844 0.0707942 0.102679 0.0650581 0.126369 0.146756 0.0766876 
0.0879173 0.574954 0.0700969 0.0922363 0.0868423 0.0951555 0.0939066 0.259487 
0.516404 0.529241 0.0947012 0.0815066 0.0974279 0.083416 0.0895982 0.110138 
0.667248 0.147328 0.380329 0.0614582 0.0868379 0.0817065 0.0925326 0.0806445 
0.621308 0.074248 0.575317 0.0540911 0.12308 0.0832376 0.0831609 0.0949574 
0.675387 0.0706069 0.666792 0.0667522 0.170882 0.0433908 0.0887766 0.0806696 
0.67553 0.0775039 0.648301 0.0440373 0.474314 0.0291066 0.0892115 0.0976578 
0.566464 0.10286 0.558994 0.0545952 0.564613 0.0711109 0.0900326 0.0953953 
0.158924 0.481689 0.160068 0.130939 0.247456 0.0957076 0.0543128 0.52151 
0.085406 0.666511 0.0818229 0.121931 0.104142 0.0962757 0.0843171 0.472348 
0.104523 0.633541 0.074054 0.0957492 0.0854978 0.0873549 0.0905159 0.211062 
0.101216 0.457435 0.0843449 0.0909878 0.0795509 0.0898717 0.107338 0.122995 
0.120477 0.182547 0.0964142 0.0812273 0.0848783 0.0853601 0.0870337 0.109995 
0.0997981 0.0996218 0.0852776 0.0822155 0.0788697 0.0915773 0.127059 0.1101 
0.133152 0.0876794 0.0788781 0.0750612 0.0843338 0.0792903 0.0995686 0.133374 
0.129357 0.0741764 0.078311 0.0737104 0.0832212 0.0694725 0.498135 0.0982733 
0.536734 0.0496132 0.0798801 0.0740823 0.0765439 0.0969645 0.145479 0.568852 
0.673195 0.0566792 0.0819304 0.0750978 0.0783786 0.087809 0.0799738 0.671015 
0.517251 0.0789145 0.0816248 0.0769898 0.0835694 0.0863949 0.102853 0.41104 
0.27721 0.100825 0.0810617 0.0800667 0.0858419 0.0882428 0.0966226 0.317099 
0.129622 0.101242 0.0814017 0.08646 0.0886213 0.0896732 0.0981837 0.278868 
0.0768412 0.101477 0.0798604 0.0883949 0.109783 0.096344 0.0708747 0.569546 
0.0761723 0.0942201 0.0860868 0.107075 0.138135 0.0942576 0.0761514 0.635128 
0.0756048 0.0934796 0.0973303 0.0655703 0.518746 0.0861478 0.0690191 0.679837 
0.0688619 0.100268 0.0784594 0.508489 0.633992 0.0719957 0.0664409 0.68224 
0.0842163 0.0965676 0.0618265 0.614618 0.488804 0.0818145 0.0748992 0.50888 
0.0988257 0.088752 0.0801299 0.453213 0.233652 0.0964339 0.0937838 0.210887 
0.0971844 0.0858354 0.0957585 0.208816 0.121556 0.0935862 0.0885945 0.110353 
0.0867725 0.0843789 0.0871553 0.101461 0.131513 0.09344 0.0832136 0.0965888 
0.0860422 0.0827891 0.0869289 0.0837495 0.125164 0.0893288 0.0774771 0.0885266 
0.081371 0.077301 0.0907429 0.0427885 0.521002 0.0827357 0.0766792 0.0825825 
0.0826076 0.0779927 0.0955117 0.0506721 0.667587 0.0639421 0.0735214 0.0815989 
0.073621 0.0715225 0.084133 0.0845106 0.565533 0.0628975 0.0696634 0.0759481 
0.0784184 0.0777708 0.0834011 0.0792796 0.330799 0.082787 0.0725956 0.0823601 
