0 0 0 0 0 0 0 0 
0.0174551 0.0174551 0.0174551 0.0174551 0.0174551 0.0174551 0.0174551 0.0174551 
0.0349101 0.0349101 0.0349101 0.0349101 0.0349101 0.0349101 0.0349101 0.0349101 
0.0523652 0.0523652 0.0523652 0.0523652 0.0523652 0.0523652 0.0523652 0.0523652 
0.0698203 0.0698203 0.0698203 0.0698203 0.0698203 0.0698203 0.0698203 0.0698203 
0.0872753 0.0872753 0.0872753 0.0872753 0.0872753 0.0872753 0.0872753 0.0872753 
0.10473 0.10473 0.10473 0.10473 0.10473 0.10473 0.10473 0.10473 
0.122185 0.122185 0.122185 0.122185 0.122185 0.122185 0.122185 0.122185 
0.139641 0.139641 0.139641 0.139641 0.139641 0.139641 0.139641 0.139641 
0.157096 0.157096 0.157096 0.157096 0.157096 0.157096 0.157096 0.157096 
0.174551 0.174551 0.174551 0.174551 0.174551 0.174551 0.174551 0.174551 
0.192006 0.192006 0.192006 0.192006 0.192006 0.192006 0.192006 0.192006 
0.209461 0.209461 0.209461 0.209461 0.209461 0.209461 0.209461 0.209461 
0.226916 0.226916 0.226916 0.226916 0.226916 0.226916 0.226916 0.226916 
0.244371 0.244371 0.244371 0.244371 0.244371 0.244371 0.244371 0.244371 
0.261826 0.261826 0.261826 0.261826 0.261826 0.261826 0.261826 0.261826 
0.279281 0.279281 0.279281 0.279281 0.279281 0.279281 0.279281 0.279281 
0.296736 0.296736 0.296736 0.296736 0.296736 0.296736 0.296736 0.296736 
0.314191 0.314191 0.314191 0.314191 0.314191 0.314191 0.314191 0.314191 
0.331646 0.331646 0.331646 0.331646 0.331646 0.331646 0.331646 0.331646 
0.349101 0.349101 0.349101 0.349101 0.349101 0.349101 0.349101 0.349101 
0.366556 0.366556 0.366556 0.366556 0.366556 0.366556 0.366556 0.366556 
0.384011 0.384011 0.384011 0.384011 0.384011 0.384011 0.384011 0.384011 
0.401466 0.401466 0.401466 0.401466 0.401466 0.401466 0.401466 0.401466 
0.418922 0.418922 0.418922 0.418922 0.418922 0.418922 0.418922 0.418922 
0.436377 0.436377 0.436377 0.436377 0.436377 0.436377 0.436377 0.436377 
0.453832 0.453832 0.453832 0.453832 0.453832 0.453832 0.453832 0.453832 
0.471287 0.471287 0.471287 0.471287 0.471287 0.471287 0.471287 0.471287 
0.50356 0.502371 0.498105 0.497435 0.497764 0.497739 0.499927 0.50495 
0.513173 0.518435 0.51464 0.519148 0.517025 0.516886 0.51408 0.51882 
0.551325 0.550726 0.545485 0.545194 0.543575 0.543569 0.548568 0.551085 
0.566416 0.569676 0.567472 0.56781 0.565742 0.563524 0.566568 0.567611 
0.60739 0.603942 0.602503 0.596304 0.595055 0.591501 0.60292 0.60233 
0.626804 0.626321 0.62882 0.622903 0.621352 0.614742 0.624233 0.623126 
0.670993 0.663742 0.667462 0.655646 0.654927 0.646335 0.663929 0.661399 
0.69442 0.690097 0.697389 0.686717 0.686073 0.67405 0.689393 0.686428 
0.742148 0.731243 0.739441 0.723612 0.724142 0.710245 0.733293 0.728675 
0.769546 0.761838 0.772854 0.758905 0.759924 0.742769 0.763234 0.758161 
0.8211 0.807117 0.818481 0.799946 0.802288 0.78392 0.811576 0.804891 
0.852588 0.842206 0.855619 0.839541 0.842567 0.821397 0.846002 0.839052 
0.90834 0.891955 0.905213 0.884975 0.889301 0.867686 0.898892 0.890519 
0.944135 0.931745 0.946429 0.929173 0.934189 0.910255 0.937819 0.929405 
1.00444 0.986214 1.00035 0.979312 0.985523 0.961853 0.995432 0.985731 
1.04476 1.03084 1.04594 1.02838 1.03521 1.00962 1.03899 1.02938 
1.10991 1.09025 1.10447 1.08347 1.09136 1.0667 1.10156 1.09073 
1.15493 1.13986 1.15468 1.1376 1.14598 1.11977 1.14993 1.13926 
1.22519 1.20443 1.21813 1.19787 1.20707 1.18251 1.21769 1.20588 
1.27512 1.25922 1.27326 1.25727 1.26672 1.24099 1.27107 1.25952 
1.35078 1.32925 1.34198 1.32297 1.33292 1.30956 1.34428 1.33173 
1.40588 1.38949 1.40238 1.38788 1.39776 1.37359 1.40286 1.39073 
1.48726 1.46534 1.47675 1.4593 1.4693 1.44818 1.48179 1.46886 
1.54781 1.53134 1.54276 1.53 1.53957 1.51791 1.5458 1.53351 
1.6353 1.61335 1.62316 1.60742 1.61679 1.59874 1.63076 1.61789 
1.7016 1.68541 1.69511 1.6842 1.69283 1.67434 1.70047 1.68843 
1.79559 1.77389 1.78193 1.76795 1.77616 1.76167 1.79183 1.7794 
1.86797 1.8523 1.8602 1.85114 1.85836 1.84337 1.86754 1.8561 
1.96891 1.94756 1.95397 1.94134 1.94819 1.93749 1.96572 1.95401 
2.04768 2.0327 2.0389 2.03129 2.03705 2.02557 2.04775 2.0372 
2.15596 2.13527 2.13975 2.12871 2.13382 2.12715 2.15308 2.14251 
2.24155 2.22743 2.23191 2.22565 2.22982 2.22193 2.24196 2.23245 
2.3577 2.33771 2.34044 2.33038 2.33366 2.33101 2.35506 2.34564 
2.4505 2.43737 2.44023 2.43482 2.43747 2.43295 2.45114 2.44276 
2.5752 2.556 2.55708 2.54683 2.54977 2.54999 2.57273 2.56433 
2.67574 2.66366 2.66514 2.65982 2.66173 2.65984 2.67647 2.66916 
2.80962 2.79138 2.79053 2.78047 2.78307 2.78537 2.80751 2.79982 
2.91853 2.90781 2.90777 2.90222 2.90407 2.90368 2.91952 2.913 
3.06291 3.04444 3.04336 3.03216 3.03503 3.03899 3.06099 3.05349 
3.18078 3.1706 3.1702 3.16357 3.16616 3.16671 3.18219 3.17588 
3.33704 3.31689 3.31665 3.30382 3.30812 3.31308 3.33451 3.32747 
3.46434 3.4545 3.45359 3.44644 3.45 3.451 3.46609 3.46011 
3.63395 3.61261 3.61142 3.59794 3.60347 3.60927 3.63059 3.62458 
3.77257 3.76212 3.76089 3.75314 3.75821 3.75849 3.77402 3.76894 
3.95622 3.93489 3.93205 3.91822 3.92443 3.93168 3.95191 3.9473 
4.10786 4.09691 4.09527 4.08779 4.09345 4.09337 4.10854 4.10436 
4.30654 4.28768 4.28251 4.26729 4.27415 4.28221 4.30316 4.29953 
4.47345 4.4648 4.46138 4.45411 4.45989 4.46016 4.47484 4.47187 
4.69281 4.67548 4.66701 4.64989 4.65753 4.66829 4.69017 4.68781 
4.87756 4.87073 4.86557 4.85695 4.86244 4.86495 4.87955 4.87973 
5.12518 5.10253 5.09354 5.07026 5.08046 5.0963 5.12277 5.11868 
5.33038 5.32613 5.3145 5.30229 5.30695 5.31587 5.33304 5.33905 
5.60968 5.58787 5.56035 5.54656 5.54994 5.57577 5.60742 5.61064 
5.83943 5.84612 5.8093 5.81089 5.80696 5.83206 5.84428 5.87516 
6.15875 6.13549 6.09421 6.09213 6.082 6.13862 6.15536 6.19972 
6.39653 6.46475 6.37539 6.42017 6.36877 6.46761 6.39857 6.60191 
6.77182 6.81495 6.72575 6.74807 6.7088 6.82601 6.76255 7.09621 
7.16763 7.20041 7.15087 7.15752 7.14474 7.2108 7.16809 7.42466 
7.71041 7.63469 7.59795 7.60677 7.60606 7.64457 7.71173 7.88458 
8.26317 8.20955 8.19247 8.22274 8.17201 8.21889 8.26074 8.38226 
8.89371 8.85342 8.83157 8.78047 8.81032 8.85452 8.88443 8.98576 
8.30272 8.2152 8.21354 8.17781 8.16733 8.24468 8.30557 8.35966 
7.68436 7.60794 7.61188 7.56595 7.55481 7.61488 7.68509 7.75394 
7.06673 6.998 7.00027 6.94951 6.99351 6.9999 7.07071 7.15283 
6.45003 6.38667 6.38794 6.32498 6.39394 6.39093 6.45676 6.50959 
5.83301 5.77252 5.77387 5.76798 5.77954 5.78 5.84069 5.90399 
5.23796 5.21401 5.16078 5.14296 5.17859 5.1733 5.2311 5.35637 
4.61923 4.6006 4.54577 4.53496 4.56593 4.55638 4.64714 4.77234 
4.01309 3.98355 3.93233 3.90749 3.94536 3.94574 4.01179 4.14182 
3.37986 3.37638 3.3194 3.28426 3.33298 3.33765 3.40763 3.61634 
2.79198 2.76936 2.70809 2.65919 2.70492 3.14814 3.07158 3.02721 
2.18339 2.16248 2.1034 2.26585 2.53713 2.99307 2.68414 2.49607 
1.57223 1.55808 1.72376 2.13447 2.11031 2.56519 2.1245 2.03313 
1.38783 1.32254 1.35178 1.8444 1.91819 2.16765 1.75988 1.87063 
1.20794 1.03727 1.09407 1.56325 2.1015 1.92878 1.50006 1.60008 
1.04444 0.8208 0.997767 1.60669 2.13317 2.05193 1.49102 1.31922 
0.852441 0.673345 0.859494 1.38444 1.8704 1.78585 1.33367 1.15787 
0.728211 0.556574 0.809898 1.20653 1.45882 1.34698 1.23221 0.858058 
0.549993 0.476209 0.722072 1.06495 1.28125 1.17321 1.12208 0.790999 
0.454889 0.407799 0.734475 1.02084 1.21093 0.865285 1.20635 0.740102 
0.322519 0.381348 0.559311 1.03652 1.19501 0.857776 1.43754 0.886844 
0.249328 0.488371 0.510576 0.809337 0.850535 0.709191 1.26828 0.849698 
0.235495 0.430001 0.642451 1.05444 0.659014 0.49162 0.965316 0.622453 
0.215438 0.316126 0.579382 0.97546 0.477799 0.346192 0.695402 0.537057 
0.187543 0.325891 0.646596 0.721697 0.443607 0.249834 0.450452 0.416693 
0.150955 0.281385 0.823489 0.725779 0.270049 0.178898 0.297963 0.364065 
0.103354 0.566559 1.05703 0.990288 0.428701 0.123848 0.165917 0.265858 
0.128399 0.422515 0.846594 0.872713 0.278375 0.122871 0.13809 0.200858 
0.121922 0.407657 0.785869 0.941531 0.390801 0.103477 0.121658 0.161794 
0.150579 0.238534 0.724579 0.888372 0.338521 0.10855 0.130512 0.180695 
0.126326 0.211288 0.499238 0.769294 0.178059 0.124413 0.116032 0.291052 
0.106705 0.379507 0.285555 0.546592 0.160808 0.148264 0.128259 0.438637 
0.116304 0.631081 0.126477 0.380137 0.157822 0.110573 0.34498 0.18809 
0.12703 0.637027 0.167511 0.212231 0.224981 0.10584 0.610622 0.322271 
0.426573 0.303715 0.267772 0.136751 0.508991 0.0818457 0.688309 0.106728 
0.671004 0.128276 0.496885 0.117173 0.659384 0.0875935 0.695876 0.117603 
0.543115 0.247917 0.739828 0.395992 0.475229 0.101003 0.645642 0.13552 
0.262102 0.613753 0.595126 0.769674 0.287643 0.132502 0.382113 0.296999 
0.268204 0.84294 0.580976 1.05289 0.492388 0.0979141 0.172312 0.415572 
0.631462 0.607976 0.66351 0.997254 0.505874 0.109342 0.142381 0.677281 
0.955624 0.4996 0.549985 0.928038 0.414936 0.102351 0.132376 0.744864 
0.894535 0.509022 0.625785 1.09459 0.632769 0.0739851 0.492371 0.991228 
0.785048 0.876804 0.447156 0.998729 0.488694 0.102743 0.516801 1.04107 
1.09797 0.704462 0.565699 0.980399 0.382839 0.302395 0.562212 1.08162 
1.18324 0.621993 0.694767 0.866497 0.280873 0.31013 0.772675 1.27131 
1.28329 0.852945 1.08956 0.705834 0.30453 0.286399 0.842944 1.40731 
0.972951 1.34489 1.05377 0.656516 0.348183 0.217439 0.799001 1.27928 
0.866632 1.37139 0.894943 0.562212 0.633226 0.117308 0.681374 1.11144 
0.608847 1.06767 0.564764 0.868602 0.814893 0.274424 0.63329 1.23233 
0.646099 0.706467 0.656837 1.19583 0.928363 0.316056 0.864631 1.20735 
0.869991 0.361585 0.63488 1.20043 0.766148 0.303115 0.827184 1.20228 
0.712895 0.317204 0.41184 0.904759 0.482598 0.385248 0.560408 1.11846 
0.539653 0.224046 0.274872 0.6759 0.435117 0.345219 0.492207 0.911703 
0.396531 0.207656 0.203792 0.449431 0.348069 0.271633 0.424444 0.871472 
0.300634 0.150483 0.155575 0.326227 0.443198 0.270142 0.475746 0.934361 
0.374291 0.124686 0.123908 0.229104 0.399277 0.239052 0.545051 0.988822 
0.376558 0.102377 0.115546 0.210444 0.532917 0.334002 0.455239 0.922156 
0.43422 0.0956649 0.105488 0.128747 0.742202 0.382456 0.426027 0.714345 
0.220417 0.103937 0.0769452 0.426478 0.997703 0.809416 0.545109 0.59173 
0.142973 0.10256 0.0912013 0.410318 0.939801 0.733421 0.926127 0.734374 
0.122648 0.0927579 0.11186 0.253811 0.800968 0.931208 1.28487 0.764018 
0.410134 0.075873 0.113067 0.235165 0.663541 0.846169 1.30874 0.733975 
0.328699 0.0997547 0.133132 0.318724 0.607889 0.649391 1.12294 0.671734 
0.217266 0.105369 0.116172 0.454083 0.746951 0.591586 1.08167 0.799204 
0.224093 0.0897313 0.468861 0.658593 1.10833 0.647692 1.22733 0.849915 
0.519601 0.088147 0.543605 0.951433 1.38826 0.867247 1.11818 0.837984 
0.351811 0.625369 0.393918 0.91104 1.4414 0.936919 0.623976 0.923363 
0.249689 0.809461 0.554064 0.693566 1.23456 0.814525 0.356257 0.771387 
0.163878 0.782837 0.461661 0.46425 0.899307 0.635672 0.356255 0.516548 
0.134395 0.681254 0.311671 0.344249 0.721314 0.579402 0.298971 0.36622 
0.16208 0.415761 0.262056 0.252914 0.500205 0.347454 0.286971 0.263942 
0.128196 0.408396 0.228799 0.178488 0.480603 0.186908 0.228925 0.206753 
0.131844 0.284378 0.252114 0.141859 0.345682 0.13512 0.149769 0.227475 
0.110249 0.127454 0.477071 0.102313 0.209028 0.144927 0.1045 0.34401 
0.0958636 0.448429 0.696631 0.0857544 0.201213 0.110172 0.05944 0.584388 
0.0803501 0.38817 0.66097 0.0873244 0.245189 0.470781 0.0615034 0.618481 
0.121207 0.165743 0.378385 0.114012 0.258811 0.409926 0.110666 0.320232 
0.125055 0.135566 0.246108 0.104356 0.259272 0.197385 0.125771 0.113861 
0.112881 0.10463 0.144008 0.0948368 0.585372 0.167113 0.113778 0.0535353 
0.112106 0.118309 0.110541 0.101887 0.487076 0.335147 0.0454268 0.096134 
0.125909 0.0968351 0.107152 0.0907385 0.493266 0.41924 0.0879409 0.0876872 
0.157744 0.122419 0.112505 0.103781 0.285517 0.10786 0.508092 0.090968 
0.435806 0.0798111 0.119801 0.100931 0.121915 0.0978673 0.679417 0.0854658 
0.664627 0.172484 0.207928 0.0932107 0.104918 0.0948952 0.460394 0.141894 
0.600865 0.111853 0.333689 0.0789043 0.0941393 0.123626 0.425667 0.349977 
0.365987 0.631128 0.636665 0.0678929 0.0862672 0.0623831 0.611557 0.761079 
0.19335 0.777453 0.638384 0.0785836 0.0603113 0.41156 0.908524 0.813905 
0.651697 1.00476 0.661073 0.0844388 0.0975131 0.153496 0.774228 0.975685 
0.70357 1.06027 0.551755 0.0950148 0.0927708 0.0924324 0.608468 0.833339 
0.776428 0.785483 0.200954 0.387521 0.0761602 0.113328 0.360742 0.701403 
0.691536 0.586482 0.200083 0.371455 0.0898953 0.10271 0.223853 0.709113 
0.901323 0.301893 0.164737 0.161353 0.108063 0.105852 0.1721 0.799192 
0.75211 0.16279 0.475597 0.100622 0.114516 0.075952 0.297969 0.857241 
0.753589 0.13078 0.350115 0.1041 0.0986395 0.0759817 0.54368 1.01484 
0.708443 0.139964 0.570153 0.0960874 0.111694 0.0873043 0.519547 1.00825 
0.728756 0.159229 0.470188 0.110242 0.111604 0.0890746 0.379178 0.887364 
0.742611 0.143658 0.581509 0.112143 0.277279 0.0731257 0.464579 0.885323 
0.764523 0.122322 0.702719 0.140677 0.204407 0.0927443 0.366932 0.905415 
0.891676 0.355238 0.86493 0.450119 0.102059 0.101677 0.347519 0.898052 
0.886964 0.347953 0.948198 0.511686 0.131553 0.0927387 0.228794 0.65943 
0.608103 0.384482 1.00366 0.681285 0.131419 0.0927635 0.428847 0.517805 
0.320928 0.376697 0.953155 0.754222 0.180064 0.103371 0.377082 0.680077 
0.339564 0.168852 0.770033 0.925813 0.384856 0.0416384 0.588956 0.852801 
0.26968 0.22851 0.545601 0.888118 0.40985 0.23517 0.582447 0.856259 
0.305718 0.130392 0.41267 0.693317 0.737239 0.298898 0.558164 0.916158 
0.273728 0.549693 0.320863 0.881995 1.15086 0.651724 0.623181 0.88572 
0.452367 0.380191 0.478535 1.01548 1.4741 1.0131 0.554749 1.03523 
0.28652 0.719722 0.425891 1.04524 1.60896 1.17002 0.616479 0.791062 
0.213763 0.642354 0.35522 0.926076 1.41072 1.3329 0.812606 0.575341 
0.134727 0.482692 0.358961 0.85011 1.20498 1.323 1.09189 0.572148 
0.111698 0.663879 0.373796 0.779258 1.0156 0.929561 1.03727 0.419191 
0.126109 0.717257 0.617205 0.718542 1.29404 0.792388 0.847281 0.294103 
0.138911 0.767233 0.891647 0.546826 1.16569 0.942606 0.633932 0.336462 
0.127492 0.727355 1.23009 0.685345 1.02938 1.09219 0.701418 0.26468 
0.600361 0.615128 1.11667 0.659561 0.753629 1.00187 0.901605 0.294831 
0.818595 0.460148 0.881065 0.89233 0.456842 1.05128 0.799151 0.221909 
0.701414 0.410535 0.736274 1.19459 0.705657 1.14912 0.578156 0.159071 
0.373057 0.788321 0.4827 0.988409 0.642149 0.962768 0.333916 0.186134 
0.182453 0.636867 0.402391 0.778021 1.06692 0.825401 0.24333 0.165099 
0.136688 0.33626 0.397429 0.631025 1.21691 0.698417 0.151898 0.136595 
0.15033 0.133244 0.69866 0.448683 1.03092 0.516649 0.134312 0.0998229 
0.122481 0.0922345 0.582109 0.359773 0.964667 0.397827 0.115848 0.0972286 
0.105986 0.104637 0.322198 0.295124 0.850596 0.257051 0.126717 0.101851 
0.102217 0.0926903 0.191183 0.171801 0.711423 0.134116 0.1373 0.0835294 
0.104484 0.100088 0.118531 0.124132 0.437906 0.123301 0.167057 0.0829264 
0.0972646 0.0915093 0.101616 0.11315 0.199966 0.107951 0.204182 0.0399703 
0.111314 0.104711 0.0886374 0.0878226 0.1377 0.0722441 0.504254 0.0677531 
0.131368 0.112442 0.0921411 0.0912544 0.108828 0.0920845 0.409566 0.065263 
0.166558 0.341844 0.0707942 0.102679 0.0650581 0.126369 0.146756 0.0448225 
0.0879173 0.574954 0.0700969 0.0922363 0.0868423 0.0951555 0.0939066 0.259487 
0.518675 0.529241 0.0947012 0.0815066 0.0974279 0.083416 0.0895982 0.107675 
0.667248 0.147328 0.380329 0.0614582 0.0868379 0.0817065 0.0925326 0.0807452 
0.621308 0.074248 0.575317 0.0540911 0.12308 0.0832376 0.0831609 0.0949574 
0.675387 0.0706069 0.666792 0.0667522 0.170882 0.0433908 0.0887766 0.0806762 
0.682382 0.0775039 0.648301 0.0444268 0.474314 0.0291437 0.117043 0.0727859 
0.566464 0.10286 0.492936 0.0745421 0.585661 0.0689887 0.161004 0.0683223 
0.158924 0.48189 0.176945 0.105434 0.312163 0.0868664 0.0851386 0.460568 
0.085406 0.666511 0.0826955 0.121931 0.104142 0.0962757 0.0843171 0.472348 
0.104523 0.633541 0.0740541 0.0957492 0.0854978 0.0873549 0.0905159 0.211062 
0.101216 0.457435 0.0843449 0.0909878 0.0795509 0.0898717 0.107338 0.122995 
0.120477 0.182547 0.0964142 0.0812273 0.0848783 0.0853601 0.0870337 0.109995 
0.0997981 0.0996218 0.0852776 0.0822155 0.0788697 0.0915773 0.127059 0.1101 
0.133152 0.0876794 0.0788781 0.0750612 0.0843338 0.0792903 0.0997623 0.133199 
0.129357 0.0741764 0.078311 0.0737104 0.0832212 0.0694725 0.501307 0.0959368 
0.536734 0.0496132 0.0798801 0.0740832 0.0765439 0.0969645 0.145479 0.568852 
0.673195 0.0566792 0.0819304 0.0738002 0.0797269 0.087809 0.0799738 0.671015 
0.517251 0.0789145 0.0816248 0.0779902 0.123313 0.0357624 0.102853 0.41104 
0.27721 0.100825 0.0810617 0.0879461 0.0853969 0.0791553 0.0966226 0.317099 
0.129622 0.101242 0.0814017 0.08646 0.0887092 0.0896842 0.0981837 0.278868 
0.0768412 0.101477 0.0798604 0.0883949 0.106098 0.0985673 0.0708747 0.569546 
0.0761723 0.0942201 0.0860868 0.105741 0.139486 0.0942576 0.0761514 0.635128 
0.0756048 0.0934796 0.0973303 0.0655778 0.518746 0.0861478 0.0690191 0.679837 
0.0688619 0.100268 0.0784594 0.508489 0.633992 0.0719957 0.0664409 0.68224 
0.0842163 0.0965676 0.0618265 0.614618 0.488804 0.0818145 0.0748992 0.50888 
0.0988257 0.088752 0.0801299 0.453213 0.233652 0.0964339 0.0937838 0.210887 
0.0971844 0.0858354 0.0957585 0.208816 0.121556 0.0935862 0.0885945 0.110353 
0.0867725 0.0843789 0.0871553 0.101461 0.131513 0.09344 0.0832136 0.0965888 
0.0860422 0.0827891 0.0869289 0.0837495 0.125164 0.0893288 0.0774771 0.0885266 
0.081371 0.077301 0.0907429 0.0427885 0.521002 0.0827357 0.0766792 0.0825825 
0.0826076 0.0779927 0.0955117 0.0506721 0.667587 0.0639421 0.0735214 0.0815989 
0.073621 0.0715225 0.084133 0.0845106 0.565533 0.0628975 0.0696634 0.0759481 
0.0784184 0.0777708 0.0834011 0.0792796 0.330799 0.082787 0.0725956 0.0823601 
