0 0 0 0 0 0 0 0 
0.0174551 0.0174551 0.0174551 0.0174551 0.0174551 0.0174551 0.0174551 0.0174551 
0.0349101 0.0349101 0.0349101 0.0349101 0.0349101 0.0349101 0.0349101 0.0349101 
0.0523652 0.0523652 0.0523652 0.0523652 0.0523652 0.0523652 0.0523652 0.0523652 
0.0698203 0.0698203 0.0698203 0.0698203 0.0698203 0.0698203 0.0698203 0.0698203 
0.0872753 0.0872753 0.0872753 0.0872753 0.0872753 0.0872753 0.0872753 0.0872753 
0.10473 0.10473 0.10473 0.10473 0.10473 0.10473 0.10473 0.10473 
0.122185 0.122185 0.122185 0.122185 0.122185 0.122185 0.122185 0.122185 
0.139641 0.139641 0.139641 0.139641 0.139641 0.139641 0.139641 0.139641 
0.157096 0.157096 0.157096 0.157096 0.157096 0.157096 0.157096 0.157096 
0.174551 0.174551 0.174551 0.174551 0.174551 0.174551 0.174551 0.174551 
0.192006 0.192006 0.192006 0.192006 0.192006 0.192006 0.192006 0.192006 
0.209461 0.209461 0.209461 0.209461 0.209461 0.209461 0.209461 0.209461 
0.226916 0.226916 0.226916 0.226916 0.226916 0.226916 0.226916 0.226916 
0.244371 0.244371 0.244371 0.244371 0.244371 0.244371 0.244371 0.244371 
0.261826 0.261826 0.261826 0.261826 0.261826 0.261826 0.261826 0.261826 
0.279281 0.279281 0.279281 0.279281 0.279281 0.279281 0.279281 0.279281 
0.296736 0.296736 0.296736 0.296736 0.296736 0.296736 0.296736 0.296736 
0.314191 0.314191 0.314191 0.314191 0.314191 0.314191 0.314191 0.314191 
0.331646 0.331646 0.331646 0.331646 0.331646 0.331646 0.331646 0.331646 
0.349101 0.349101 0.349101 0.349101 0.349101 0.349101 0.349101 0.349101 
0.366556 0.366556 0.366556 0.366556 0.366556 0.366556 0.366556 0.366556 
0.384011 0.384011 0.384011 0.384011 0.384011 0.384011 0.384011 0.384011 
0.401466 0.401466 0.401466 0.401466 0.401466 0.401466 0.401466 0.401466 
0.418922 0.418922 0.418922 0.418922 0.418922 0.418922 0.418922 0.418922 
0.436377 0.436377 0.436377 0.436377 0.436377 0.436377 0.436377 0.436377 
0.453832 0.453832 0.453832 0.453832 0.453832 0.453832 0.453832 0.453832 
0.471287 0.471287 0.471287 0.471287 0.471287 0.471287 0.471287 0.471287 
0.505186 0.509178 0.4996 0.495227 0.497908 0.494055 0.514682 0.515232 
0.50895 0.513246 0.516268 0.519752 0.511922 0.504444 0.501477 0.516681 
0.546752 0.551516 0.546034 0.543793 0.543099 0.537679 0.548675 0.558892 
0.556875 0.561913 0.567278 0.57008 0.56097 0.551994 0.547248 0.563988 
0.598176 0.603148 0.60092 0.597218 0.59576 0.588582 0.598962 0.606881 
0.614031 0.618268 0.626757 0.626489 0.616637 0.605413 0.605598 0.617693 
0.659298 0.662413 0.664215 0.657245 0.655131 0.645733 0.661038 0.663629 
0.680215 0.68164 0.69407 0.689429 0.679188 0.665442 0.673497 0.680188 
0.729758 0.729259 0.73528 0.72414 0.722261 0.710226 0.73218 0.729782 
0.755543 0.752797 0.769206 0.759776 0.750106 0.733624 0.749513 0.751781 
0.809655 0.804566 0.81441 0.79869 0.798439 0.783466 0.811614 0.805273 
0.840138 0.832722 0.852531 0.838827 0.830527 0.811003 0.833672 0.8325 
0.898919 0.889187 0.901964 0.882442 0.884453 0.866097 0.899641 0.890137 
0.933893 0.922199 0.944414 0.927567 0.921034 0.898277 0.926421 0.922598 
0.997389 0.983726 0.998252 0.976444 0.980652 0.959103 0.996671 0.984685 
1.03677 1.02171 1.04518 1.02647 1.02183 0.996155 1.02834 1.02247 
1.10513 1.08851 1.10362 1.08069 1.08707 1.06302 1.10325 1.08931 
1.14897 1.13153 1.15513 1.13569 1.13283 1.10518 1.13995 1.13254 
1.22244 1.20376 1.21844 1.19541 1.20364 1.17832 1.21988 1.20441 
1.2709 1.2519 1.27472 1.25554 1.25399 1.22578 1.26173 1.2532 
1.34981 1.32975 1.34325 1.32093 1.33046 1.30541 1.347 1.33038 
1.40309 1.38314 1.40459 1.3864 1.38555 1.35827 1.39417 1.38489 
1.48779 1.4669 1.47875 1.4577 1.46795 1.44454 1.48509 1.4677 
1.54614 1.52576 1.54547 1.52875 1.52805 1.50292 1.53775 1.52813 
1.63703 1.61577 1.6257 1.60625 1.61675 1.59597 1.63467 1.61697 
1.70072 1.68038 1.6981 1.68315 1.68218 1.66003 1.69303 1.68359 
1.79825 1.77706 1.78481 1.76719 1.77765 1.76011 1.7964 1.77884 
1.86762 1.84771 1.86323 1.85027 1.84874 1.83005 1.86075 1.85191 
1.97231 1.9515 1.95699 1.94128 1.95144 1.93745 1.97106 1.95395 
2.04772 2.02854 2.04182 2.03089 2.02854 2.01353 2.04174 2.03375 
2.16014 2.13994 2.14316 2.12933 2.13896 2.12867 2.15953 2.14304 
2.24201 2.22375 2.23483 2.22587 2.22238 2.21122 2.23688 2.22994 
2.36278 2.34337 2.34434 2.33266 2.34108 2.33459 2.36275 2.34704 
2.45163 2.43432 2.44337 2.43635 2.43132 2.42394 2.44723 2.44142 
2.58149 2.56279 2.56197 2.55174 2.5589 2.55616 2.58186 2.56698 
2.67782 2.66145 2.66871 2.6633 2.65651 2.65274 2.674 2.66939 
2.81767 2.79955 2.79701 2.78782 2.79413 2.7944 2.81831 2.80411 
2.92219 2.90626 2.91229 2.90765 2.89979 2.8988 2.91871 2.91517 
3.073 3.05461 3.05163 3.04092 3.04853 3.05087 3.07368 3.05996 
3.18624 3.17047 3.17597 3.17064 3.1628 3.16385 3.18302 3.18051 
3.34924 3.33016 3.32712 3.31437 3.32397 3.32745 3.34988 3.33639 
3.47207 3.45607 3.46194 3.45456 3.44785 3.4499 3.46905 3.46739 
3.64863 3.62871 3.62634 3.61037 3.62291 3.62684 3.64909 3.63586 
3.78196 3.76611 3.7723 3.76252 3.75712 3.75996 3.7792 3.77868 
3.97383 3.95429 3.94979 3.93304 3.94741 3.95226 3.97427 3.96157 
4.11947 4.10381 4.10874 4.09868 4.09332 4.09727 4.11696 4.1177 
4.32907 4.30984 4.30251 4.28552 4.30235 4.30746 4.32949 4.31735 
4.4887 4.47384 4.47632 4.46474 4.46138 4.46631 4.48677 4.48927 
4.71896 4.70175 4.68822 4.66703 4.6921 4.69756 4.71977 4.70931 
4.89532 4.88282 4.88003 4.86853 4.86687 4.87347 4.89405 4.90069 
5.15118 5.13715 5.11416 5.09442 5.12257 5.13101 5.15244 5.14574 
5.34823 5.33937 5.32695 5.32009 5.31584 5.32788 5.34791 5.36284 
5.63773 5.628 5.58982 5.57521 5.60096 5.61859 5.63924 5.64004 
5.85974 5.85581 5.82991 5.83236 5.8153 5.84328 5.86118 5.89964 
6.18831 6.18762 6.13297 6.12192 6.14166 6.17753 6.19117 6.23076 
6.4228 6.47376 6.40041 6.44278 6.38006 6.4597 6.42739 6.63603 
6.79765 6.87522 6.7651 6.77732 6.76345 6.86233 6.80457 7.13836 
7.20607 7.23697 7.15267 7.16152 7.15314 7.23245 7.2094 7.44774 
7.72761 7.74604 7.69062 7.67624 7.68812 7.73723 7.73163 7.94482 
8.29211 8.25967 8.22729 8.21179 8.26928 8.24779 8.29771 8.39999 
8.92214 8.88614 8.85653 8.84391 8.82335 8.87215 8.91637 8.95096 
8.36259 8.30912 8.26312 8.23718 8.26246 8.26476 8.36661 8.4181 
7.744 7.66263 7.66143 7.62357 7.65111 7.65949 7.74506 7.81447 
7.12693 7.06019 7.03951 7.00883 7.04071 7.04289 7.12227 7.21277 
6.49974 6.45949 6.43516 6.3934 6.40668 6.43237 6.50122 6.61536 
5.86868 5.8133 5.81512 5.77572 5.79083 5.81948 5.87479 6.02653 
5.25259 5.20011 5.20257 5.15738 5.18584 5.20879 5.25669 5.44943 
4.64079 4.59068 4.59384 4.53672 4.57119 4.59937 4.64714 4.83122 
4.01309 3.98179 3.98529 3.96107 3.94875 3.99073 4.01179 4.21433 
3.37986 3.37326 3.37593 3.34378 3.33298 3.38355 3.40763 3.61634 
2.79198 2.7661 2.76623 2.72427 2.70492 3.14814 3.07158 3.02721 
2.18339 2.20349 2.15363 2.26585 2.53713 2.99307 2.68414 2.49607 
1.57223 1.59997 1.72376 2.13447 2.11031 2.56519 2.1245 2.03313 
1.38783 1.32254 1.35178 1.8444 1.91819 2.16765 1.75988 1.87063 
1.20794 1.03727 1.09407 1.56325 2.1015 1.92878 1.50006 1.60008 
1.04444 0.8208 0.997767 1.60669 2.13317 2.05193 1.49102 1.31922 
0.852441 0.673345 0.859494 1.38444 1.8704 1.78585 1.33367 1.15787 
0.728211 0.556574 0.809898 1.20653 1.45882 1.34698 1.23221 0.858058 
0.549993 0.476209 0.722072 1.06495 1.28125 1.17321 1.12208 0.790999 
0.454889 0.407799 0.734475 1.02084 1.21093 0.865285 1.20635 0.740102 
0.322519 0.381348 0.559311 1.03652 1.19501 0.857776 1.43754 0.886844 
0.249328 0.488371 0.510576 0.809337 0.850535 0.709191 1.26828 0.849698 
0.235495 0.430001 0.642451 1.05444 0.659014 0.49162 0.965316 0.622453 
0.215438 0.316126 0.579382 0.97546 0.477799 0.346192 0.695402 0.537057 
0.187543 0.325891 0.646596 0.721697 0.443607 0.249834 0.450452 0.416693 
0.150955 0.281385 0.823489 0.725779 0.270049 0.178898 0.297963 0.364065 
0.103354 0.566559 1.05703 0.990288 0.428701 0.123848 0.165917 0.265858 
0.128399 0.422515 0.846594 0.872713 0.278375 0.122871 0.13809 0.200858 
0.121922 0.407657 0.785869 0.941531 0.390801 0.103477 0.121658 0.161794 
0.150579 0.238534 0.724579 0.888372 0.338521 0.10855 0.130512 0.180695 
0.126326 0.211288 0.499238 0.769294 0.178059 0.124413 0.116032 0.291052 
0.106705 0.379507 0.285555 0.546592 0.160808 0.148264 0.128259 0.438637 
0.116304 0.631081 0.126477 0.380137 0.157822 0.110573 0.34498 0.18809 
0.12703 0.637027 0.167511 0.212231 0.224981 0.10584 0.610622 0.322271 
0.426573 0.303715 0.267772 0.136751 0.508991 0.0818457 0.688309 0.106728 
0.671004 0.128276 0.496885 0.117173 0.659384 0.0875935 0.695876 0.117603 
0.543115 0.247917 0.739828 0.395992 0.475229 0.101003 0.645642 0.13552 
0.262102 0.613753 0.595126 0.769674 0.287643 0.132502 0.382113 0.296999 
0.268204 0.84294 0.580976 1.05289 0.492388 0.0979141 0.172312 0.415572 
0.631462 0.607976 0.66351 0.997254 0.505874 0.109342 0.142381 0.677281 
0.955624 0.4996 0.549985 0.928038 0.414936 0.102351 0.132376 0.744864 
0.894535 0.509022 0.625785 1.09459 0.632769 0.0739851 0.492371 0.991228 
0.785048 0.876804 0.447156 0.998729 0.488694 0.102743 0.516801 1.04107 
1.09797 0.704462 0.565699 0.980399 0.382839 0.302395 0.562212 1.08162 
1.18324 0.621993 0.694767 0.866497 0.280873 0.31013 0.772675 1.27131 
1.28329 0.852945 1.08956 0.705834 0.30453 0.286399 0.842944 1.40731 
0.972951 1.34489 1.05377 0.656516 0.348183 0.217439 0.799001 1.27928 
0.866632 1.37139 0.894943 0.562212 0.633226 0.117308 0.681374 1.11144 
0.608847 1.06767 0.564764 0.868602 0.814893 0.274424 0.63329 1.23233 
0.646099 0.706467 0.656837 1.19583 0.928363 0.316056 0.864631 1.20735 
0.869991 0.361585 0.63488 1.20043 0.766148 0.303115 0.827184 1.20228 
0.712895 0.317204 0.41184 0.904759 0.482598 0.385248 0.560408 1.11846 
0.539653 0.224046 0.274872 0.6759 0.435117 0.345219 0.492207 0.911703 
0.396531 0.207656 0.203792 0.449431 0.348069 0.271633 0.424444 0.871472 
0.300634 0.150483 0.155575 0.326227 0.443198 0.270142 0.475746 0.934361 
0.374291 0.124686 0.123908 0.229104 0.399277 0.239052 0.545051 0.988822 
0.376558 0.102377 0.115546 0.210444 0.532917 0.334002 0.455239 0.922156 
0.43422 0.0956649 0.105488 0.128747 0.742202 0.382456 0.426027 0.714345 
0.220417 0.103937 0.0769452 0.426478 0.997703 0.809416 0.545109 0.59173 
0.142973 0.10256 0.0912013 0.410318 0.939801 0.733421 0.926127 0.734374 
0.122648 0.0927579 0.11186 0.253811 0.800968 0.931208 1.28487 0.764018 
0.410134 0.075873 0.113067 0.235165 0.663541 0.846169 1.30874 0.733975 
0.328699 0.0997547 0.133132 0.318724 0.607889 0.649391 1.12294 0.671734 
0.217266 0.105369 0.116172 0.454083 0.746951 0.591586 1.08167 0.799204 
0.224093 0.0897313 0.468861 0.658593 1.10833 0.647692 1.22733 0.849915 
0.519601 0.088147 0.543605 0.951433 1.38826 0.867247 1.11818 0.837984 
0.351811 0.625369 0.393918 0.91104 1.4414 0.936919 0.623976 0.923363 
0.249689 0.809461 0.554064 0.693566 1.23456 0.814525 0.356257 0.771387 
0.163878 0.782837 0.461661 0.46425 0.899307 0.635672 0.356255 0.516548 
0.134395 0.681254 0.311671 0.344249 0.721314 0.579402 0.298971 0.36622 
0.16208 0.415761 0.262056 0.252914 0.500205 0.347454 0.286971 0.263942 
0.128196 0.408396 0.228799 0.178488 0.480603 0.186908 0.228925 0.206753 
0.131844 0.284378 0.252114 0.141859 0.345682 0.13512 0.149769 0.227475 
0.110249 0.127454 0.477071 0.102313 0.209028 0.144927 0.1045 0.34401 
0.0958636 0.448429 0.696631 0.0857544 0.201213 0.110172 0.05944 0.584388 
0.0803501 0.38817 0.66097 0.0873244 0.245189 0.470781 0.0615034 0.618481 
0.121207 0.165743 0.378385 0.114012 0.258811 0.409926 0.110666 0.320232 
0.125055 0.135566 0.246108 0.104356 0.259272 0.197385 0.125771 0.113861 
0.112881 0.10463 0.144008 0.0948368 0.585372 0.167113 0.113778 0.0535353 
0.112106 0.118309 0.110541 0.101887 0.487076 0.335147 0.0454268 0.096134 
0.125909 0.0968351 0.107152 0.0907385 0.493266 0.41924 0.0879409 0.0876872 
0.157744 0.122419 0.112505 0.103781 0.285517 0.10786 0.508092 0.090968 
0.435806 0.0798111 0.119801 0.100931 0.121915 0.0978673 0.679417 0.0854658 
0.664627 0.172484 0.207928 0.0932107 0.104918 0.0948952 0.460394 0.141894 
0.600865 0.111853 0.333689 0.0789043 0.0941393 0.123626 0.425667 0.349977 
0.365987 0.631128 0.636665 0.0678929 0.0862672 0.0623831 0.611557 0.761079 
0.19335 0.777453 0.638384 0.0785836 0.0603113 0.41156 0.908524 0.813905 
0.651697 1.00476 0.661073 0.0844388 0.0975131 0.153496 0.774228 0.975685 
0.70357 1.06027 0.551755 0.0950148 0.0927708 0.0924324 0.608468 0.833339 
0.776428 0.785483 0.200954 0.387521 0.0761602 0.113328 0.360742 0.701403 
0.691536 0.586482 0.200083 0.371455 0.0898953 0.10271 0.223853 0.709113 
0.901323 0.301893 0.164737 0.161353 0.108063 0.105852 0.1721 0.799192 
0.75211 0.16279 0.475597 0.100622 0.114516 0.075952 0.297969 0.857241 
0.753589 0.13078 0.350115 0.1041 0.0986395 0.0759817 0.54368 1.01484 
0.708443 0.139964 0.570153 0.0960874 0.111694 0.0873043 0.519547 1.00825 
0.728756 0.159229 0.470188 0.110242 0.111604 0.0890746 0.379178 0.887364 
0.742611 0.143658 0.581509 0.112143 0.277279 0.0731257 0.464579 0.885323 
0.764523 0.122322 0.702719 0.140677 0.204407 0.0927443 0.366932 0.905415 
0.891676 0.355238 0.86493 0.450119 0.102059 0.101677 0.347519 0.898052 
0.886964 0.347953 0.948198 0.511686 0.131553 0.0927387 0.228794 0.65943 
0.608103 0.384482 1.00366 0.681285 0.131419 0.0927635 0.428847 0.517805 
0.320928 0.376697 0.953155 0.754222 0.180064 0.103371 0.377082 0.680077 
0.339564 0.168852 0.770033 0.925813 0.384856 0.0416384 0.588956 0.852801 
0.26968 0.22851 0.545601 0.888118 0.40985 0.23517 0.582447 0.856259 
0.305718 0.130392 0.41267 0.693317 0.737239 0.298898 0.558164 0.916158 
0.273728 0.549693 0.320863 0.881995 1.15086 0.651724 0.623181 0.88572 
0.452367 0.380191 0.478535 1.01548 1.4741 1.0131 0.554749 1.03523 
0.28652 0.719722 0.425891 1.04524 1.60896 1.17002 0.616479 0.791062 
0.213763 0.642354 0.35522 0.926076 1.41072 1.3329 0.812606 0.575341 
0.134727 0.482692 0.358961 0.85011 1.20498 1.323 1.09189 0.572148 
0.111698 0.663879 0.373796 0.779258 1.0156 0.929561 1.03727 0.419191 
0.126109 0.717257 0.617205 0.718542 1.29404 0.792388 0.847281 0.294103 
0.138911 0.767233 0.891647 0.546826 1.16569 0.942606 0.633932 0.336462 
0.127492 0.727355 1.23009 0.685345 1.02938 1.09219 0.701418 0.26468 
0.600361 0.615128 1.11667 0.659561 0.753629 1.00187 0.901605 0.294831 
0.818595 0.460148 0.881065 0.89233 0.456842 1.05128 0.799151 0.221909 
0.701414 0.410535 0.736274 1.19459 0.705657 1.14912 0.578156 0.159071 
0.373057 0.788321 0.4827 0.988409 0.642149 0.962768 0.333916 0.186134 
0.182453 0.636867 0.402391 0.778021 1.06692 0.825401 0.24333 0.165099 
0.136688 0.33626 0.397429 0.631025 1.21691 0.698417 0.151898 0.136595 
0.15033 0.133244 0.69866 0.448683 1.03092 0.516649 0.134312 0.0998229 
0.122481 0.0922345 0.582109 0.359773 0.964667 0.397827 0.115848 0.0972286 
0.105986 0.104637 0.322198 0.295124 0.850596 0.257051 0.126717 0.101851 
0.102217 0.0926903 0.191183 0.171801 0.711423 0.134116 0.1373 0.0835294 
0.104484 0.100088 0.118531 0.124132 0.437906 0.123301 0.167057 0.0829264 
0.0972646 0.0915093 0.101616 0.11315 0.199966 0.107951 0.204182 0.0399703 
0.111314 0.104711 0.0886374 0.0878226 0.1377 0.0722441 0.504254 0.0677531 
0.131368 0.112442 0.0921411 0.0912544 0.108828 0.0920845 0.409566 0.065263 
0.166558 0.341844 0.0707942 0.102679 0.0650581 0.126369 0.146756 0.0448225 
0.0879173 0.574954 0.0700969 0.0922363 0.0868423 0.0951555 0.0939066 0.259487 
0.518675 0.529241 0.0947012 0.0815066 0.0974279 0.083416 0.0895982 0.107675 
0.667248 0.147328 0.380329 0.0614582 0.0868379 0.0817065 0.0925326 0.0807452 
0.621308 0.074248 0.575317 0.0540911 0.12308 0.0832376 0.0831609 0.0949574 
0.675387 0.0706069 0.666792 0.0667522 0.170882 0.0433908 0.0887766 0.0806762 
0.682382 0.0775039 0.648301 0.0444268 0.474314 0.0291437 0.117043 0.0745575 
0.519013 0.10286 0.492936 0.0745421 0.585661 0.0689887 0.161004 0.0895942 
0.188679 0.48189 0.176945 0.105434 0.312163 0.0868664 0.0851386 0.460568 
0.085406 0.666511 0.0826955 0.121931 0.104142 0.0962757 0.0843171 0.472348 
0.104523 0.633541 0.0740541 0.0957492 0.0854978 0.0873549 0.0905159 0.211062 
0.101216 0.457435 0.0843449 0.0909878 0.0795509 0.0898717 0.107338 0.122995 
0.120477 0.182547 0.0964142 0.0812273 0.0848783 0.0853601 0.0870337 0.109995 
0.0997981 0.0996218 0.0852776 0.0822155 0.0788697 0.0915773 0.127059 0.1101 
0.133152 0.0876794 0.0788781 0.0750612 0.0843338 0.0792903 0.0997623 0.133199 
0.129357 0.0741764 0.078311 0.0737104 0.0832212 0.0694725 0.501307 0.0959368 
0.536734 0.0496132 0.0798801 0.0740832 0.0765439 0.0969645 0.145479 0.568852 
0.673195 0.0566792 0.0819304 0.0738002 0.0797269 0.087809 0.0799738 0.671015 
0.517251 0.0789145 0.0816248 0.0779902 0.123313 0.0357624 0.102853 0.41104 
0.27721 0.100825 0.0810617 0.0879463 0.0853969 0.0791553 0.0966226 0.317099 
0.129622 0.101242 0.0835954 0.0842817 0.0887092 0.0896842 0.0981837 0.278868 
0.0768412 0.101477 0.0798716 0.0883949 0.106098 0.0985673 0.0708747 0.569546 
0.0761723 0.0804731 0.0952009 0.105741 0.139486 0.0942576 0.0761514 0.635128 
0.0756048 0.0902254 0.0973303 0.0655778 0.518746 0.0861478 0.0690191 0.679837 
0.0688619 0.100268 0.0784594 0.508489 0.633992 0.0719957 0.0664409 0.68224 
0.0842163 0.0965676 0.0618265 0.614618 0.488804 0.0818145 0.0748992 0.50888 
0.0988257 0.088752 0.0801299 0.453213 0.233652 0.0964339 0.0937838 0.210887 
0.0971844 0.0858354 0.0957585 0.208816 0.121556 0.0935862 0.0885945 0.110353 
0.0867725 0.0843789 0.0871553 0.101461 0.131513 0.09344 0.0832136 0.0965888 
0.0860422 0.0827891 0.0869289 0.0837495 0.125164 0.0893288 0.0774771 0.0885266 
0.081371 0.077301 0.0907429 0.0427885 0.521002 0.0827357 0.0766792 0.0825825 
0.0826076 0.0779927 0.0955117 0.0506721 0.667587 0.0639421 0.0735214 0.0815989 
0.073621 0.0715225 0.084133 0.0845106 0.565533 0.0628975 0.0696634 0.0759481 
0.0784184 0.0777708 0.0834011 0.0792796 0.330799 0.082787 0.0725956 0.0823601 
