0 0 0 0 0 0 0 0 
0.0174551 0.0174551 0.0174551 0.0174551 0.0174551 0.0174551 0.0174551 0.0174551 
0.0349101 0.0349101 0.0349101 0.0349101 0.0349101 0.0349101 0.0349101 0.0349101 
0.0523652 0.0523652 0.0523652 0.0523652 0.0523652 0.0523652 0.0523652 0.0523652 
0.0698203 0.0698203 0.0698203 0.0698203 0.0698203 0.0698203 0.0698203 0.0698203 
0.0872753 0.0872753 0.0872753 0.0872753 0.0872753 0.0872753 0.0872753 0.0872753 
0.10473 0.10473 0.10473 0.10473 0.10473 0.10473 0.10473 0.10473 
0.122185 0.122185 0.122185 0.122185 0.122185 0.122185 0.122185 0.122185 
0.139641 0.139641 0.139641 0.139641 0.139641 0.139641 0.139641 0.139641 
0.157096 0.157096 0.157096 0.157096 0.157096 0.157096 0.157096 0.157096 
0.174551 0.174551 0.174551 0.174551 0.174551 0.174551 0.174551 0.174551 
0.192006 0.192006 0.192006 0.192006 0.192006 0.192006 0.192006 0.192006 
0.209461 0.209461 0.209461 0.209461 0.209461 0.209461 0.209461 0.209461 
0.226916 0.226916 0.226916 0.226916 0.226916 0.226916 0.226916 0.226916 
0.244371 0.244371 0.244371 0.244371 0.244371 0.244371 0.244371 0.244371 
0.261826 0.261826 0.261826 0.261826 0.261826 0.261826 0.261826 0.261826 
0.279281 0.279281 0.279281 0.279281 0.279281 0.279281 0.279281 0.279281 
0.296736 0.296736 0.296736 0.296736 0.296736 0.296736 0.296736 0.296736 
0.314191 0.314191 0.314191 0.314191 0.314191 0.314191 0.314191 0.314191 
0.331646 0.331646 0.331646 0.331646 0.331646 0.331646 0.331646 0.331646 
0.349101 0.349101 0.349101 0.349101 0.349101 0.349101 0.349101 0.349101 
0.366556 0.366556 0.366556 0.366556 0.366556 0.366556 0.366556 0.366556 
0.384011 0.384011 0.384011 0.384011 0.384011 0.384011 0.384011 0.384011 
0.401466 0.401466 0.401466 0.401466 0.401466 0.401466 0.401466 0.401466 
0.418922 0.418922 0.418922 0.418922 0.418922 0.418922 0.418922 0.418922 
0.436377 0.436377 0.436377 0.436377 0.436377 0.436377 0.436377 0.436377 
0.453832 0.453832 0.453832 0.453832 0.453832 0.453832 0.453832 0.453832 
0.471287 0.471287 0.471287 0.471287 0.471287 0.471287 0.471287 0.471287 
0.497323 0.505055 0.502529 0.501344 0.502725 0.493813 0.51218 0.514873 
0.500763 0.509339 0.511536 0.517483 0.517433 0.511569 0.504984 0.514089 
0.536178 0.547876 0.545655 0.548055 0.548192 0.538671 0.550975 0.556374 
0.54572 0.556577 0.558434 0.567745 0.566852 0.558884 0.552005 0.562539 
0.584488 0.596147 0.595319 0.600718 0.599711 0.588338 0.599793 0.605081 
0.598684 0.609383 0.612018 0.623913 0.622274 0.61197 0.606449 0.616372 
0.641824 0.651554 0.653337 0.659755 0.658017 0.644941 0.656946 0.660617 
0.66094 0.669906 0.674875 0.68666 0.684671 0.672496 0.668649 0.677261 
0.709179 0.71626 0.721249 0.725803 0.723976 0.709457 0.722776 0.724524 
0.733461 0.739643 0.747565 0.756751 0.755318 0.741275 0.739666 0.746679 
0.78692 0.79057 0.798879 0.799709 0.798576 0.782815 0.798137 0.797769 
0.816254 0.818736 0.829785 0.835081 0.834869 0.819119 0.820364 0.825468 
0.874869 0.874463 0.88589 0.882285 0.882632 0.865509 0.883589 0.880851 
0.90908 0.907353 0.9213 0.922514 0.923965 0.906538 0.911131 0.91408 
0.972795 0.968214 0.982187 0.974412 0.97647 0.958074 0.979353 0.97408 
1.01183 1.00588 1.02224 1.01982 1.02298 1.00408 1.0122 1.01285 
1.08073 1.07221 1.08812 1.07676 1.08049 1.06107 1.08568 1.07776 
1.12468 1.11475 1.13308 1.12762 1.13248 1.11231 1.1239 1.12215 
1.19893 1.18686 1.20422 1.18993 1.19534 1.17509 1.20292 1.19232 
1.2479 1.23444 1.25438 1.24652 1.25312 1.2318 1.24662 1.24253 
1.32772 1.31261 1.33107 1.31452 1.32162 1.30065 1.33148 1.31831 
1.38184 1.36548 1.38665 1.37709 1.38538 1.36306 1.38078 1.37455 
1.46753 1.45002 1.46915 1.45107 1.45975 1.43825 1.47174 1.45626 
1.52703 1.50848 1.53037 1.51987 1.52965 1.50658 1.52673 1.51873 
1.61908 1.59969 1.61899 1.60007 1.61005 1.58843 1.62405 1.60664 
1.68441 1.66406 1.68609 1.67533 1.68623 1.66292 1.68481 1.67553 
1.78339 1.76225 1.78114 1.76203 1.77288 1.75173 1.78877 1.76992 
1.855 1.83292 1.85441 1.84403 1.85551 1.83267 1.85548 1.84547 
1.96137 1.93848 1.95626 1.93756 1.94874 1.92883 1.96645 1.94674 
2.03946 2.01586 2.03604 2.02665 2.03808 2.01653 2.03937 2.02926 
2.15353 2.12926 2.14517 2.1274 2.13833 2.12046 2.15783 2.13789 
2.23829 2.21381 2.23183 2.22401 2.23479 2.21529 2.23735 2.22776 
2.36057 2.33541 2.34887 2.33235 2.34282 2.32737 2.36399 2.34422 
2.45229 2.42762 2.44302 2.4369 2.44697 2.4298 2.45058 2.44188 
2.58335 2.55811 2.56855 2.55361 2.56323 2.55067 2.58607 2.56686 
2.6825 2.65856 2.67076 2.66677 2.67573 2.66121 2.68026 2.6729 
2.82339 2.7984 2.80576 2.79275 2.80029 2.79157 2.82557 2.807 
2.93062 2.90769 2.91691 2.91514 2.92251 2.91069 2.92801 2.9221 
3.08234 3.05787 3.0622 3.05065 3.05691 3.05164 3.08401 3.0663 
3.1986 3.17664 3.18309 3.18321 3.18921 3.18022 3.19556 3.19123 
3.36232 3.33813 3.34016 3.32905 3.33443 3.33282 3.36357 3.3467 
3.48856 3.46747 3.47167 3.47277 3.47797 3.47166 3.48518 3.48255 
3.66592 3.64134 3.64183 3.63025 3.63534 3.63696 3.66688 3.65033 
3.80329 3.78237 3.78553 3.7867 3.79148 3.78736 3.79968 3.79844 
3.99657 3.96986 3.9714 3.95453 3.96322 3.96812 3.99692 3.98002 
4.14581 4.12452 4.12776 4.12664 4.13365 4.13163 4.14217 4.14259 
4.35715 4.32939 4.33024 4.30858 4.32056 4.32993 4.35719 4.34075 
4.52067 4.49936 4.50149 4.49767 4.50713 4.5086 4.51703 4.51997 
4.75344 4.72539 4.72246 4.6981 4.71076 4.72782 4.7534 4.7378 
4.93419 4.91299 4.91174 4.90728 4.91643 4.9235 4.93077 4.93723 
5.19263 5.16479 5.15466 5.12956 5.14242 5.16661 5.19375 5.17928 
5.39416 5.37573 5.36529 5.36507 5.37026 5.38442 5.39153 5.40609 
5.68626 5.6568 5.63916 5.61201 5.62439 5.65173 5.68852 5.67936 
5.91339 5.90122 5.87569 5.88492 5.87844 5.90829 5.90963 5.95118 
6.24589 6.22022 6.20182 6.16341 6.17271 6.22077 6.24638 6.27514 
6.48786 6.53178 6.459 6.50405 6.45659 6.54016 6.48047 6.69784 
6.87383 6.90801 6.83655 6.81302 6.83819 6.92488 6.86211 7.16004 
7.2833 7.30605 7.27676 7.24391 7.28148 7.31354 7.27131 7.53027 
7.80802 7.75968 7.75396 7.69223 7.71446 7.80665 7.79113 7.99009 
8.3799 8.35181 8.335 8.29027 8.32975 8.34018 8.3746 8.50052 
8.99816 8.90586 8.89607 8.92523 8.89244 8.97091 8.99731 9.05023 
8.44558 8.36162 8.3534 8.32404 8.29252 8.35669 8.44886 8.466 
7.83648 7.75634 7.7361 7.70875 7.73131 7.73962 7.8412 7.85913 
7.22274 7.13903 7.1214 7.0929 7.11653 7.12556 7.22529 7.25136 
6.60769 6.52913 6.50665 6.47576 6.5033 6.51351 6.61288 6.6467 
5.99204 5.91579 5.8906 5.86389 5.89077 5.89707 5.98946 6.04208 
5.37422 5.30387 5.27462 5.24642 5.27785 5.28982 5.36486 5.42635 
4.75233 4.69345 4.65891 4.62766 4.66583 4.68167 4.75279 4.82319 
4.12609 4.08444 4.04323 3.99575 4.05285 4.07806 4.12846 4.28185 
3.49953 3.47602 3.42889 3.3667 3.44162 3.47623 3.49086 3.70749 
2.89952 2.86832 2.81643 2.73109 2.83235 3.14814 3.07158 3.15839 
2.27902 2.25854 2.20878 2.26585 2.53713 2.99307 2.68414 2.58507 
1.6399 1.65193 1.72376 2.13447 2.11031 2.56519 2.1245 2.07441 
1.38783 1.32254 1.35178 1.8444 1.91819 2.16765 1.75988 1.87063 
1.20794 1.03727 1.09407 1.56325 2.1015 1.92878 1.50006 1.60008 
1.04444 0.8208 0.997767 1.60669 2.13317 2.05193 1.49102 1.31922 
0.852441 0.673345 0.859494 1.38444 1.8704 1.78585 1.33367 1.15787 
0.728211 0.556574 0.809898 1.20653 1.45882 1.34698 1.23221 0.858058 
0.549993 0.476209 0.722072 1.06495 1.28125 1.17321 1.12208 0.790999 
0.454889 0.407799 0.734475 1.02084 1.21093 0.865285 1.20635 0.740102 
0.322519 0.381348 0.559311 1.03652 1.19501 0.857776 1.43754 0.886844 
0.249328 0.488371 0.510576 0.809337 0.850535 0.709191 1.26828 0.849698 
0.235495 0.430001 0.642451 1.05444 0.659014 0.49162 0.965316 0.622453 
0.215438 0.316126 0.579382 0.97546 0.477799 0.346192 0.695402 0.537057 
0.187543 0.325891 0.646596 0.721697 0.443607 0.249834 0.450452 0.416693 
0.150955 0.281385 0.823489 0.725779 0.270049 0.178898 0.297963 0.364065 
0.103354 0.566559 1.05703 0.990288 0.428701 0.123848 0.165917 0.265858 
0.128399 0.422515 0.846594 0.872713 0.278375 0.122871 0.13809 0.200858 
0.121922 0.407657 0.785869 0.941531 0.390801 0.103477 0.121658 0.161794 
0.150579 0.238534 0.724579 0.888372 0.338521 0.10855 0.130512 0.180695 
0.126326 0.211288 0.499238 0.769294 0.178059 0.124413 0.116032 0.291052 
0.106705 0.379507 0.285555 0.546592 0.160808 0.148264 0.128259 0.438637 
0.116304 0.631081 0.126477 0.380137 0.157822 0.110573 0.34498 0.18809 
0.12703 0.637027 0.167511 0.212231 0.224981 0.10584 0.610622 0.322271 
0.426573 0.303715 0.267772 0.136751 0.508991 0.0818457 0.688309 0.106728 
0.671004 0.128276 0.496885 0.117173 0.659384 0.0875935 0.695876 0.117603 
0.543115 0.247917 0.739828 0.395992 0.475229 0.101003 0.645642 0.13552 
0.262102 0.613753 0.595126 0.769674 0.287643 0.132502 0.382113 0.296999 
0.268204 0.84294 0.580976 1.05289 0.492388 0.0979141 0.172312 0.415572 
0.631462 0.607976 0.66351 0.997254 0.505874 0.109342 0.142381 0.677281 
0.955624 0.4996 0.549985 0.928038 0.414936 0.102351 0.132376 0.744864 
0.894535 0.509022 0.625785 1.09459 0.632769 0.0739851 0.492371 0.991228 
0.785048 0.876804 0.447156 0.998729 0.488694 0.102743 0.516801 1.04107 
1.09797 0.704462 0.565699 0.980399 0.382839 0.302395 0.562212 1.08162 
1.18324 0.621993 0.694767 0.866497 0.280873 0.31013 0.772675 1.27131 
1.28329 0.852945 1.08956 0.705834 0.30453 0.286399 0.842944 1.40731 
0.972951 1.34489 1.05377 0.656516 0.348183 0.217439 0.799001 1.27928 
0.866632 1.37139 0.894943 0.562212 0.633226 0.117308 0.681374 1.11144 
0.608847 1.06767 0.564764 0.868602 0.814893 0.274424 0.63329 1.23233 
0.646099 0.706467 0.656837 1.19583 0.928363 0.316056 0.864631 1.20735 
0.869991 0.361585 0.63488 1.20043 0.766148 0.303115 0.827184 1.20228 
0.712895 0.317204 0.41184 0.904759 0.482598 0.385248 0.560408 1.11846 
0.539653 0.224046 0.274872 0.6759 0.435117 0.345219 0.492207 0.911703 
0.396531 0.207656 0.203792 0.449431 0.348069 0.271633 0.424444 0.871472 
0.300634 0.150483 0.155575 0.326227 0.443198 0.270142 0.475746 0.934361 
0.374291 0.124686 0.123908 0.229104 0.399277 0.239052 0.545051 0.988822 
0.376558 0.102377 0.115546 0.210444 0.532917 0.334002 0.455239 0.922156 
0.43422 0.0956649 0.105488 0.128747 0.742202 0.382456 0.426027 0.714345 
0.220417 0.103937 0.0769452 0.426478 0.997703 0.809416 0.545109 0.59173 
0.142973 0.10256 0.0912013 0.410318 0.939801 0.733421 0.926127 0.734374 
0.122648 0.0927579 0.11186 0.253811 0.800968 0.931208 1.28487 0.764018 
0.410134 0.075873 0.113067 0.235165 0.663541 0.846169 1.30874 0.733975 
0.328699 0.0997547 0.133132 0.318724 0.607889 0.649391 1.12294 0.671734 
0.217266 0.105369 0.116172 0.454083 0.746951 0.591586 1.08167 0.799204 
0.224093 0.0897313 0.468861 0.658593 1.10833 0.647692 1.22733 0.849915 
0.519601 0.088147 0.543605 0.951433 1.38826 0.867247 1.11818 0.837984 
0.351811 0.625369 0.393918 0.91104 1.4414 0.936919 0.623976 0.923363 
0.249689 0.809461 0.554064 0.693566 1.23456 0.814525 0.356257 0.771387 
0.163878 0.782837 0.461661 0.46425 0.899307 0.635672 0.356255 0.516548 
0.134395 0.681254 0.311671 0.344249 0.721314 0.579402 0.298971 0.36622 
0.16208 0.415761 0.262056 0.252914 0.500205 0.347454 0.286971 0.263942 
0.128196 0.408396 0.228799 0.178488 0.480603 0.186908 0.228925 0.206753 
0.131844 0.284378 0.252114 0.141859 0.345682 0.13512 0.149769 0.227475 
0.110249 0.127454 0.477071 0.102313 0.209028 0.144927 0.1045 0.34401 
0.0958636 0.448429 0.696631 0.0857544 0.201213 0.110172 0.05944 0.584388 
0.0803501 0.38817 0.66097 0.0873244 0.245189 0.470781 0.0615034 0.618481 
0.121207 0.165743 0.378385 0.114012 0.258811 0.409926 0.110666 0.320232 
0.125055 0.135566 0.246108 0.104356 0.259272 0.197385 0.125771 0.113861 
0.112881 0.10463 0.144008 0.0948368 0.585372 0.167113 0.113778 0.0535353 
0.112106 0.118309 0.110541 0.101887 0.487076 0.335147 0.0454268 0.096134 
0.125909 0.0968351 0.107152 0.0907385 0.493266 0.41924 0.0879409 0.0876872 
0.157744 0.122419 0.112505 0.103781 0.285517 0.10786 0.508092 0.090968 
0.435806 0.0798111 0.119801 0.100931 0.121915 0.0978673 0.679417 0.0854658 
0.664627 0.172484 0.207928 0.0932107 0.104918 0.0948952 0.460394 0.141894 
0.600865 0.111853 0.333689 0.0789043 0.0941393 0.123626 0.425667 0.349977 
0.365987 0.631128 0.636665 0.0678929 0.0862672 0.0623831 0.611557 0.761079 
0.19335 0.777453 0.638384 0.0785836 0.0603113 0.41156 0.908524 0.813905 
0.651697 1.00476 0.661073 0.0844388 0.0975131 0.153496 0.774228 0.975685 
0.70357 1.06027 0.551755 0.0950148 0.0927708 0.0924324 0.608468 0.833339 
0.776428 0.785483 0.200954 0.387521 0.0761602 0.113328 0.360742 0.701403 
0.691536 0.586482 0.200083 0.371455 0.0898953 0.10271 0.223853 0.709113 
0.901323 0.301893 0.164737 0.161353 0.108063 0.105852 0.1721 0.799192 
0.75211 0.16279 0.475597 0.100622 0.114516 0.075952 0.297969 0.857241 
0.753589 0.13078 0.350115 0.1041 0.0986395 0.0759817 0.54368 1.01484 
0.708443 0.139964 0.570153 0.0960874 0.111694 0.0873043 0.519547 1.00825 
0.728756 0.159229 0.470188 0.110242 0.111604 0.0890746 0.379178 0.887364 
0.742611 0.143658 0.581509 0.112143 0.277279 0.0731257 0.464579 0.885323 
0.764523 0.122322 0.702719 0.140677 0.204407 0.0927443 0.366932 0.905415 
0.891676 0.355238 0.86493 0.450119 0.102059 0.101677 0.347519 0.898052 
0.886964 0.347953 0.948198 0.511686 0.131553 0.0927387 0.228794 0.65943 
0.608103 0.384482 1.00366 0.681285 0.131419 0.0927635 0.428847 0.517805 
0.320928 0.376697 0.953155 0.754222 0.180064 0.103371 0.377082 0.680077 
0.339564 0.168852 0.770033 0.925813 0.384856 0.0416384 0.588956 0.852801 
0.26968 0.22851 0.545601 0.888118 0.40985 0.23517 0.582447 0.856259 
0.305718 0.130392 0.41267 0.693317 0.737239 0.298898 0.558164 0.916158 
0.273728 0.549693 0.320863 0.881995 1.15086 0.651724 0.623181 0.88572 
0.452367 0.380191 0.478535 1.01548 1.4741 1.0131 0.554749 1.03523 
0.28652 0.719722 0.425891 1.04524 1.60896 1.17002 0.616479 0.791062 
0.213763 0.642354 0.35522 0.926076 1.41072 1.3329 0.812606 0.575341 
0.134727 0.482692 0.358961 0.85011 1.20498 1.323 1.09189 0.572148 
0.111698 0.663879 0.373796 0.779258 1.0156 0.929561 1.03727 0.419191 
0.126109 0.717257 0.617205 0.718542 1.29404 0.792388 0.847281 0.294103 
0.138911 0.767233 0.891647 0.546826 1.16569 0.942606 0.633932 0.336462 
0.127492 0.727355 1.23009 0.685345 1.02938 1.09219 0.701418 0.26468 
0.600361 0.615128 1.11667 0.659561 0.753629 1.00187 0.901605 0.294831 
0.818595 0.460148 0.881065 0.89233 0.456842 1.05128 0.799151 0.221909 
0.701414 0.410535 0.736274 1.19459 0.705657 1.14912 0.578156 0.159071 
0.373057 0.788321 0.4827 0.988409 0.642149 0.962768 0.333916 0.186134 
0.182453 0.636867 0.402391 0.778021 1.06692 0.825401 0.24333 0.165099 
0.136688 0.33626 0.397429 0.631025 1.21691 0.698417 0.151898 0.136595 
0.15033 0.133244 0.69866 0.448683 1.03092 0.516649 0.134312 0.0998229 
0.122481 0.0922345 0.582109 0.359773 0.964667 0.397827 0.115848 0.0972286 
0.105986 0.104637 0.322198 0.295124 0.850596 0.257051 0.126717 0.101851 
0.102217 0.0926903 0.191183 0.171801 0.711423 0.134116 0.1373 0.0835294 
0.104484 0.100088 0.118531 0.124132 0.437906 0.123301 0.167057 0.0829264 
0.0972646 0.0915093 0.101616 0.11315 0.199966 0.107951 0.204182 0.0399703 
0.111314 0.104711 0.0886374 0.0878226 0.1377 0.0722441 0.504254 0.0677531 
0.131368 0.112442 0.0921411 0.0912544 0.108828 0.0920845 0.409566 0.065263 
0.166558 0.341844 0.0707942 0.102679 0.0650581 0.126369 0.146756 0.0448225 
0.0879173 0.574954 0.0700969 0.0922363 0.0868423 0.0951555 0.0939066 0.259487 
0.518675 0.529241 0.0947012 0.0815066 0.0974279 0.083416 0.0895982 0.107675 
0.667248 0.147328 0.380329 0.0614582 0.0868379 0.0817065 0.0925326 0.0807452 
0.621308 0.074248 0.575317 0.0540911 0.12308 0.0832376 0.0831609 0.0949574 
0.675387 0.0706069 0.666792 0.0667522 0.170882 0.0433908 0.0887766 0.0806762 
0.682382 0.0775039 0.648301 0.0444268 0.474314 0.0291437 0.117043 0.0745575 
0.519013 0.10286 0.492936 0.0745421 0.585661 0.0689887 0.161004 0.0895942 
0.188679 0.48189 0.176945 0.105434 0.312163 0.0868664 0.0851386 0.460568 
0.085406 0.666511 0.0826955 0.121931 0.104142 0.0962757 0.0843171 0.472348 
0.104523 0.633541 0.0740541 0.0957492 0.0854978 0.0873549 0.0905159 0.211062 
0.101216 0.457435 0.0843449 0.0909878 0.0795509 0.0898717 0.107338 0.122995 
0.120477 0.182547 0.0964142 0.0812273 0.0848783 0.0853601 0.0870337 0.109995 
0.0997981 0.0996218 0.0852776 0.0822155 0.0788697 0.0915773 0.127059 0.1101 
0.133152 0.0876794 0.0788781 0.0750612 0.0843338 0.0792903 0.0997623 0.133199 
0.129357 0.0741764 0.078311 0.0737104 0.0832212 0.0694725 0.501307 0.0959368 
0.536734 0.0496132 0.0798801 0.0740832 0.0765439 0.0969645 0.145479 0.568852 
0.673195 0.0566792 0.0819304 0.0738002 0.0797269 0.087809 0.0799738 0.671015 
0.517251 0.0789145 0.0816248 0.0779902 0.123313 0.0357624 0.102853 0.41104 
0.27721 0.100825 0.0810617 0.0879463 0.0854 0.0791553 0.0966226 0.317099 
0.129622 0.101242 0.0835954 0.0849299 0.0883952 0.0896842 0.0981837 0.278868 
0.0768412 0.101477 0.0801133 0.0868683 0.120274 0.0985673 0.0708747 0.569546 
0.0761723 0.000142911 0.113489 0.209317 0.0322125 0.0881108 0.0761514 0.635128 
0.0756048 0.0845866 0.102453 0.0819343 0.481617 0.0861663 0.0690191 0.679837 
0.0688619 0.100268 0.0785028 0.508489 0.633992 0.0719957 0.0664409 0.68224 
0.0842163 0.0965676 0.0618265 0.614618 0.488804 0.0818145 0.0748992 0.50888 
0.0988257 0.088752 0.0801299 0.453213 0.233652 0.0964339 0.0937838 0.210887 
0.0971844 0.0858354 0.0957585 0.208816 0.121556 0.0935862 0.0885945 0.110353 
0.0867725 0.0843789 0.0871553 0.101461 0.131513 0.09344 0.0832136 0.0965888 
0.0860422 0.0827891 0.0869289 0.0837495 0.125164 0.0893288 0.0774771 0.0885266 
0.081371 0.077301 0.0907429 0.0427885 0.521002 0.0827357 0.0766792 0.0825825 
0.0826076 0.0779927 0.0955117 0.0506721 0.667587 0.0639421 0.0735214 0.0815989 
0.073621 0.0715225 0.084133 0.0845106 0.565533 0.0628975 0.0696634 0.0759481 
0.0784184 0.0777708 0.0834011 0.0792796 0.330799 0.082787 0.0725956 0.0823601 
