0 0 0 0 0 0 0 0 
0.0174551 0.0174551 0.0174551 0.0174551 0.0174551 0.0174551 0.0174551 0.0174551 
0.0349101 0.0349101 0.0349101 0.0349101 0.0349101 0.0349101 0.0349101 0.0349101 
0.0523652 0.0523652 0.0523652 0.0523652 0.0523652 0.0523652 0.0523652 0.0523652 
0.0698203 0.0698203 0.0698203 0.0698203 0.0698203 0.0698203 0.0698203 0.0698203 
0.0872753 0.0872753 0.0872753 0.0872753 0.0872753 0.0872753 0.0872753 0.0872753 
0.10473 0.10473 0.10473 0.10473 0.10473 0.10473 0.10473 0.10473 
0.122185 0.122185 0.122185 0.122185 0.122185 0.122185 0.122185 0.122185 
0.139641 0.139641 0.139641 0.139641 0.139641 0.139641 0.139641 0.139641 
0.157096 0.157096 0.157096 0.157096 0.157096 0.157096 0.157096 0.157096 
0.174551 0.174551 0.174551 0.174551 0.174551 0.174551 0.174551 0.174551 
0.192006 0.192006 0.192006 0.192006 0.192006 0.192006 0.192006 0.192006 
0.209461 0.209461 0.209461 0.209461 0.209461 0.209461 0.209461 0.209461 
0.226916 0.226916 0.226916 0.226916 0.226916 0.226916 0.226916 0.226916 
0.244371 0.244371 0.244371 0.244371 0.244371 0.244371 0.244371 0.244371 
0.261826 0.261826 0.261826 0.261826 0.261826 0.261826 0.261826 0.261826 
0.279281 0.279281 0.279281 0.279281 0.279281 0.279281 0.279281 0.279281 
0.296736 0.296736 0.296736 0.296736 0.296736 0.296736 0.296736 0.296736 
0.314191 0.314191 0.314191 0.314191 0.314191 0.314191 0.314191 0.314191 
0.331646 0.331646 0.331646 0.331646 0.331646 0.331646 0.331646 0.331646 
0.349101 0.349101 0.349101 0.349101 0.349101 0.349101 0.349101 0.349101 
0.366556 0.366556 0.366556 0.366556 0.366556 0.366556 0.366556 0.366556 
0.384011 0.384011 0.384011 0.384011 0.384011 0.384011 0.384011 0.384011 
0.401466 0.401466 0.401466 0.401466 0.401466 0.401466 0.401466 0.401466 
0.418922 0.418922 0.418922 0.418922 0.418922 0.418922 0.418922 0.418922 
0.436377 0.436377 0.436377 0.436377 0.436377 0.436377 0.436377 0.436377 
0.453832 0.453832 0.453832 0.453832 0.453832 0.453832 0.453832 0.453832 
0.471287 0.471287 0.471287 0.471287 0.471287 0.471287 0.471287 0.471287 
0.48887 0.507008 0.49155 0.493611 0.502566 0.491141 0.505369 0.522314 
0.479831 0.510964 0.498634 0.494745 0.507835 0.504163 0.491173 0.520071 
0.507471 0.54669 0.530536 0.528381 0.541606 0.530271 0.536884 0.560223 
0.508405 0.554444 0.546218 0.53902 0.554204 0.54702 0.533944 0.559585 
0.54248 0.591477 0.582351 0.576879 0.591199 0.575978 0.582273 0.599352 
0.550992 0.604269 0.602713 0.593948 0.607788 0.597179 0.58458 0.605606 
0.590391 0.644318 0.642458 0.635575 0.646661 0.62965 0.635338 0.6487 
0.606 0.66221 0.666832 0.657573 0.667017 0.654818 0.642875 0.660641 
0.650144 0.706276 0.710078 0.702919 0.708711 0.691496 0.696804 0.707028 
0.671758 0.729257 0.738509 0.729545 0.733493 0.720889 0.709467 0.724303 
0.721066 0.777861 0.785617 0.77878 0.779455 0.761902 0.767671 0.774407 
0.748511 0.805861 0.818426 0.810163 0.809328 0.795906 0.785803 0.79738 
0.803442 0.859124 0.869867 0.863639 0.860194 0.841863 0.848985 0.851942 
0.836466 0.892419 0.907583 0.899882 0.895472 0.880778 0.872677 0.881114 
0.89727 0.950856 0.963923 0.957885 0.951604 0.932113 0.941186 0.940756 
0.936088 0.989341 1.00698 0.999142 0.992606 0.976109 0.970503 0.976312 
1.00302 1.05325 1.06855 1.06206 1.0543 1.03313 1.04457 1.04143 
1.04772 1.09707 1.11725 1.10854 1.1013 1.0824 1.07955 1.08351 
1.12105 1.16672 1.18433 1.17674 1.16881 1.14549 1.15939 1.1544 
1.17163 1.2161 1.23887 1.22867 1.22203 1.20026 1.20016 1.20308 
1.25153 1.29181 1.3117 1.30251 1.29553 1.26984 1.28605 1.27999 
1.30798 1.34694 1.37224 1.36013 1.35513 1.3304 1.33279 1.33535 
1.39463 1.42911 1.45105 1.44001 1.4348 1.40683 1.4251 1.41851 
1.45696 1.49024 1.51774 1.50358 1.50097 1.47351 1.47807 1.48068 
1.55059 1.5792 1.60284 1.58987 1.58707 1.55728 1.57721 1.57035 
1.61892 1.64669 1.67591 1.65971 1.66012 1.63041 1.63675 1.63949 
1.71986 1.74285 1.76765 1.75281 1.75307 1.72189 1.74325 1.736 
1.79448 1.81703 1.84747 1.82928 1.83333 1.80174 1.80976 1.81234 
1.90318 1.92089 1.94626 1.9297 1.93354 1.90143 1.92413 1.91612 
1.9845 2.00213 2.03331 2.01323 2.02136 1.98836 1.99803 2.00001 
2.10159 2.11416 2.13972 2.12147 2.12941 2.09679 2.12083 2.11156 
2.19006 2.20294 2.23439 2.21257 2.22507 2.19121 2.20254 2.20347 
2.31627 2.32373 2.34891 2.32932 2.34153 2.3089 2.33444 2.3234 
2.41245 2.42066 2.45181 2.42862 2.44547 2.4112 2.42446 2.4239 
2.54872 2.55053 2.57511 2.55468 2.57092 2.5389 2.56614 2.5529 
2.65313 2.65644 2.68663 2.66294 2.68372 2.64979 2.66492 2.66272 
2.80046 2.79626 2.81965 2.79908 2.819 2.78827 2.81725 2.80161 
2.91375 2.91211 2.94035 2.91714 2.94125 2.90856 2.92536 2.92162 
3.07348 3.06251 3.08432 3.06422 3.08749 3.05863 3.08948 3.07126 
3.19632 3.18955 3.21463 3.19307 3.22 3.18922 3.20762 3.20254 
3.36985 3.35184 3.37055 3.35205 3.37845 3.35206 3.38487 3.36407 
3.50315 3.49137 3.51164 3.49296 3.52214 3.49386 3.51406 3.5078 
3.69245 3.66658 3.68124 3.66484 3.69423 3.6709 3.70604 3.6825 
3.83706 3.82063 3.83393 3.81927 3.84956 3.82556 3.84733 3.84033 
4.0445 4.01051 4.01921 4.00578 4.03747 4.01817 4.05609 4.02978 
4.20215 4.18099 4.18527 4.17557 4.20581 4.18808 4.21112 4.20332 
4.42962 4.38831 4.38781 4.3791 4.41187 4.3987 4.43919 4.41038 
4.60219 4.57718 4.57049 4.56651 4.59664 4.58572 4.61047 4.60204 
4.85253 4.80553 4.79472 4.78969 4.82438 4.81929 4.86074 4.83023 
5.04235 5.01558 4.99697 4.99792 5.02829 5.02664 5.05182 5.04415 
5.32055 5.26972 5.24674 5.24444 5.28253 5.2896 5.32913 5.29861 
5.53022 5.50531 5.47276 5.47878 5.5095 5.52285 5.54577 5.54105 
5.84338 5.79343 5.7523 5.75393 5.7987 5.82069 5.85873 5.82715 
6.0766 6.06236 6.00954 6.02479 6.05439 6.09404 6.1133 6.11177 
6.43853 6.39484 6.33933 6.33221 6.39545 6.4308 6.47385 6.44475 
6.68897 6.71546 6.63361 6.67277 6.65354 6.83775 6.82096 6.83832 
7.08621 7.12292 7.01828 7.05609 7.10483 7.26559 7.21229 7.3667 
7.51505 7.5067 7.44517 7.46221 7.5131 7.61802 7.60767 7.72561 
8.0446 8.03539 7.99953 8.00203 8.05167 8.14696 8.13434 8.22266 
8.66375 8.59246 8.5712 8.60452 8.6509 8.64928 8.68342 8.7043 
9.21503 9.22341 9.19985 9.16441 9.20553 9.26924 9.30694 9.31959 
8.69377 8.63837 8.6251 8.63659 8.63934 8.6868 8.74515 8.7177 
8.07653 8.00241 8.0127 8.03097 8.03207 8.04457 8.10702 8.10875 
7.4673 7.42432 7.39871 7.42261 7.42683 7.43503 7.4676 7.4988 
6.85392 6.81345 6.78795 6.79865 6.82409 6.82344 6.85425 6.89197 
6.23457 6.17565 6.16745 6.18449 6.2165 6.2075 6.23227 6.28452 
5.62175 5.55437 5.55759 5.56809 5.61 5.6544 5.67787 5.67956 
5.00276 4.94664 4.93572 4.96845 5.00018 5.05211 5.07385 5.07583 
4.38223 4.33148 4.30721 4.33644 4.35542 4.43488 4.44025 4.4753 
3.76203 3.72433 3.68452 3.71392 3.80069 3.79141 3.79377 3.87991 
3.1388 3.11386 3.05907 3.07269 3.15833 3.19615 3.23328 3.29259 
2.5409 2.51834 2.42631 2.51328 2.63291 2.99307 2.68414 2.7424 
1.92723 1.88022 1.82798 2.13447 2.11031 2.56519 2.1245 2.22889 
1.38783 1.32254 1.35178 1.8444 1.91819 2.16765 1.75988 1.87063 
1.20794 1.03727 1.09407 1.56325 2.1015 1.92878 1.50006 1.60008 
1.04444 0.8208 0.997767 1.60669 2.13317 2.05193 1.49102 1.31922 
0.852441 0.673345 0.859494 1.38444 1.8704 1.78585 1.33367 1.15787 
0.728211 0.556574 0.809898 1.20653 1.45882 1.34698 1.23221 0.858058 
0.549993 0.476209 0.722072 1.06495 1.28125 1.17321 1.12208 0.790999 
0.454889 0.407799 0.734475 1.02084 1.21093 0.865285 1.20635 0.740102 
0.322519 0.381348 0.559311 1.03652 1.19501 0.857776 1.43754 0.886844 
0.249328 0.488371 0.510576 0.809337 0.850535 0.709191 1.26828 0.849698 
0.235495 0.430001 0.642451 1.05444 0.659014 0.49162 0.965316 0.622453 
0.215438 0.316126 0.579382 0.97546 0.477799 0.346192 0.695402 0.537057 
0.187543 0.325891 0.646596 0.721697 0.443607 0.249834 0.450452 0.416693 
0.150955 0.281385 0.823489 0.725779 0.270049 0.178898 0.297963 0.364065 
0.103354 0.566559 1.05703 0.990288 0.428701 0.123848 0.165917 0.265858 
0.128399 0.422515 0.846594 0.872713 0.278375 0.122871 0.13809 0.200858 
0.121922 0.407657 0.785869 0.941531 0.390801 0.103477 0.121658 0.161794 
0.150579 0.238534 0.724579 0.888372 0.338521 0.10855 0.130512 0.180695 
0.126326 0.211288 0.499238 0.769294 0.178059 0.124413 0.116032 0.291052 
0.106705 0.379507 0.285555 0.546592 0.160808 0.148264 0.128259 0.438637 
0.116304 0.631081 0.126477 0.380137 0.157822 0.110573 0.34498 0.18809 
0.12703 0.637027 0.167511 0.212231 0.224981 0.10584 0.610622 0.322271 
0.426573 0.303715 0.267772 0.136751 0.508991 0.0818457 0.688309 0.106728 
0.671004 0.128276 0.496885 0.117173 0.659384 0.0875935 0.695876 0.117603 
0.543115 0.247917 0.739828 0.395992 0.475229 0.101003 0.645642 0.13552 
0.262102 0.613753 0.595126 0.769674 0.287643 0.132502 0.382113 0.296999 
0.268204 0.84294 0.580976 1.05289 0.492388 0.0979141 0.172312 0.415572 
0.631462 0.607976 0.66351 0.997254 0.505874 0.109342 0.142381 0.677281 
0.955624 0.4996 0.549985 0.928038 0.414936 0.102351 0.132376 0.744864 
0.894535 0.509022 0.625785 1.09459 0.632769 0.0739851 0.492371 0.991228 
0.785048 0.876804 0.447156 0.998729 0.488694 0.102743 0.516801 1.04107 
1.09797 0.704462 0.565699 0.980399 0.382839 0.302395 0.562212 1.08162 
1.18324 0.621993 0.694767 0.866497 0.280873 0.31013 0.772675 1.27131 
1.28329 0.852945 1.08956 0.705834 0.30453 0.286399 0.842944 1.40731 
0.972951 1.34489 1.05377 0.656516 0.348183 0.217439 0.799001 1.27928 
0.866632 1.37139 0.894943 0.562212 0.633226 0.117308 0.681374 1.11144 
0.608847 1.06767 0.564764 0.868602 0.814893 0.274424 0.63329 1.23233 
0.646099 0.706467 0.656837 1.19583 0.928363 0.316056 0.864631 1.20735 
0.869991 0.361585 0.63488 1.20043 0.766148 0.303115 0.827184 1.20228 
0.712895 0.317204 0.41184 0.904759 0.482598 0.385248 0.560408 1.11846 
0.539653 0.224046 0.274872 0.6759 0.435117 0.345219 0.492207 0.911703 
0.396531 0.207656 0.203792 0.449431 0.348069 0.271633 0.424444 0.871472 
0.300634 0.150483 0.155575 0.326227 0.443198 0.270142 0.475746 0.934361 
0.374291 0.124686 0.123908 0.229104 0.399277 0.239052 0.545051 0.988822 
0.376558 0.102377 0.115546 0.210444 0.532917 0.334002 0.455239 0.922156 
0.43422 0.0956649 0.105488 0.128747 0.742202 0.382456 0.426027 0.714345 
0.220417 0.103937 0.0769452 0.426478 0.997703 0.809416 0.545109 0.59173 
0.142973 0.10256 0.0912013 0.410318 0.939801 0.733421 0.926127 0.734374 
0.122648 0.0927579 0.11186 0.253811 0.800968 0.931208 1.28487 0.764018 
0.410134 0.075873 0.113067 0.235165 0.663541 0.846169 1.30874 0.733975 
0.328699 0.0997547 0.133132 0.318724 0.607889 0.649391 1.12294 0.671734 
0.217266 0.105369 0.116172 0.454083 0.746951 0.591586 1.08167 0.799204 
0.224093 0.0897313 0.468861 0.658593 1.10833 0.647692 1.22733 0.849915 
0.519601 0.088147 0.543605 0.951433 1.38826 0.867247 1.11818 0.837984 
0.351811 0.625369 0.393918 0.91104 1.4414 0.936919 0.623976 0.923363 
0.249689 0.809461 0.554064 0.693566 1.23456 0.814525 0.356257 0.771387 
0.163878 0.782837 0.461661 0.46425 0.899307 0.635672 0.356255 0.516548 
0.134395 0.681254 0.311671 0.344249 0.721314 0.579402 0.298971 0.36622 
0.16208 0.415761 0.262056 0.252914 0.500205 0.347454 0.286971 0.263942 
0.128196 0.408396 0.228799 0.178488 0.480603 0.186908 0.228925 0.206753 
0.131844 0.284378 0.252114 0.141859 0.345682 0.13512 0.149769 0.227475 
0.110249 0.127454 0.477071 0.102313 0.209028 0.144927 0.1045 0.34401 
0.0958636 0.448429 0.696631 0.0857544 0.201213 0.110172 0.05944 0.584388 
0.0803501 0.38817 0.66097 0.0873244 0.245189 0.470781 0.0615034 0.618481 
0.121207 0.165743 0.378385 0.114012 0.258811 0.409926 0.110666 0.320232 
0.125055 0.135566 0.246108 0.104356 0.259272 0.197385 0.125771 0.113861 
0.112881 0.10463 0.144008 0.0948368 0.585372 0.167113 0.113778 0.0535353 
0.112106 0.118309 0.110541 0.101887 0.487076 0.335147 0.0454268 0.096134 
0.125909 0.0968351 0.107152 0.0907385 0.493266 0.41924 0.0879409 0.0876872 
0.157744 0.122419 0.112505 0.103781 0.285517 0.10786 0.508092 0.090968 
0.435806 0.0798111 0.119801 0.100931 0.121915 0.0978673 0.679417 0.0854658 
0.664627 0.172484 0.207928 0.0932107 0.104918 0.0948952 0.460394 0.141894 
0.600865 0.111853 0.333689 0.0789043 0.0941393 0.123626 0.425667 0.349977 
0.365987 0.631128 0.636665 0.0678929 0.0862672 0.0623831 0.611557 0.761079 
0.19335 0.777453 0.638384 0.0785836 0.0603113 0.41156 0.908524 0.813905 
0.651697 1.00476 0.661073 0.0844388 0.0975131 0.153496 0.774228 0.975685 
0.70357 1.06027 0.551755 0.0950148 0.0927708 0.0924324 0.608468 0.833339 
0.776428 0.785483 0.200954 0.387521 0.0761602 0.113328 0.360742 0.701403 
0.691536 0.586482 0.200083 0.371455 0.0898953 0.10271 0.223853 0.709113 
0.901323 0.301893 0.164737 0.161353 0.108063 0.105852 0.1721 0.799192 
0.75211 0.16279 0.475597 0.100622 0.114516 0.075952 0.297969 0.857241 
0.753589 0.13078 0.350115 0.1041 0.0986395 0.0759817 0.54368 1.01484 
0.708443 0.139964 0.570153 0.0960874 0.111694 0.0873043 0.519547 1.00825 
0.728756 0.159229 0.470188 0.110242 0.111604 0.0890746 0.379178 0.887364 
0.742611 0.143658 0.581509 0.112143 0.277279 0.0731257 0.464579 0.885323 
0.764523 0.122322 0.702719 0.140677 0.204407 0.0927443 0.366932 0.905415 
0.891676 0.355238 0.86493 0.450119 0.102059 0.101677 0.347519 0.898052 
0.886964 0.347953 0.948198 0.511686 0.131553 0.0927387 0.228794 0.65943 
0.608103 0.384482 1.00366 0.681285 0.131419 0.0927635 0.428847 0.517805 
0.320928 0.376697 0.953155 0.754222 0.180064 0.103371 0.377082 0.680077 
0.339564 0.168852 0.770033 0.925813 0.384856 0.0416384 0.588956 0.852801 
0.26968 0.22851 0.545601 0.888118 0.40985 0.23517 0.582447 0.856259 
0.305718 0.130392 0.41267 0.693317 0.737239 0.298898 0.558164 0.916158 
0.273728 0.549693 0.320863 0.881995 1.15086 0.651724 0.623181 0.88572 
0.452367 0.380191 0.478535 1.01548 1.4741 1.0131 0.554749 1.03523 
0.28652 0.719722 0.425891 1.04524 1.60896 1.17002 0.616479 0.791062 
0.213763 0.642354 0.35522 0.926076 1.41072 1.3329 0.812606 0.575341 
0.134727 0.482692 0.358961 0.85011 1.20498 1.323 1.09189 0.572148 
0.111698 0.663879 0.373796 0.779258 1.0156 0.929561 1.03727 0.419191 
0.126109 0.717257 0.617205 0.718542 1.29404 0.792388 0.847281 0.294103 
0.138911 0.767233 0.891647 0.546826 1.16569 0.942606 0.633932 0.336462 
0.127492 0.727355 1.23009 0.685345 1.02938 1.09219 0.701418 0.26468 
0.600361 0.615128 1.11667 0.659561 0.753629 1.00187 0.901605 0.294831 
0.818595 0.460148 0.881065 0.89233 0.456842 1.05128 0.799151 0.221909 
0.701414 0.410535 0.736274 1.19459 0.705657 1.14912 0.578156 0.159071 
0.373057 0.788321 0.4827 0.988409 0.642149 0.962768 0.333916 0.186134 
0.182453 0.636867 0.402391 0.778021 1.06692 0.825401 0.24333 0.165099 
0.136688 0.33626 0.397429 0.631025 1.21691 0.698417 0.151898 0.136595 
0.15033 0.133244 0.69866 0.448683 1.03092 0.516649 0.134312 0.0998229 
0.122481 0.0922345 0.582109 0.359773 0.964667 0.397827 0.115848 0.0972286 
0.105986 0.104637 0.322198 0.295124 0.850596 0.257051 0.126717 0.101851 
0.102217 0.0926903 0.191183 0.171801 0.711423 0.134116 0.1373 0.0835294 
0.104484 0.100088 0.118531 0.124132 0.437906 0.123301 0.167057 0.0829264 
0.0972646 0.0915093 0.101616 0.11315 0.199966 0.107951 0.204182 0.0399703 
0.111314 0.104711 0.0886374 0.0878226 0.1377 0.0722441 0.504254 0.0677531 
0.131368 0.112442 0.0921411 0.0912544 0.108828 0.0920845 0.409566 0.065263 
0.166558 0.341844 0.0707942 0.102679 0.0650581 0.126369 0.146756 0.0448225 
0.0879173 0.574954 0.0700969 0.0922363 0.0868423 0.0951555 0.0939066 0.259487 
0.518675 0.529241 0.0947012 0.0815066 0.0974279 0.083416 0.0895982 0.107675 
0.667248 0.147328 0.380329 0.0614582 0.0868379 0.0817065 0.0925326 0.0807452 
0.621308 0.074248 0.575317 0.0540911 0.12308 0.0832376 0.0831609 0.0949574 
0.675387 0.0706069 0.666792 0.0667522 0.170882 0.0433908 0.0887766 0.0806762 
0.682382 0.0775039 0.648301 0.0444268 0.474314 0.0291437 0.117043 0.0745575 
0.519013 0.10286 0.492936 0.0745421 0.585661 0.0689887 0.161004 0.0895942 
0.188679 0.48189 0.176945 0.105434 0.312163 0.0868664 0.0851386 0.460568 
0.085406 0.666511 0.0826955 0.121931 0.104142 0.0962757 0.0843171 0.472348 
0.104523 0.633541 0.0740541 0.0957492 0.0854978 0.0873549 0.0905159 0.211062 
0.101216 0.457435 0.0843449 0.0909878 0.0795509 0.0898717 0.107338 0.122995 
0.120477 0.182547 0.0964142 0.0812273 0.0848783 0.0853601 0.0870337 0.109995 
0.0997981 0.0996218 0.0852776 0.0822155 0.0788697 0.0915773 0.127059 0.1101 
0.133152 0.0876794 0.0788781 0.0750612 0.0843338 0.0792903 0.0997623 0.133199 
0.129357 0.0741764 0.078311 0.0737104 0.0832212 0.0694725 0.501307 0.158355 
0.536734 0.0496132 0.0798801 0.0740832 0.0765439 0.0969645 0.0744512 0.561438 
0.673195 0.0566792 0.0819304 0.0738002 0.0797269 0.087809 0.085446 0.675084 
0.517251 0.0789145 0.0816248 0.0779902 0.123313 0.0357624 0.102869 0.41104 
0.27721 0.100825 0.0810617 0.0879463 0.0854 0.0791553 0.0966226 0.317099 
0.129622 0.101242 0.0835954 0.0849299 0.0883952 0.0896842 0.0981837 0.278868 
0.0768412 0.101477 0.0801133 0.0868683 0.132334 0.0871652 0.0708747 0.569546 
0.0761723 0.000142911 0.113489 0.209317 0.0609024 0.0495443 0.0761514 0.635128 
0.0756048 0.0845866 0.102453 0.0819343 0.490334 0.0775442 0.0690191 0.679837 
0.0688619 0.100268 0.0764055 0.510561 0.633997 0.0719957 0.0664409 0.68224 
0.0842163 0.081709 0.0767204 0.614618 0.488804 0.0818145 0.0748992 0.50888 
0.0988257 0.0843258 0.0801305 0.453213 0.233652 0.0964339 0.0937838 0.210887 
0.0971844 0.0843832 0.0972366 0.208816 0.121556 0.0965242 0.0789649 0.110353 
0.0867725 0.0843801 0.0871553 0.101461 0.131513 0.0936787 0.0803798 0.0965888 
0.0860422 0.0827891 0.0869289 0.0837495 0.133344 0.0811698 0.0774787 0.0885266 
0.081371 0.077301 0.0907429 0.0427885 0.521002 0.0827573 0.0766792 0.0825825 
0.0826076 0.0779927 0.0955117 0.0506721 0.667587 0.0639421 0.0735214 0.0815989 
0.073621 0.0715225 0.084133 0.0845106 0.565533 0.0628975 0.0696634 0.0759481 
0.0784184 0.0777708 0.0834011 0.0792796 0.330799 0.082787 0.0725956 0.0823601 
