0 0 0 0 0 0 0 0 
0.0174551 0.0174551 0.0174551 0.0174551 0.0174551 0.0174551 0.0174551 0.0174551 
0.0349101 0.0349101 0.0349101 0.0349101 0.0349101 0.0349101 0.0349101 0.0349101 
0.0523652 0.0523652 0.0523652 0.0523652 0.0523652 0.0523652 0.0523652 0.0523652 
0.0698203 0.0698203 0.0698203 0.0698203 0.0698203 0.0698203 0.0698203 0.0698203 
0.0872753 0.0872753 0.0872753 0.0872753 0.0872753 0.0872753 0.0872753 0.0872753 
0.10473 0.10473 0.10473 0.10473 0.10473 0.10473 0.10473 0.10473 
0.122185 0.122185 0.122185 0.122185 0.122185 0.122185 0.122185 0.122185 
0.139641 0.139641 0.139641 0.139641 0.139641 0.139641 0.139641 0.139641 
0.157096 0.157096 0.157096 0.157096 0.157096 0.157096 0.157096 0.157096 
0.174551 0.174551 0.174551 0.174551 0.174551 0.174551 0.174551 0.174551 
0.192006 0.192006 0.192006 0.192006 0.192006 0.192006 0.192006 0.192006 
0.209461 0.209461 0.209461 0.209461 0.209461 0.209461 0.209461 0.209461 
0.226916 0.226916 0.226916 0.226916 0.226916 0.226916 0.226916 0.226916 
0.244371 0.244371 0.244371 0.244371 0.244371 0.244371 0.244371 0.244371 
0.261826 0.261826 0.261826 0.261826 0.261826 0.261826 0.261826 0.261826 
0.279281 0.279281 0.279281 0.279281 0.279281 0.279281 0.279281 0.279281 
0.296736 0.296736 0.296736 0.296736 0.296736 0.296736 0.296736 0.296736 
0.314191 0.314191 0.314191 0.314191 0.314191 0.314191 0.314191 0.314191 
0.331646 0.331646 0.331646 0.331646 0.331646 0.331646 0.331646 0.331646 
0.349101 0.349101 0.349101 0.349101 0.349101 0.349101 0.349101 0.349101 
0.366556 0.366556 0.366556 0.366556 0.366556 0.366556 0.366556 0.366556 
0.384011 0.384011 0.384011 0.384011 0.384011 0.384011 0.384011 0.384011 
0.401466 0.401466 0.401466 0.401466 0.401466 0.401466 0.401466 0.401466 
0.418922 0.418922 0.418922 0.418922 0.418922 0.418922 0.418922 0.418922 
0.436377 0.436377 0.436377 0.436377 0.436377 0.436377 0.436377 0.436377 
0.453832 0.453832 0.453832 0.453832 0.453832 0.453832 0.453832 0.453832 
0.471287 0.471287 0.471287 0.471287 0.471287 0.471287 0.471287 0.471287 
0.495707 0.509847 0.494529 0.493839 0.502739 0.502073 0.506332 0.507102 
0.481483 0.51171 0.501067 0.49787 0.50682 0.505894 0.509952 0.519306 
0.514101 0.546958 0.530411 0.526905 0.540828 0.537524 0.545439 0.54959 
0.511311 0.553756 0.546317 0.540507 0.551869 0.543294 0.554402 0.563798 
0.548665 0.590395 0.580732 0.574512 0.587639 0.576027 0.591134 0.596645 
0.553931 0.60274 0.601857 0.594536 0.604441 0.585653 0.604104 0.616298 
0.595572 0.642732 0.64006 0.632706 0.642978 0.623205 0.642719 0.65289 
0.606183 0.660356 0.665477 0.657872 0.66363 0.639155 0.659499 0.677698 
0.651892 0.704393 0.707274 0.69983 0.70542 0.682305 0.701517 0.717544 
0.668554 0.727193 0.736905 0.729738 0.73006 0.704398 0.723282 0.746327 
0.717108 0.775814 0.782574 0.775591 0.776067 0.752886 0.769713 0.790026 
0.740334 0.803693 0.816733 0.810251 0.805411 0.780391 0.797321 0.822331 
0.794828 0.857127 0.866775 0.860318 0.856463 0.833892 0.848733 0.870056 
0.825037 0.890204 0.905908 0.899887 0.890911 0.866568 0.882192 0.907155 
0.885226 0.948966 0.960855 0.954468 0.947529 0.925072 0.938985 0.959896 
0.92178 0.987271 1.00541 0.999113 0.987366 0.962947 0.978458 1.0023 
0.987733 1.0516 1.06561 1.05858 1.04995 1.02665 1.04092 1.06036 
1.03068 1.09521 1.11584 1.10852 1.09541 1.06992 1.0865 1.10821 
1.10252 1.16546 1.18156 1.17321 1.1643 1.13916 1.15479 1.17191 
1.15196 1.21449 1.23764 1.2287 1.21557 1.18814 1.20658 1.2254 
1.23022 1.29112 1.30908 1.29899 1.29107 1.26333 1.28096 1.29501 
1.28627 1.34566 1.37117 1.36029 1.34829 1.31844 1.33911 1.3545 
1.37114 1.42932 1.44854 1.43654 1.43074 1.40003 1.41988 1.43049 
1.43413 1.48946 1.51689 1.50395 1.49407 1.46169 1.48469 1.49634 
1.52609 1.58055 1.60042 1.58652 1.58382 1.55015 1.57225 1.57916 
1.59628 1.64655 1.67528 1.66037 1.65346 1.61879 1.64403 1.65181 
1.69573 1.74548 1.76531 1.74968 1.75093 1.71458 1.73881 1.74196 
1.77334 1.81766 1.84709 1.83029 1.82715 1.79062 1.81793 1.82188 
1.88066 1.92489 1.94401 1.92687 1.9328 1.89418 1.92038 1.91987 
1.966 2.00365 2.03318 2.01464 2.01586 1.97809 2.00722 2.00755 
2.08162 2.11959 2.13761 2.11898 2.13023 2.08989 2.11786 2.1139 
2.17506 2.20548 2.23463 2.21442 2.22044 2.18216 2.21284 2.20985 
2.29955 2.33063 2.34685 2.32738 2.34407 2.30279 2.33221 2.32516 
2.40148 2.42432 2.45234 2.43099 2.44181 2.40398 2.43581 2.42994 
2.53561 2.55922 2.57325 2.55296 2.57554 2.53398 2.56465 2.55478 
2.64656 2.66145 2.68761 2.66586 2.68117 2.64483 2.6774 2.66907 
2.79114 2.80678 2.81814 2.79778 2.82581 2.78507 2.8165 2.80422 
2.91181 2.9186 2.942 2.92069 2.94002 2.90627 2.93914 2.92878 
3.06796 3.07504 3.08308 3.06321 3.09654 3.05758 3.08952 3.07511 
3.19911 3.19779 3.21712 3.19731 3.22022 3.19015 3.2229 3.21089 
3.36809 3.36644 3.36996 3.3517 3.3897 3.354 3.386 3.36973 
3.51074 3.50151 3.51512 3.49805 3.52411 3.49895 3.53116 3.5179 
3.69435 3.68366 3.68101 3.66553 3.70793 3.67691 3.70801 3.69056 
3.84965 3.83276 3.83856 3.82555 3.85491 3.83541 3.86679 3.85224 
4.04997 4.02996 4.01947 4.00752 4.05473 4.02948 4.05919 4.04035 
4.21948 4.1947 4.19122 4.18268 4.2163 4.20341 4.2335 4.21813 
4.4388 4.41032 4.38876 4.38208 4.43371 4.41683 4.44413 4.4246 
4.62486 4.5921 4.57774 4.57454 4.61253 4.60772 4.63598 4.6206 
4.86548 4.82975 4.79535 4.79486 4.85186 4.84163 4.86876 4.84865 
5.07121 5.03246 5.00495 5.0077 5.05134 5.05459 5.08136 5.06683 
5.33584 5.29843 5.24642 5.25346 5.31697 5.31265 5.3416 5.32276 
5.56517 5.52833 5.48163 5.49168 5.54123 5.55593 5.58003 5.56853 
5.86066 5.84037 5.75209 5.7678 5.83935 5.84697 5.87939 5.85209 
6.11488 6.10231 6.02002 6.04093 6.09505 6.1355 6.15463 6.14293 
6.46074 6.43625 6.33926 6.36374 6.43614 6.45313 6.54191 6.45019 
6.69103 6.76728 6.64799 6.70798 6.67372 6.88308 6.87105 6.88168 
7.10163 7.1752 7.02706 7.13945 7.08711 7.32338 7.2838 7.32507 
7.53268 7.55944 7.46788 7.52922 7.52138 7.67701 7.66825 7.67847 
8.07494 8.09514 8.03638 8.07335 8.06775 8.21281 8.20571 8.21508 
8.65988 8.67632 8.61958 8.62823 8.68318 8.73798 8.7716 8.7404 
9.28616 9.22887 9.25198 9.26049 9.24115 9.29716 9.32869 9.29149 
8.69402 8.66017 8.65901 8.64642 8.69219 8.75269 8.74595 8.7688 
8.0782 8.05407 8.04247 8.03489 8.08093 8.14238 8.13857 8.16705 
7.46303 7.44549 7.43163 7.42112 7.46813 7.52913 7.57504 7.55774 
6.84654 6.84279 6.82088 6.80676 6.85617 6.92218 6.92805 6.95925 
6.27757 6.23048 6.20958 6.19127 6.24384 6.31148 6.32031 6.3198 
5.66945 5.61017 5.59787 5.57611 5.62221 5.70014 5.71201 5.71566 
5.06045 4.99561 4.98582 4.9549 5.00375 5.09 5.10355 5.11551 
4.44535 4.38387 4.36926 4.34453 4.4329 4.48327 4.49721 4.56307 
3.83062 3.76834 3.74812 3.73194 3.82438 3.86575 3.93747 3.98014 
3.22609 3.15421 3.12637 3.16969 3.20126 3.30943 3.33815 3.40129 
2.62514 2.53845 2.50206 2.56545 2.63291 2.99307 2.73396 2.80547 
2.02717 1.93215 1.88297 2.13447 2.11031 2.56519 2.1245 2.22889 
1.43479 1.32254 1.35178 1.8444 1.91819 2.16765 1.75988 1.87063 
1.20794 1.03727 1.09407 1.56325 2.1015 1.92878 1.50006 1.60008 
1.04444 0.8208 0.997767 1.60669 2.13317 2.05193 1.49102 1.31922 
0.852441 0.673345 0.859494 1.38444 1.8704 1.78585 1.33367 1.15787 
0.728211 0.556574 0.809898 1.20653 1.45882 1.34698 1.23221 0.858058 
0.549993 0.476209 0.722072 1.06495 1.28125 1.17321 1.12208 0.790999 
0.454889 0.407799 0.734475 1.02084 1.21093 0.865285 1.20635 0.740102 
0.322519 0.381348 0.559311 1.03652 1.19501 0.857776 1.43754 0.886844 
0.249328 0.488371 0.510576 0.809337 0.850535 0.709191 1.26828 0.849698 
0.235495 0.430001 0.642451 1.05444 0.659014 0.49162 0.965316 0.622453 
0.215438 0.316126 0.579382 0.97546 0.477799 0.346192 0.695402 0.537057 
0.187543 0.325891 0.646596 0.721697 0.443607 0.249834 0.450452 0.416693 
0.150955 0.281385 0.823489 0.725779 0.270049 0.178898 0.297963 0.364065 
0.103354 0.566559 1.05703 0.990288 0.428701 0.123848 0.165917 0.265858 
0.128399 0.422515 0.846594 0.872713 0.278375 0.122871 0.13809 0.200858 
0.121922 0.407657 0.785869 0.941531 0.390801 0.103477 0.121658 0.161794 
0.150579 0.238534 0.724579 0.888372 0.338521 0.10855 0.130512 0.180695 
0.126326 0.211288 0.499238 0.769294 0.178059 0.124413 0.116032 0.291052 
0.106705 0.379507 0.285555 0.546592 0.160808 0.148264 0.128259 0.438637 
0.116304 0.631081 0.126477 0.380137 0.157822 0.110573 0.34498 0.18809 
0.12703 0.637027 0.167511 0.212231 0.224981 0.10584 0.610622 0.322271 
0.426573 0.303715 0.267772 0.136751 0.508991 0.0818457 0.688309 0.106728 
0.671004 0.128276 0.496885 0.117173 0.659384 0.0875935 0.695876 0.117603 
0.543115 0.247917 0.739828 0.395992 0.475229 0.101003 0.645642 0.13552 
0.262102 0.613753 0.595126 0.769674 0.287643 0.132502 0.382113 0.296999 
0.268204 0.84294 0.580976 1.05289 0.492388 0.0979141 0.172312 0.415572 
0.631462 0.607976 0.66351 0.997254 0.505874 0.109342 0.142381 0.677281 
0.955624 0.4996 0.549985 0.928038 0.414936 0.102351 0.132376 0.744864 
0.894535 0.509022 0.625785 1.09459 0.632769 0.0739851 0.492371 0.991228 
0.785048 0.876804 0.447156 0.998729 0.488694 0.102743 0.516801 1.04107 
1.09797 0.704462 0.565699 0.980399 0.382839 0.302395 0.562212 1.08162 
1.18324 0.621993 0.694767 0.866497 0.280873 0.31013 0.772675 1.27131 
1.28329 0.852945 1.08956 0.705834 0.30453 0.286399 0.842944 1.40731 
0.972951 1.34489 1.05377 0.656516 0.348183 0.217439 0.799001 1.27928 
0.866632 1.37139 0.894943 0.562212 0.633226 0.117308 0.681374 1.11144 
0.608847 1.06767 0.564764 0.868602 0.814893 0.274424 0.63329 1.23233 
0.646099 0.706467 0.656837 1.19583 0.928363 0.316056 0.864631 1.20735 
0.869991 0.361585 0.63488 1.20043 0.766148 0.303115 0.827184 1.20228 
0.712895 0.317204 0.41184 0.904759 0.482598 0.385248 0.560408 1.11846 
0.539653 0.224046 0.274872 0.6759 0.435117 0.345219 0.492207 0.911703 
0.396531 0.207656 0.203792 0.449431 0.348069 0.271633 0.424444 0.871472 
0.300634 0.150483 0.155575 0.326227 0.443198 0.270142 0.475746 0.934361 
0.374291 0.124686 0.123908 0.229104 0.399277 0.239052 0.545051 0.988822 
0.376558 0.102377 0.115546 0.210444 0.532917 0.334002 0.455239 0.922156 
0.43422 0.0956649 0.105488 0.128747 0.742202 0.382456 0.426027 0.714345 
0.220417 0.103937 0.0769452 0.426478 0.997703 0.809416 0.545109 0.59173 
0.142973 0.10256 0.0912013 0.410318 0.939801 0.733421 0.926127 0.734374 
0.122648 0.0927579 0.11186 0.253811 0.800968 0.931208 1.28487 0.764018 
0.410134 0.075873 0.113067 0.235165 0.663541 0.846169 1.30874 0.733975 
0.328699 0.0997547 0.133132 0.318724 0.607889 0.649391 1.12294 0.671734 
0.217266 0.105369 0.116172 0.454083 0.746951 0.591586 1.08167 0.799204 
0.224093 0.0897313 0.468861 0.658593 1.10833 0.647692 1.22733 0.849915 
0.519601 0.088147 0.543605 0.951433 1.38826 0.867247 1.11818 0.837984 
0.351811 0.625369 0.393918 0.91104 1.4414 0.936919 0.623976 0.923363 
0.249689 0.809461 0.554064 0.693566 1.23456 0.814525 0.356257 0.771387 
0.163878 0.782837 0.461661 0.46425 0.899307 0.635672 0.356255 0.516548 
0.134395 0.681254 0.311671 0.344249 0.721314 0.579402 0.298971 0.36622 
0.16208 0.415761 0.262056 0.252914 0.500205 0.347454 0.286971 0.263942 
0.128196 0.408396 0.228799 0.178488 0.480603 0.186908 0.228925 0.206753 
0.131844 0.284378 0.252114 0.141859 0.345682 0.13512 0.149769 0.227475 
0.110249 0.127454 0.477071 0.102313 0.209028 0.144927 0.1045 0.34401 
0.0958636 0.448429 0.696631 0.0857544 0.201213 0.110172 0.05944 0.584388 
0.0803501 0.38817 0.66097 0.0873244 0.245189 0.470781 0.0615034 0.618481 
0.121207 0.165743 0.378385 0.114012 0.258811 0.409926 0.110666 0.320232 
0.125055 0.135566 0.246108 0.104356 0.259272 0.197385 0.125771 0.113861 
0.112881 0.10463 0.144008 0.0948368 0.585372 0.167113 0.113778 0.0535353 
0.112106 0.118309 0.110541 0.101887 0.487076 0.335147 0.0454268 0.096134 
0.125909 0.0968351 0.107152 0.0907385 0.493266 0.41924 0.0879409 0.0876872 
0.157744 0.122419 0.112505 0.103781 0.285517 0.10786 0.508092 0.090968 
0.435806 0.0798111 0.119801 0.100931 0.121915 0.0978673 0.679417 0.0854658 
0.664627 0.172484 0.207928 0.0932107 0.104918 0.0948952 0.460394 0.141894 
0.600865 0.111853 0.333689 0.0789043 0.0941393 0.123626 0.425667 0.349977 
0.365987 0.631128 0.636665 0.0678929 0.0862672 0.0623831 0.611557 0.761079 
0.19335 0.777453 0.638384 0.0785836 0.0603113 0.41156 0.908524 0.813905 
0.651697 1.00476 0.661073 0.0844388 0.0975131 0.153496 0.774228 0.975685 
0.70357 1.06027 0.551755 0.0950148 0.0927708 0.0924324 0.608468 0.833339 
0.776428 0.785483 0.200954 0.387521 0.0761602 0.113328 0.360742 0.701403 
0.691536 0.586482 0.200083 0.371455 0.0898953 0.10271 0.223853 0.709113 
0.901323 0.301893 0.164737 0.161353 0.108063 0.105852 0.1721 0.799192 
0.75211 0.16279 0.475597 0.100622 0.114516 0.075952 0.297969 0.857241 
0.753589 0.13078 0.350115 0.1041 0.0986395 0.0759817 0.54368 1.01484 
0.708443 0.139964 0.570153 0.0960874 0.111694 0.0873043 0.519547 1.00825 
0.728756 0.159229 0.470188 0.110242 0.111604 0.0890746 0.379178 0.887364 
0.742611 0.143658 0.581509 0.112143 0.277279 0.0731257 0.464579 0.885323 
0.764523 0.122322 0.702719 0.140677 0.204407 0.0927443 0.366932 0.905415 
0.891676 0.355238 0.86493 0.450119 0.102059 0.101677 0.347519 0.898052 
0.886964 0.347953 0.948198 0.511686 0.131553 0.0927387 0.228794 0.65943 
0.608103 0.384482 1.00366 0.681285 0.131419 0.0927635 0.428847 0.517805 
0.320928 0.376697 0.953155 0.754222 0.180064 0.103371 0.377082 0.680077 
0.339564 0.168852 0.770033 0.925813 0.384856 0.0416384 0.588956 0.852801 
0.26968 0.22851 0.545601 0.888118 0.40985 0.23517 0.582447 0.856259 
0.305718 0.130392 0.41267 0.693317 0.737239 0.298898 0.558164 0.916158 
0.273728 0.549693 0.320863 0.881995 1.15086 0.651724 0.623181 0.88572 
0.452367 0.380191 0.478535 1.01548 1.4741 1.0131 0.554749 1.03523 
0.28652 0.719722 0.425891 1.04524 1.60896 1.17002 0.616479 0.791062 
0.213763 0.642354 0.35522 0.926076 1.41072 1.3329 0.812606 0.575341 
0.134727 0.482692 0.358961 0.85011 1.20498 1.323 1.09189 0.572148 
0.111698 0.663879 0.373796 0.779258 1.0156 0.929561 1.03727 0.419191 
0.126109 0.717257 0.617205 0.718542 1.29404 0.792388 0.847281 0.294103 
0.138911 0.767233 0.891647 0.546826 1.16569 0.942606 0.633932 0.336462 
0.127492 0.727355 1.23009 0.685345 1.02938 1.09219 0.701418 0.26468 
0.600361 0.615128 1.11667 0.659561 0.753629 1.00187 0.901605 0.294831 
0.818595 0.460148 0.881065 0.89233 0.456842 1.05128 0.799151 0.221909 
0.701414 0.410535 0.736274 1.19459 0.705657 1.14912 0.578156 0.159071 
0.373057 0.788321 0.4827 0.988409 0.642149 0.962768 0.333916 0.186134 
0.182453 0.636867 0.402391 0.778021 1.06692 0.825401 0.24333 0.165099 
0.136688 0.33626 0.397429 0.631025 1.21691 0.698417 0.151898 0.136595 
0.15033 0.133244 0.69866 0.448683 1.03092 0.516649 0.134312 0.0998229 
0.122481 0.0922345 0.582109 0.359773 0.964667 0.397827 0.115848 0.0972286 
0.105986 0.104637 0.322198 0.295124 0.850596 0.257051 0.126717 0.101851 
0.102217 0.0926903 0.191183 0.171801 0.711423 0.134116 0.1373 0.0835294 
0.104484 0.100088 0.118531 0.124132 0.437906 0.123301 0.167057 0.0829264 
0.0972646 0.0915093 0.101616 0.11315 0.199966 0.107951 0.204182 0.0399703 
0.111314 0.104711 0.0886374 0.0878226 0.1377 0.0722441 0.504254 0.0677531 
0.131368 0.112442 0.0921411 0.0912544 0.108828 0.0920845 0.409566 0.065263 
0.166558 0.341844 0.0707942 0.102679 0.0650581 0.126369 0.146756 0.0448225 
0.0879173 0.574954 0.0700969 0.0922363 0.0868423 0.0951555 0.0939066 0.259487 
0.518675 0.529241 0.0947012 0.0815066 0.0974279 0.083416 0.0895982 0.107675 
0.667248 0.147328 0.380329 0.0614582 0.0868379 0.0817065 0.0925326 0.0807452 
0.621308 0.074248 0.575317 0.0540911 0.12308 0.0832376 0.0831609 0.0949574 
0.675387 0.0706069 0.666792 0.0667522 0.170882 0.0433908 0.0887766 0.0806762 
0.682382 0.0775039 0.648301 0.0444268 0.474314 0.0291437 0.117043 0.0745575 
0.519013 0.10286 0.492936 0.0745421 0.585661 0.0689887 0.161004 0.0895942 
0.188679 0.48189 0.176945 0.105434 0.312163 0.0868664 0.0851386 0.460568 
0.085406 0.666511 0.0826955 0.121931 0.104142 0.0962757 0.0843171 0.472348 
0.104523 0.633541 0.0740541 0.0957492 0.0854978 0.0873549 0.0905159 0.211062 
0.101216 0.457435 0.0843449 0.0909878 0.0795509 0.0898717 0.107338 0.122995 
0.120477 0.182547 0.0964142 0.0812273 0.0848783 0.0853601 0.0870337 0.109995 
0.0997981 0.0996218 0.0852776 0.0822155 0.0788697 0.0915773 0.127059 0.1101 
0.133152 0.0876794 0.0788781 0.0750612 0.0843338 0.0792903 0.0997623 0.133199 
0.129357 0.0741764 0.078311 0.0737104 0.0832212 0.0694725 0.501307 0.158355 
0.536734 0.0496132 0.0798801 0.0740832 0.0765439 0.0969645 0.0744512 0.561438 
0.673195 0.0566792 0.0819304 0.0738002 0.0797269 0.087809 0.085446 0.675084 
0.517251 0.0789145 0.0816248 0.0779902 0.123313 0.0357624 0.102869 0.41104 
0.27721 0.100825 0.0810617 0.0879463 0.0854 0.0791553 0.0966226 0.317099 
0.129622 0.101242 0.0835954 0.0849299 0.0883952 0.0896842 0.0981837 0.278868 
0.0768412 0.101477 0.0801133 0.0868683 0.132334 0.0871652 0.0708747 0.569546 
0.0761723 0.000142911 0.113489 0.209317 0.0609024 0.0495443 0.0761514 0.635128 
0.0756048 0.0845866 0.102453 0.0819343 0.490334 0.0775442 0.0690191 0.679837 
0.0688619 0.100268 0.0764055 0.510561 0.633997 0.0719957 0.0664409 0.68224 
0.0842163 0.081709 0.0767204 0.614618 0.488804 0.0818145 0.0748992 0.50888 
0.0988257 0.0843258 0.0801305 0.453213 0.233652 0.0964339 0.0937838 0.210887 
0.0971844 0.0843832 0.0972366 0.208816 0.121556 0.0965242 0.0789649 0.110353 
0.0867725 0.0843801 0.0871553 0.101461 0.131513 0.0936787 0.0803798 0.0965888 
0.0860422 0.0827891 0.0869289 0.0837495 0.133344 0.0811698 0.0774787 0.0885266 
0.081371 0.077301 0.0907429 0.0427885 0.521002 0.0910197 0.0637425 0.0825825 
0.0826076 0.0779927 0.0955117 0.0506721 0.667587 0.0639421 0.073544 0.0815989 
0.073621 0.0715225 0.084133 0.0845106 0.565533 0.0628975 0.0696634 0.0759481 
0.0784184 0.0777708 0.0834011 0.0832683 0.354023 0.100252 0.0268481 0.0823601 
