0 0 0 0 0 0 0 0 
0 0 0 0 0 0 0 0 
0 0 0 0 0 0 0 0 
0 0 0 0 0 0 0 0 
0 0 0 0 0 0 0 0 
0 0 0 0 0 0 0 0 
0 0 0 0 0 0 0 0 
0 0 0 0 0 0 0 0 
0 0 0 0 0 0 0 0 
0 0 0 0 0 0 0 0 
0 0 0 0 0 0 0 0 
0 0 0 0 0 0 0 0 
0 0 0 0 0 0 0 0 
0 0 0 0 0 0 0 0 
0 0 0 0 0 0 0 0 
0 0 0 0 0 0 0 0 
0 0 0 0 0 0 0 0 
0 0 0 0 0 0 0 0 
0 0 0 0 0 0 0 0 
0 0 0 0 0 0 0 0 
0 0 0 0 0 0 0 0 
0 0 0 0 0 0 0 0 
0 0 0 0 0 0 0 0 
0 0 0 0 0 0 0 0 
0 0 0 0 0 0 0 0 
0 0 0 0 0 0 0 0 
0 0 0 0 0 0 0 0 
0 0 0 0 0 0 0 0 
0 0 0 0 0 0 0 0 
0 0 0 0 0 0 0 0 
0 0 0 0 0 0 0 0 
0 0 0 0 0 0 0 0 
0 0 0 0 0 0 0 0 
0 0 0 0 0 0 0 0 
0 0 0 0 0 0 0 0 
0 0 0 0 0 0 0 0 
0 0 0 0 0 0 0 0 
0 0 0 0 0 0 0 0 
0 0 0 0 0 0 0 0 
0 0 0 0 0 0 0 0 
0 0 0 0 0 0 0 0 
0 0 0 0 0 0 0 0 
0 0 0 0 0 0 0 0 
0 0 0 0 0 0 0 0 
0 0 0 0 0 0 0 0 
0 0 0 0 0 0 0 0 
0 0 0 0 0 0 0 0 
0 0 0 0 0 0 0 0 
0 0 0 0 0 0 0 0 
0 0 0 0 0 0 0 0 
0 0 0 0 0 0 0 0 
0 0 0 0 0 0 0 0 
0 0 0 0 0 0 0 0 
0 0 0 0 0 0 0 0 
0 0 0 0 0 0 0 0 
0 0 0 0 0 0 0 0 
0 0 0 0 0 0 0 0 
0 0 0 0 0 0 0 0 
0 0 0 0 0 0 0 0 
0 0 0 0 0 0 0 0 
0 0 0 0 0 0 0 0 
0 0 0 0 0 0 0 0 
0 0 0 0 0 0 0 0 
0 0 0 0 0 0 0 0 
0 0 0 0 0 0 0 0 
0 0 0 0 0 0 0 0 
0 0 0 0 0 0 0 0 
0 0 0 0 0 0 0 0 
0 0 0 0 0 0 0 0 
0 0 0 0 0 0 0 0 
0 0 0 0 0 0 0 0 
0 0 0 0 0 0 0 0 
0 0 0 0 0 0 0 0 
0 0 0 0 0 0 0 0 
0 0 0 0 0 0 0 0 
0 0 0 0 0 0 0 0 
0 0 0 0 0 0 0 0 
0 0 0 0 0 0 0 0 
0 0 0 0 0 0 0 0 
0 0 0 0 0 0 0 0 
0 0 0 0 0 0 0 0 
0 0 0 0 0 0 0 0 
0 0 0 0 0 0 0 0 
0 0 0 0 0 0 0 0 
0 0 0 0 0 0 0 0 
0 0 0 0 0 0 0 0 
0 0 0 0 0 0 0 0 
0 0 0 0 0 0 0 0 
0.482062 0.00318512 0.000518783 0.000327066 0.002758 0.0375143 0.306368 0.704212 
0.360689 0.0477217 0.0084852 0.00489944 0.00871971 0.00825958 0.0784588 0.338351 
0.371923 0.353818 0.0850321 0.0682855 0.105262 0.0113269 0.0456769 0.332946 
0.788981 0.778418 0.341896 0.353718 0.0639105 0.00613426 0.0397249 0.197145 
0.677044 0.354083 0.0891809 0.0869073 0.0147637 0.0175266 0.00408368 0.0425741 
0.254089 0.0496878 0.0620477 0.266486 0.082528 0.00910206 0.00622884 0.0806461 
0.462661 0.03557 0.266663 0.667444 0.39739 0.0568907 0.00516746 0.0179651 
0.0893646 0.089739 0.279685 0.256415 0.081964 0.00948307 0.0133212 0.0853702 
0.0209046 0.381438 0.101867 0.0331147 0.00725604 0.00717949 0.0852386 0.419816 
0.130397 0.0639686 0.00961479 0.0022536 0.000610757 0.00342709 0.0283615 0.149633 
0.338906 0.00501718 0.000616154 0.000272995 0.00337211 0.0381247 0.162991 0.321421 
0.771325 0.0170746 0.00149174 0.00154511 0.0271794 0.22167 0.0701019 0.282601 
0.334634 0.170162 0.0155913 0.00089957 0.00337083 0.0275713 0.00735749 0.0396179 
0.043564 0.0300655 0.00160669 0.00123595 0.0089221 0.00740644 0.00444463 0.0600626 
0.00608592 0.000899769 0.00121835 0.0167744 0.114487 0.082018 0.0106743 0.00412161 
0.000339415 0.0004106 0.00844404 0.111147 0.531265 0.445638 0.0746761 0.00519971 
0.000229587 0.000118513 0.0025057 0.0341964 0.206873 0.0979287 0.0118311 0.000743194 
3.11049e-05 0.000480238 0.00957167 0.114371 0.493869 0.118756 0.0113644 0.000718227 
1.51678e-05 0.000354883 0.006316 0.0700369 0.317944 0.0732321 0.0267013 0.00390765 
7.75178e-05 0.00173965 0.0279528 0.247879 0.68812 0.274583 0.218416 0.0417943 
0.000393637 0.00203466 0.00608704 0.0616167 0.261332 0.237667 0.617742 0.197618 
0.00163905 0.0413688 0.0156928 0.0936417 0.0442518 0.0458183 0.198545 0.0403536 
0.000334902 0.00853605 0.0889902 0.433188 0.0907151 0.0106902 0.0210196 0.00357025 
3.28027e-05 0.00111407 0.0143953 0.0896316 0.0137971 0.001184 0.00125258 0.000199663 
0 0.00227629 0.0157692 0.0205668 0.00297339 0.000195096 5.9819e-05 0 
0 0.0273167 0.159918 0.152685 0.0253426 0 0 0 
0 0.150169 0.581853 0.577503 0.142738 0 0 0 
0 0.0339578 0.214896 0.380296 0.0238302 0 0 0 
0 0.0393813 0.303255 0.715085 0.292001 0 0 0 
0 0 0.0730422 0.294304 0.0721901 0 0 0 
0 0.00244589 0.00749546 0.0375472 0 0 0 0.063012 
0 0.0344744 0.00331872 0.00264779 0 0 0 0.041295 
0 0.266194 0 0.00123518 0 0 0.0566097 0 
0 0.053977 0 0 0.019443 0 0.363263 0.0772399 
0.0471816 0.00246797 0.00458005 0 0.177554 0 0.14119 0 
0.336878 0 0.0766883 0 0.199291 0 0.418964 0 
0.0489678 0.0603787 0.319382 0.155333 0.0363393 0 0.0907081 0 
0.00393256 0.172902 0.115149 0.254343 0.0567126 0 0.00748654 0.00262084 
0.0134307 0.341427 0.307552 0.668669 0.244756 0.0283134 0 0.0239945 
0.150542 0.0515767 0.0654534 0.260183 0.0584779 0.00618165 0 0.14719 
0.579068 0.00866364 0.0488746 0.22901 0.0485153 0.0070081 0 0.197856 
0.191805 0.0547436 0.211706 0.63019 0.209653 0.0400867 0.181239 0.594567 
0.216426 0.311545 0.08203 0.248228 0.0505591 0.0131839 0.0491202 0.257788 
0.340042 0.0409527 0.0731369 0.345885 0.0629938 0.103661 0.11475 0.482475 
0.766763 0.0567612 0.152825 0.0798172 0.0126466 0.049994 0.337437 0.757301 
0.479794 0.359996 0.561493 0.149773 0.0161724 0.0408249 0.333438 0.654787 
0.235113 0.75198 0.361219 0.057174 0.00928145 0.00575813 0.054835 0.18967 
0.0397394 0.314435 0.0802958 0.0392462 0.0883549 0.0089582 0.0148248 0.0679062 
0.0135672 0.0409224 0.0568873 0.252436 0.313173 0.0546788 0.0999824 0.354226 
0.0964814 0.0268638 0.224346 0.646174 0.254629 0.0784215 0.355383 0.743368 
0.351709 0.00451429 0.0483546 0.224457 0.051095 0.016216 0.118614 0.356424 
0.0969847 0.0003832 0.00443441 0.0248375 0.00499586 0.0208348 0.014929 0.105146 
0.0138452 2.16692e-05 0.000254731 0.00150396 0.000278623 0.000534743 0.00149581 0.0123084 
0.00165213 1.85886e-05 1.1526e-05 7.94984e-05 0.000594645 0.000614163 0.00992223 0.0925629 
0.0151173 0.00105377 3.74905e-05 0.000570173 0.0222879 0.00533438 0.068718 0.390279 
0.138304 0.0308064 0 0.00010283 0.00152741 0.00566794 0.0770863 0.411857 
0.0831129 0 0 0.00167369 0.0257436 0.00309406 0.0107807 0.0749523 
0.0605165 0 0.00146347 0.0206839 0.107474 0.0337611 0.0051233 0.00625446 
0.00238356 0 0 0.158017 0.481006 0.24735 0.0501455 0.0171628 
0 6.68025e-05 0 0.0209861 0.112306 0.0935165 0.236725 0.178669 
0 3.26281e-05 0.00105766 0.00363147 0.0475418 0.331012 0.674003 0.583007 
0.144195 0 0.0272019 0.00143715 0.00648647 0.0628495 0.245273 0.164846 
0.0263888 0.000104792 0.00188888 0.0149353 0.00434035 0.0075862 0.0384478 0.0353887 
0.00441757 0.00183291 0.0187774 0.0326816 0.0536719 0.0326535 0.14694 0.199425 
0.0261678 0.0327281 0.180988 0.278565 0.370556 0.208979 0.559944 0.629845 
0.20437 0.0456488 0.0909461 0.463319 0.76547 0.367542 0.187705 0.223018 
0.0403314 0.346653 0.0671283 0.16708 0.535294 0.14906 0.0551345 0.243123 
0.0153217 0.578524 0.137923 0.0313091 0.105304 0.0193252 0.00548025 0.0301027 
0.00180255 0.153572 0.0237297 0.00307432 0.00846333 0.0072601 0.000669485 0.00167993 
0.00010936 0.0136957 0.00184933 0.00046425 0.018265 0.0831306 0 0.000220718 
7.81114e-06 0.0027654 0.00019287 7.96828e-05 0.00190164 0.00537589 0 8.30639e-06 
2.90418e-07 0.0447912 0.00230634 0.00150968 0.0463116 0.00160422 0 5.83962e-06 
1.14949e-07 0.00270088 0.0065892 0 0.0014546 0 0 0.000429324 
5.56228e-06 0 0.0852675 0 0 0 0 0.0212307 
0 0.298793 0.434806 0 0 0 0 0.446108 
0 0.0441285 0.109379 0 0 0.292996 0 0.0960005 
0 0 0.00721131 0 0 0.0472526 0 0.00346163 
0 0 0.000209201 0 0 0 0 0 
0 0 0 0 0.443501 0 0 0 
0 0 0 0 0.0967582 0 0 0 
0 0 0 0 0.0968884 0 0 0 
0.00324875 0 0 0 0.00928094 0 0.429462 0 
0.0552913 0 0 0 0 0 0.0901715 0 
0.384275 0 0.0191118 0 0 0 0.00911116 0 
0.0540667 0 0.0512111 0 0 0 0.0344444 0.0358331 
0.00681149 0.151498 0.325935 0 0 0 0.28145 0.289252 
0 0.252733 0.0907514 0 0 0.259569 0.717358 0.713974 
0.293999 0.711974 0.218966 0 0 0 0.305094 0.343983 
0.0737189 0.355171 0.0568008 0 0 0 0.0356453 0.04508 
0.0590344 0.0401777 6.03427e-05 0.130796 0 0 0.00321388 0.0303579 
0.0305342 0.00211991 0.00192298 0.0373555 0 0 0.00463619 0.0501308 
0.251721 0.00031232 0.00556905 0.00157864 0 0 0.0312104 0.254352 
0.711907 0 0.0786058 0 0 0 0.0905239 0.404665 
0.565111 0 0.0144379 0 0 0 0.318672 0.736922 
0.465714 0 0.108169 0 0.00362717 0.0583211 0.0860542 0.331236 
0.145572 0 0.0111055 0 0.004742 0.00488805 0.0276739 0.220969 
0.400326 0 0.0331361 0 0.0694937 0 0.0749292 0.446774 
0.806178 0 0.266471 0.0472726 0.0100071 0.0167402 0.168783 0.599525 
0.432702 0.102648 0.706217 0.111318 0.0159422 0.00396464 0.0316493 0.169024 
0.0735526 0.0416494 0.389709 0.0536567 0.00559687 0.000814283 0.00617165 0.0165729 
0.00567979 0.0849395 0.630637 0.206483 0.0219179 0.00492793 0.0606313 0.0086667 
0.000861829 0.0242998 0.266357 0.10332 0.00841328 0.0136142 0.0304735 0.0629807 
0.0182727 0.00427799 0.0557058 0.23513 0.0310148 0.0246746 0.221227 0.363259 
0.0330627 0.000683561 0.00485413 0.0305364 0.00637146 0.00361279 0.0322167 0.0915662 
0.00670027 0.00926668 0.00248018 0.0169297 0.045381 0.0132558 0.0478502 0.265035 
0.0327938 0.115468 0.0252074 0.159509 0.350561 0.0970088 0.0918221 0.663715 
0.0769284 0.0316462 0.0589512 0.577029 0.744283 0.32614 0.0464299 0.262216 
0.0198699 0.190272 0.0549507 0.479668 0.380786 0.227852 0.0333163 0.0343568 
0.00215034 0.0203374 0.0080712 0.106612 0.190856 0.549466 0.0952858 0.0270356 
0.000866584 0.00472266 0.00140289 0.0101443 0.0414171 0.234604 0.485768 0.0393837 
0.00124169 0.0544392 0.0224794 0.00738248 0.0507442 0.0487612 0.112371 0.00681435 
0.000198793 0.379804 0.0670883 0.0538346 0.308004 0.056794 0.0134238 0.000690734 
0.000158807 0.801618 0.120073 0.031512 0.0649596 0.106616 0.0146365 0.000931088 
0.00567314 0.421504 0.581165 0.0516495 0.110581 0.461679 0.0583761 0.00843701 
0.126619 0.0707727 0.168758 0.018189 0.0247068 0.177415 0.412776 0.0563157 
0.503717 0.00433861 0.0334374 0.152167 0.0153847 0.1353 0.0920067 0.00985782 
0.120861 0.0161393 0.0356045 0.533509 0.0569836 0.521924 0.032232 0.00105655 
0.0050683 0.288754 0.0194483 0.152138 0.0269817 0.137608 0.00634478 0.000143796 
0.000109735 0.0143312 0.00134131 0.0201107 0.286097 0.215344 0.00962768 0.000203188 
4.36437e-06 0.000645933 0.0108513 0.0378845 0.676454 0.046522 0.00116835 1.82092e-05 
2.24481e-07 0.00769958 0.222451 0.0218533 0.40159 0.014895 0.000250871 2.77585e-06 
2.33269e-08 0.000533255 0.0256403 0.0239768 0.629467 0.0215569 0.000306351 2.77984e-06 
1.86407e-08 4.90964e-05 0.000535641 0.00965876 0.349145 0.00775384 8.02018e-05 5.4646e-07 
2.79826e-09 0.0112398 5.86667e-05 0.00119991 0.0453152 0.0010263 1.21697e-05 9.65589e-08 
5.72494e-10 3.90747e-05 4.84294e-07 2.40269e-05 0.000900023 2.15355e-05 9.17872e-05 1.31869e-06 
1.05859e-08 7.017e-08 3.76851e-09 2.4332e-07 9.12547e-06 8.30191e-05 0.00832988 9.15522e-05 
6.58852e-07 6.06019e-07 5.78067e-09 1.38339e-09 4.43267e-08 0 0.352698 0 
1.50233e-07 0.000106158 8.71443e-07 0 0 0 0.0137756 0.000132454 
4.37436e-05 0.0118417 2.95089e-06 2.57221e-07 0 0 0.000157934 0.000198179 
0.00855354 0.593323 0 2.03393e-09 0 0 0.000119835 0.0166 
0.771279 0.0737062 0.0162553 0 0 0 0 0.000444557 
0.297722 0 0.00898328 0 0 0 1.47388e-10 0 
0.0562647 0 0.37092 0 0 0 0 0.00134544 
0.236103 0 0.766623 0 0 0 0 0 
0.643278 0 0.39652 0 0.517513 0 0 0 
0.198935 0 0.0551829 0 0.144171 0 0 0 
0.000841022 0.0442525 4.8475e-05 1.1509e-08 0 0 0 0.365575 
0 0.464589 0 1.77194e-12 0 0 0 0.0340816 
0 0.298356 0 1.98597e-16 0 0 0 0.000696395 
0 0.0215298 0 0 0 0 9.07153e-09 3.44701e-06 
0 0 0 0 0 0 0 0 
0 0 0 0 0 0 0 0 
0 0 0 0 0 0 0 0 
0 0 0 0 0 0 0.310328 0 
0.58304 0 0 0 0 0 0 0.558013 
0.257273 0 0 0 0 0 0 0.154393 
0.0215714 0 0 0 0 0 0 0.00794275 
0 0 0 0 0 0 0 0.000330203 
0 0 0 0 0 0 0 0 
0 0 0 0 0 0 0 0.243927 
0 0 0 0 0 0 0 0.0712031 
0 0 0 0 0.671042 0 0 0.693995 
0 0 0 0.715695 0.451501 0 0 0.332537 
0 0 0 0.314114 0.0404585 0 0 0.0164883 
0 0 0 0.018297 0 0 0 0 
0 0 0 0 0 0 0 0 
0 0 0 0 0 0 0 0 
0 0 0 0 0 0 0 0 
0 0 0 0 0.594966 0 0 0 
0 0 0 0 0.38714 0 0 0 
0 0 0 0 0.590151 0 0 0 
0 0 0 0 0 0 0 0 
