0 0 0 0 0 0 0 0 
0 0 0 0 0 0 0 0 
0 0 0 0 0 0 0 0 
0 0 0 0 0 0 0 0 
0 0 0 0 0 0 0 0 
0 0 0 0 0 0 0 0 
0 0 0 0 0 0 0 0 
0 0 0 0 0 0 0 0 
0 0 0 0 0 0 0 0 
0 0 0 0 0 0 0 0 
0 0 0 0 0 0 0 0 
0 0 0 0 0 0 0 0 
0 0 0 0 0 0 0 0 
0 0 0 0 0 0 0 0 
0 0 0 0 0 0 0 0 
0 0 0 0 0 0 0 0 
0 0 0 0 0 0 0 0 
0 0 0 0 0 0 0 0 
0 0 0 0 0 0 0 0 
0 0 0 0 0 0 0 0 
0 0 0 0 0 0 0 0 
0 0 0 0 0 0 0 0 
0 0 0 0 0 0 0 0 
0 0 0 0 0 0 0 0 
0 0 0 0 0 0 0 0 
0 0 0 0 0 0 0 0 
0 0 0 0 0 0 0 0 
0 0 0 0 0 0 0 0 
0 0 0 0 0 0 0 0 
0 0 0 0 0 0 0 0 
0 0 0 0 0 0 0 0 
0 0 0 0 0 0 0 0 
0 0 0 0 0 0 0 0 
0 0 0 0 0 0 0 0 
0 0 0 0 0 0 0 0 
0 0 0 0 0 0 0 0 
0 0 0 0 0 0 0 0 
0 0 0 0 0 0 0 0 
0 0 0 0 0 0 0 0 
0 0 0 0 0 0 0 0 
0 0 0 0 0 0 0 0 
0 0 0 0 0 0 0 0 
0 0 0 0 0 0 0 0 
0 0 0 0 0 0 0 0 
0 0 0 0 0 0 0 0 
0 0 0 0 0 0 0 0 
0 0 0 0 0 0 0 0 
0 0 0 0 0 0 0 0 
0 0 0 0 0 0 0 0 
0 0 0 0 0 0 0 0 
0 0 0 0 0 0 0 0 
0 0 0 0 0 0 0 0 
0 0 0 0 0 0 0 0 
0 0 0 0 0 0 0 0 
0 0 0 0 0 0 0 0 
0 0 0 0 0 0 0 0 
0 0 0 0 0 0 0 0 
0 0 0 0 0 0 0 0 
0 0 0 0 0 0 0 0 
0 0 0 0 0 0 0 0 
0 0 0 0 0 0 0 0 
0 0 0 0 0 0 0 0 
0 0 0 0 0 0 0 0 
0 0 0 0 0 0 0 0 
0 0 0 0 0 0 0 0 
0 0 0 0 0 0 0 0 
0 0 0 0 0 0 0 0 
0 0 0 0 0 0 0 0 
0 0 0 0 0 0 0 0 
0 0 0 0 0 0 0 0 
0 0 0 0 0 0 0 0 
0 0 0 0 0 0 0 0 
0 0 0 0 0 0 0 0 
0 0 0 0 0 0 0 0 
0 0 0 0 0 0 0 0 
0 0 0 0 0 0 0 0 
0 0 0 0 0 0 0 0 
0 0 0 0 0 0 0 0 
0 0 0 0 0 0 0 0 
0 0 0 0 0 0 0 0 
0 0 0 0 0 0 0 0 
0 0 0 0 0 0 0 0 
0 0 0 0 0 0 0 0 
0 0 0 0 0 0 0 0 
0 0 0 0 0 0 0 0 
0 0 0 0 0 0 0 0 
0 0 0 0 0 0 0 0 
0 0 0 0 0 0 0 0 
0.930069 0.961042 0.948313 0.945268 0.956847 0.954284 0.954355 0.955641 
0.997624 0.997712 0.999412 0.993955 0.995779 0.998085 0.998507 0.999139 
0.99987 0.999722 0.999599 0.998997 0.998902 0.998225 0.999777 0.999818 
0.999952 0.999924 0.999821 0.999665 0.9991 0.997723 0.998723 0.99963 
0.999922 0.999822 0.99968 0.999543 0.998729 0.997706 0.997211 0.999143 
0.999817 0.999393 0.999584 0.999727 0.99928 0.997887 0.997034 0.999089 
0.99979 0.99926 0.999736 0.999916 0.999633 0.998716 0.997307 0.998764 
0.999551 0.999566 0.99974 0.999664 0.999126 0.998255 0.999884 0.999249 
0.999955 0.999712 0.999283 0.998796 0.996974 0.99789 0.999085 0.999686 
0.99964 0.998919 0.996726 0.995448 0.990747 0.995907 0.998864 0.999913 
0.999873 0.996329 0.988296 0.982795 0.993554 0.998297 0.999496 0.99985 
0.999995 0.997674 0.991775 0.989122 0.996713 0.999131 0.999891 1 
0.999776 0.999892 0.99579 0.989666 0.995034 0.998013 0.997971 0.998935 
0.998788 0.997517 0.993357 0.991884 0.996385 0.997417 0.997318 0.99787 
0.994521 0.989486 0.991727 0.997029 0.998996 0.999029 0.997637 0.994053 
0.977696 0.98248 0.994619 0.998896 0.999714 0.999636 0.998534 0.993269 
0.964146 0.961383 0.993432 0.998685 0.999673 0.999451 0.997739 0.990424 
0.947468 0.971403 0.995261 0.999161 0.999772 0.999541 0.999589 0.984717 
0.915823 0.978038 0.995396 0.999709 0.999801 0.999538 0.998539 0.992514 
0.960118 0.991724 0.997681 0.999541 0.999866 0.999965 0.999525 0.99762 
0.987482 0.992946 0.996997 0.999265 0.999726 0.999775 0.99987 0.998971 
0.995071 0.997675 0.998393 0.999387 0.999378 0.999186 0.9993 0.998318 
0.986239 0.996281 0.998832 0.999559 0.999026 0.997165 0.99635 0.987945 
0.930412 0.990263 0.99748 0.998936 0.996943 0.988222 0.983166 0.930204 
0 0.992932 0.997712 0.998231 0.992662 0.943636 0.950146 0.821127 
0 0.998152 0.99933 0.998794 0.979538 0 0.707644 0.435413 
0 0.999424 0.999788 0.999113 0.972515 0 0 0.116163 
0 0.999086 0.999719 0.999103 0.972338 0 0 0.357083 
0 0.99833 0.999577 0.999093 0.971991 0 0 0 
0 0.993567 0.998456 0.99749 0.946157 0 0 0 
0 0.993244 0.995114 0.971261 0 0 0 0.915206 
0 0.996653 0.967131 0.961073 0 0 0 0.914788 
0 0.973261 0 0.910857 0 0 0.917333 0 
0 0.971671 0 0.916862 0.93957 0 0.969096 0.945254 
0.971658 0.965518 0.939149 0 0.943635 0 0.945593 0 
0.972667 0 0.944503 0 0.944738 0 0.950815 0 
0.971991 0.972333 0.996945 0.973196 0.970807 0 0.943401 0 
0.970177 0.99901 0.99964 0.998405 0.972343 0 0.940686 0.966595 
0.996365 0.999746 0.999792 0.999146 0.97275 0 0 0.971232 
0.998683 0.999174 0.999517 0.999119 0.974133 0 0 0.972551 
0.99998 0.998077 0.999303 0.999005 0.972477 0 0 0.973417 
0.999189 0.999199 0.999904 0.999143 0.972659 0 0.946407 0.997866 
0.999916 0.999683 0.999666 0.999082 0.97307 0 0.972449 0.999107 
0.999905 0.999354 0.999574 0.999657 0.998055 0.973781 0.998368 0.999852 
0.99996 0.999503 0.999673 0.999483 0.998674 0.998604 0.999729 0.999937 
0.999931 0.999851 0.999844 0.999504 0.998485 0.998319 0.999632 0.999974 
0.999782 0.999931 0.999823 0.999279 0.996908 0.976436 0.997881 0.999548 
0.999201 0.999789 0.999622 0.998969 0.973589 0 0.973001 0.998682 
0.998815 0.999199 0.999526 0.999922 0.998446 0.973779 0.998233 0.999709 
0.99993 0.998169 0.999494 0.999825 0.999684 0.999348 0.999729 0.999893 
0.999797 0.993315 0.998585 0.999341 0.998939 0.998694 0.999392 0.999868 
0.999454 0.971104 0.992159 0.996562 0.995474 0.996381 0.997849 0.999051 
0.999792 0.907182 0.97488 0.985124 0.982854 0.986338 0.993531 0.997247 
0.994706 0.913344 0.958238 0.973327 0.982301 0.987551 0.996343 0.998782 
0.99779 0 0 0.960367 0.992468 0.995511 0.998727 0.999996 
0.999396 0 0 0.944454 0.990756 0.99578 0.998813 0.999615 
0.999422 0 0 0.930953 0.99425 0.996325 0.997761 0.998812 
0.997936 0 0 0 0.973788 0.99798 0.999963 0.995428 
0.969372 0 0 0.946141 0.997745 0.999509 0.998436 0.971915 
0 0 0 0.970524 0.998657 0.99964 0.999047 0.973236 
0 0 0 0.967884 0.997859 0.999617 0.999833 0.99866 
0.972435 0 0 0.964101 0.995975 0.998979 0.999645 0.9995 
0.997861 0 0 0.968881 0.995834 0.997937 0.999129 0.998964 
0.996814 0 0 0.972267 0.998242 0.999092 0.999596 0.999559 
0.99867 0 0.94639 0.997695 0.999981 0.999758 0.999858 0.99984 
0.999538 0 0.972611 0.999132 0.999898 0.999847 0.999762 0.999654 
0.998381 0.97286 0.998714 0.999863 0.999813 0.999559 0.999141 0.997957 
0.971088 0.999149 0.999418 0.998861 0.999104 0.998291 0.995933 0.970978 
0 0.999349 0.997855 0.995326 0.996989 0.996282 0.99078 0.962629 
0 0.99736 0.991811 0.985697 0.995748 0.996429 0.997237 0.958755 
0 0.994096 0.977358 0.937348 0.988779 0.966667 0.966649 0.914215 
0 0.995711 0.964379 0 0.943476 0 0.764702 0.84515 
0 0.970963 0.966381 0 0.935118 0 0 0.917926 
0 0 0.944728 0 0.893755 0 0 0.940499 
0 0.971942 0.971185 0 0.886504 0 0 0.94381 
0 0.971408 0.970554 0 0.960901 0.943769 0 0.942783 
0 0 0.940552 0 0.961616 0.942915 0 0.910673 
0 0 0.913156 0 0.939636 0 0 0 
0 0 0 0 0.943544 0 0 0 
0 0 0 0 0.943796 0 0 0 
0 0 0 0 0.942494 0 0 0 
0 0 0 0 0.913296 0 0.917186 0 
0.948142 0 0 0 0 0 0.942744 0 
0.972107 0 0.914121 0 0 0 0.942185 0 
0.972004 0 0.943173 0 0 0 0.970188 0.970811 
0.968468 0.972678 0.971185 0 0 0 0.972562 0.972694 
0 0.998487 0.972595 0 0 0.918808 0.996485 0.998449 
0.972772 0.999298 0.972775 0 0 0 0.973296 0.999072 
0.998962 0.999078 0.97852 0 0 0 0.971547 0.999123 
0.999284 0.998046 0.993904 0.944617 0 0 0.967493 0.997855 
0.999177 0.988103 0.964759 0.942724 0 0 0.940654 0.996812 
0.999937 0.904999 0 0 0 0 0 0.974049 
0.999285 0 0.916083 0 0 0 0.946315 0.999277 
0.999902 0 0.941406 0 0 0 0.972066 0.999174 
0.999908 0 0.943187 0 0 0 0.972502 0.99912 
0.999822 0 0.943371 0 0 0 0.972157 0.999058 
0.999892 0 0.942974 0 0.914762 0 0.972459 0.999145 
0.999931 0 0.945489 0 0.911606 0 0.972643 0.99913 
0.999829 0.972451 0.996419 0.946318 0 0 0.975238 0.99881 
0.999079 0.998595 0.998959 0.971808 0 0 0.970159 0.99856 
0.995802 0.99863 0.999135 0.972701 0 0 0.971379 0.996445 
0.991373 0.971665 0.997625 0.973241 0 0 0.971914 0.998119 
0.99701 0 0.973067 0.997048 0.945862 0 0.973143 0.998851 
0.99993 0.909404 0.991253 0.998023 0.995322 0.970058 0.997482 0.999225 
0.997689 0 0.969064 0.997527 0.998673 0.99761 0.999138 0.999569 
0.998782 0.972452 0.997315 0.999426 0.999685 0.999492 0.999565 0.999738 
0.999222 0.998515 0.999314 0.999922 0.999913 0.999786 0.999498 0.999447 
0.997798 0.999814 0.99934 0.999819 0.999999 0.999787 0.999252 0.997407 
0.969233 0.998362 0.998051 0.999693 0.999912 0.999911 0.998879 0.972384 
0 0.996879 0.996413 0.997915 0.999225 0.999688 0.998963 0.971783 
0 0.999034 0.998717 0.998011 0.999176 0.999361 0.998415 0.970169 
0 0.999776 0.999444 0.999164 0.999586 0.999281 0.997357 0.968118 
0 0.999936 0.999679 0.999273 0.999915 0.999425 0.997538 0.969147 
0 0.999854 0.999815 0.999404 0.999544 0.999744 0.999775 0.997007 
0.972626 0.999318 0.999532 0.999131 0.999117 0.999703 0.999911 0.998693 
0.999018 0.997673 0.999008 0.999442 0.999111 0.999553 0.998198 0.975698 
0.997374 0.998446 0.999083 0.999656 0.999478 0.998977 0.972584 0 
0.9443 0.9993 0.998801 0.999452 0.999423 0.998636 0.969931 0 
0 0.996858 0.996732 0.998825 0.999557 0.997389 0.943974 0 
0 0.964008 0.995999 0.99902 0.999032 0.972958 0 0 
0 0 0.972729 0.998504 0.998921 0.971783 0 0 
0 0 0.969911 0.997443 0.999312 0.971002 0 0 
0 0 0.93645 0.97018 0.995765 0.944524 0 0 
0 0 0 0 0.942808 0 0 0 
0 0 0 0 0.905705 0 0 0 
0 0 0 0 0 0 0 0 
0 0 0 0 0 0 0.916075 0 
0 0 0 0 0 0 0.914201 0 
0 0.945781 0 0 0 0 0 0 
0 0.971381 0 0 0 0 0 0.916654 
0.97143 0.946333 0 0 0 0 0 0 
0.977532 0 0.914727 0 0 0 0 0 
0.972748 0 0.943193 0 0 0 0 0 
0.972808 0 0.944293 0 0 0 0 0 
0.972225 0 0.943474 0 0.917185 0 0 0 
0.946591 0 0.91681 0 0.941418 0 0 0 
0 0.946121 0 0 0.907456 0 0 0.916992 
0 0.972182 0 0 0 0 0 0.940282 
0 0.97227 0 0 0 0 0 0.902476 
0 0.951594 0 0 0 0 0 0 
0 0 0 0 0 0 0 0 
0 0 0 0 0 0 0 0 
0 0 0 0 0 0 0 0 
0 0 0 0 0 0 0.888635 0 
0.947366 0 0 0 0 0 0 0.946467 
0.997004 0 0 0 0 0 0 0.971145 
0.996484 0 0 0 0 0 0 0.96535 
0.961043 0 0 0 0 0 0 0.92429 
0 0 0 0 0 0 0 0.937137 
0 0 0 0 0 0 0 0.943305 
0 0 0 0 0 0 0 0.943894 
0 0 0 0 0.919068 0 0 0.944241 
0 0 0 0.945752 0.969921 0 0 0.943242 
0 0 0 0.970225 0.969978 0 0 0.915872 
0 0 0 0.942408 0.93719 0 0 0.0598543 
0 0 0 0 0 0 0 0 
0 0 0 0 0 0 0 0 
0 0 0 0 0 0 0 0 
0 0 0 0 0.917429 0 0 0 
0 0 0 0 0.950863 0 0 0 
0 0 0 0 0.917428 0 0 0 
0 0 0 0 0 0 0 0 
