0 0 0 0 0 0 0 0 
0 0 0 0 0 0 0 0 
0 0 0 0 0 0 0 0 
0 0 0 0 0 0 0 0 
0 0 0 0 0 0 0 0 
0 0 0 0 0 0 0 0 
0 0 0 0 0 0 0 0 
0 0 0 0 0 0 0 0 
0 0 0 0 0 0 0 0 
0 0 0 0 0 0 0 0 
0 0 0 0 0 0 0 0 
0 0 0 0 0 0 0 0 
0 0 0 0 0 0 0 0 
0 0 0 0 0 0 0 0 
0 0 0 0 0 0 0 0 
0 0 0 0 0 0 0 0 
0 0 0 0 0 0 0 0 
0 0 0 0 0 0 0 0 
0 0 0 0 0 0 0 0 
0 0 0 0 0 0 0 0 
0 0 0 0 0 0 0 0 
0 0 0 0 0 0 0 0 
0 0 0 0 0 0 0 0 
0 0 0 0 0 0 0 0 
0 0 0 0 0 0 0 0 
0 0 0 0 0 0 0 0 
0 0 0 0 0 0 0 0 
0 0 0 0 0 0 0 0 
0 0 0 0 0 0 0 0 
0 0 0 0 0 0 0 0 
0 0 0 0 0 0 0 0 
0 0 0 0 0 0 0 0 
0 0 0 0 0 0 0 0 
0 0 0 0 0 0 0 0 
0 0 0 0 0 0 0 0 
0 0 0 0 0 0 0 0 
0 0 0 0 0 0 0 0 
0 0 0 0 0 0 0 0 
0 0 0 0 0 0 0 0 
0 0 0 0 0 0 0 0 
0 0 0 0 0 0 0 0 
0 0 0 0 0 0 0 0 
0 0 0 0 0 0 0 0 
0 0 0 0 0 0 0 0 
0 0 0 0 0 0 0 0 
0 0 0 0 0 0 0 0 
0 0 0 0 0 0 0 0 
0 0 0 0 0 0 0 0 
0 0 0 0 0 0 0 0 
0 0 0 0 0 0 0 0 
0 0 0 0 0 0 0 0 
0 0 0 0 0 0 0 0 
0 0 0 0 0 0 0 0 
0 0 0 0 0 0 0 0 
0 0 0 0 0 0 0 0 
0 0 0 0 0 0 0 0 
0 0 0 0 0 0 0 0 
0 0 0 0 0 0 0 0 
0 0 0 0 0 0 0 0 
0 0 0 0 0 0 0 0 
0 0 0 0 0 0 0 0 
0 0 0 0 0 0 0 0 
0 0 0 0 0 0 0 0 
0 0 0 0 0 0 0 0 
0 0 0 0 0 0 0 0 
0 0 0 0 0 0 0 0 
0 0 0 0 0 0 0 0 
0 0 0 0 0 0 0 0 
0 0 0 0 0 0 0 0 
0 0 0 0 0 0 0 0 
0 0 0 0 0 0 0 0 
0 0 0 0 0 0 0 0 
0 0 0 0 0 0 0 0 
0 0 0 0 0 0 0 0 
0 0 0 0 0 0 0 0 
0 0 0 0 0 0 0 0 
0 0 0 0 0 0 0 0 
0 0 0 0 0 0 0 0 
0 0 0 0 0 0 0 0 
0 0 0 0 0 0 0 0 
0 0 0 0 0 0 0 0 
0 0 0 0 0 0 0 0 
0 0 0 0 0 0 0 0 
0 0 0 0 0 0 0 0 
0 0 0 0 0 0 0 0 
0 0 0 0 0 0 0 0 
0 0 0 0 0 0 0 0 
0 0 0 0 0 0 0 0 
0.94279 0.902046 0.802036 0.768045 0.889032 0.950839 0.968079 0.971795 
0.997324 0.986835 0.96531 0.951215 0.964854 0.977625 0.993329 0.999343 
0.999238 0.997874 0.997916 0.991595 0.99056 0.979425 0.991459 0.998163 
0.999599 0.999398 0.998312 0.997222 0.991467 0.973752 0.986939 0.996699 
0.999352 0.998331 0.996498 0.995365 0.985819 0.975465 0.967852 0.991508 
0.998309 0.993273 0.99535 0.997478 0.993202 0.97675 0.966523 0.991601 
0.998257 0.991746 0.997499 0.999734 0.997108 0.987905 0.968595 0.986787 
0.995319 0.995446 0.997691 0.997047 0.992175 0.980207 0.980532 0.99221 
0.988549 0.997639 0.993737 0.990768 0.969517 0.968314 0.99105 0.997293 
0.996109 0.990573 0.970323 0.930528 0.895945 0.956106 0.988688 0.997113 
0.998758 0.962109 0.877664 0.820623 0.939269 0.985675 0.995464 0.998586 
0.99946 0.978009 0.915214 0.891709 0.97304 0.993289 0.993824 0.997334 
0.998122 0.992413 0.963578 0.889899 0.948299 0.980937 0.976861 0.989548 
0.989166 0.979945 0.930132 0.912756 0.96414 0.971836 0.970449 0.982133 
0.952022 0.895865 0.911768 0.974025 0.991968 0.991419 0.975924 0.945237 
0.799906 0.846399 0.95278 0.992005 0.997955 0.997276 0.988235 0.947828 
0.714431 0.684443 0.931657 0.988215 0.997175 0.994942 0.977903 0.92735 
0.630532 0.761002 0.96555 0.992871 0.998172 0.995487 0.983254 0.875444 
0.483054 0.800745 0.959418 0.992892 0.998012 0.995252 0.986644 0.942066 
0.695304 0.925492 0.980376 0.996096 0.998902 0.998159 0.996233 0.982736 
0.890119 0.926026 0.968131 0.99318 0.997502 0.997825 0.999904 0.992094 
0.943805 0.979882 0.983199 0.994087 0.993344 0.991973 0.994436 0.981233 
0.886041 0.964554 0.990117 0.99664 0.991639 0.973666 0.972137 0.921755 
0.653422 0.898477 0.976571 0.99099 0.973177 0.895149 0.867108 0.667958 
0 0.927034 0.977845 0.983624 0.944986 0.71555 0.718401 0.325264 
0 0.983289 0.994584 0.994354 0.958486 0 0.219212 0.0568814 
0 0.994924 0.998486 0.997913 0.968272 0 0 0.00751478 
0 0.990405 0.99759 0.997655 0.966122 0 0 0.0655652 
0 0.985282 0.996944 0.998184 0.969747 0 0 0 
0 0.931696 0.988262 0.994339 0.941398 0 0 0 
0 0.928542 0.963556 0.95557 0 0 0 0.904287 
0 0.981608 0.909096 0.88133 0 0 0 0.90018 
0 0.970984 0 0.683869 0 0 0.910192 0 
0 0.962126 0 0.727928 0.911302 0 0.966695 0.939553 
0.966218 0.904985 0.888084 0 0.938759 0 0.949719 0 
0.970414 0 0.934981 0 0.941355 0 0.942425 0 
0.963513 0.966333 0.994336 0.970132 0.963407 0 0.935539 0 
0.934329 0.996526 0.997315 0.996402 0.966833 0 0.902811 0.912599 
0.975534 0.997904 0.998212 0.998206 0.970258 0 0 0.957015 
0.994287 0.991589 0.994995 0.996995 0.967311 0 0 0.969122 
0.998065 0.977974 0.992812 0.996598 0.966796 0 0 0.971537 
0.997754 0.991935 0.996887 0.997994 0.969922 0 0.94388 0.996869 
0.999975 0.997208 0.996407 0.997047 0.967443 0 0.967331 0.997624 
0.999087 0.992704 0.995336 0.997304 0.991997 0.968931 0.995444 0.999047 
0.99965 0.994525 0.9967 0.994743 0.984987 0.991648 0.99798 0.999485 
0.999336 0.998601 0.998695 0.995378 0.983534 0.988268 0.997266 0.999202 
0.997977 0.999439 0.998547 0.992939 0.97732 0.943703 0.989854 0.996238 
0.991326 0.998048 0.995909 0.995394 0.967225 0 0.95962 0.992571 
0.98632 0.991656 0.994725 0.999616 0.996256 0.968228 0.993962 0.997662 
0.995049 0.982974 0.995726 0.998631 0.997388 0.994122 0.997803 0.999114 
0.998044 0.942329 0.99162 0.995023 0.990391 0.98611 0.994472 0.999853 
0.994346 0.772554 0.937392 0.973502 0.95811 0.967645 0.97943 0.991543 
0.976492 0.454326 0.798005 0.866841 0.830798 0.860789 0.931587 0.973437 
0.940678 0.595774 0.870927 0.762621 0.832782 0.873516 0.967017 0.98993 
0.977872 0 0 0.782407 0.947394 0.958289 0.989585 0.997114 
0.99464 0 0 0.731314 0.91968 0.956771 0.989837 0.997047 
0.99452 0 0 0.815567 0.96829 0.959777 0.976044 0.989933 
0.987021 0 0 0 0.971815 0.986057 0.969168 0.963109 
0.906156 0 0 0.942078 0.995894 0.996412 0.991039 0.955794 
0 0 0 0.95555 0.993987 0.996667 0.996819 0.969859 
0 0 0 0.921985 0.98684 0.997058 0.999012 0.999775 
0.968215 0 0 0.881085 0.965952 0.990861 0.996945 0.995843 
0.984844 0 0 0.93426 0.960703 0.976833 0.990953 0.989607 
0.964223 0 0 0.960899 0.989111 0.990605 0.996197 0.996111 
0.986602 0 0.943695 0.9955 0.998032 0.997722 0.998802 0.99876 
0.996205 0 0.969035 0.997928 0.999324 0.998624 0.997744 0.99733 
0.989959 0.971896 0.995019 0.999824 0.998493 0.996042 0.992393 0.993138 
0.953603 0.9981 0.995047 0.988998 0.992236 0.983193 0.964236 0.951794 
0 0.994846 0.981204 0.952525 0.969105 0.962684 0.89302 0.873465 
0 0.974986 0.923517 0.868368 0.964635 0.977839 0.907211 0.864391 
0 0.942642 0.794527 0.666674 0.922889 0.911664 0.790164 0.582417 
0 0.974788 0.888962 0 0.930872 0 0.263227 0.366867 
0 0.896142 0.922392 0 0.880566 0 0 0.764071 
0 0 0.936628 0 0.602989 0 0 0.918737 
0 0.96984 0.969182 0 0.562493 0 0 0.940631 
0 0.963744 0.963957 0 0.901663 0.937118 0 0.93881 
0 0 0.907267 0 0.879144 0.928089 0 0.857281 
0 0 0.880426 0 0.894831 0 0 0 
0 0 0 0 0.938749 0 0 0 
0 0 0 0 0.939037 0 0 0 
0 0 0 0 0.934123 0 0 0 
0 0 0 0 0.88015 0 0.915553 0 
0.940736 0 0 0 0 0 0.935675 0 
0.970022 0 0.887377 0 0 0 0.915283 0 
0.964336 0 0.933341 0 0 0 0.958744 0.959014 
0.933628 0.970119 0.968709 0 0 0 0.970394 0.971339 
0 0.997117 0.969529 0 0 0.91726 0.995784 0.997787 
0.971076 0.998512 0.970303 0 0 0 0.971221 0.997124 
0.995979 0.996829 0.964842 0 0 0 0.959494 0.999922 
0.992337 0.985136 0.959851 0.935941 0 0 0.922278 0.985545 
0.990712 0.910303 0.891129 0.924698 0 0 0.888442 0.987701 
0.997544 0.624364 0 0 0 0 0 0.972139 
0.998758 0 0.906119 0 0 0 0.942674 0.996853 
0.999486 0 0.921348 0 0 0 0.970381 0.99857 
0.99922 0 0.933899 0 0 0 0.968336 0.997692 
0.998037 0 0.916412 0 0 0 0.963915 0.997062 
0.999087 0 0.929781 0 0.902109 0 0.967725 0.998031 
0.999569 0 0.942779 0 0.872038 0 0.969168 0.998025 
0.998681 0.967887 0.995119 0.943487 0 0 0.960837 0.993862 
0.991969 0.991893 0.997169 0.967166 0 0 0.940826 0.976401 
0.957426 0.992968 0.998976 0.970386 0 0 0.958731 0.970327 
0.90748 0.959477 0.995035 0.970043 0 0 0.962137 0.988812 
0.971613 0 0.964586 0.996534 0.933057 0 0.969449 0.995508 
0.984975 0.68175 0.947271 0.983367 0.968158 0.92791 0.986975 0.993344 
0.974013 0 0.918847 0.981148 0.987912 0.980784 0.991625 0.996352 
0.987527 0.967982 0.985393 0.995375 0.997431 0.995256 0.995562 0.997968 
0.992684 0.990338 0.993357 0.999043 0.999287 0.998027 0.994471 0.995676 
0.984564 0.995187 0.993154 0.998271 0.998955 0.997897 0.992125 0.986256 
0.934943 0.982663 0.978158 0.999235 0.999675 0.999766 0.995017 0.960313 
0 0.964681 0.958223 0.976779 0.991849 0.997257 0.996879 0.961516 
0 0.990794 0.988078 0.976607 0.991634 0.99339 0.991645 0.944353 
0 0.99809 0.994289 0.991402 0.996238 0.993003 0.979217 0.922335 
0 0.999624 0.996731 0.991426 0.994571 0.994533 0.980498 0.926413 
0 0.998737 0.998613 0.99353 0.995201 0.997635 0.992716 0.980703 
0.96944 0.993571 0.995627 0.989914 0.989783 0.997229 0.997206 0.992298 
0.997363 0.973664 0.989648 0.994728 0.989528 0.996061 0.992898 0.959076 
0.991634 0.983411 0.990475 0.997179 0.994636 0.99652 0.963262 0 
0.914404 0.99455 0.987727 0.994946 0.993757 0.993891 0.946999 0 
0 0.97706 0.961929 0.98786 0.996713 0.993113 0.919848 0 
0 0.88525 0.973353 0.991045 0.997081 0.966898 0 0 
0 0 0.966724 0.990924 0.996282 0.960185 0 0 
0 0 0.952234 0.987173 0.99601 0.959322 0 0 
0 0 0.854069 0.94876 0.9906 0.925298 0 0 
0 0 0 0 0.928414 0 0 0 
0 0 0 0 0.817486 0 0 0 
0 0 0 0 0 0 0 0 
0 0 0 0 0 0 0.912745 0 
0 0 0 0 0 0 0.8943 0 
0 0.936611 0 0 0 0 0 0 
0 0.969877 0 0 0 0 0 0.903268 
0.969906 0.942592 0 0 0 0 0 0 
0.976143 0 0.892527 0 0 0 0 0 
0.968819 0 0.9403 0 0 0 0 0 
0.971297 0 0.943753 0 0 0 0 0 
0.971652 0 0.941932 0 0.915957 0 0 0 
0.945111 0 0.911574 0 0.933429 0 0 0 
0 0.940018 0 0 0.831336 0 0 0.914778 
0 0.971603 0 0 0 0 0 0.924746 
0 0.972058 0 0 0 0 0 0.793598 
0 0.934651 0 0 0 0 0 0 
0 0 0 0 0 0 0 0 
0 0 0 0 0 0 0 0 
0 0 0 0 0 0 0 0 
0 0 0 0 0 0 0.886937 0 
0.946854 0 0 0 0 0 0 0.94529 
0.994798 0 0 0 0 0 0 0.964749 
0.980262 0 0 0 0 0 0 0.922768 
0.858722 0 0 0 0 0 0 0.764065 
0 0 0 0 0 0 0 0.88399 
0 0 0 0 0 0 0 0.937312 
0 0 0 0 0 0 0 0.939381 
0 0 0 0 0.926458 0 0 0.943192 
0 0 0 0.945154 0.968599 0 0 0.940465 
0 0 0 0.966831 0.960333 0 0 0.897145 
0 0 0 0.921553 0.86717 0 0 0 
0 0 0 0 0 0 0 0 
0 0 0 0 0 0 0 0 
0 0 0 0 0 0 0 0 
0 0 0 0 0.916951 0 0 0 
0 0 0 0 0.943567 0 0 0 
0 0 0 0 0.916941 0 0 0 
0 0 0 0 0 0 0 0 
