0 0 0 0 0 0 0 0 
0 0 0 0 0 0 0 0 
0 0 0 0 0 0 0 0 
0 0 0 0 0 0 0 0 
0 0 0 0 0 0 0 0 
0 0 0 0 0 0 0 0 
0 0 0 0 0 0 0 0 
0 0 0 0 0 0 0 0 
0 0 0 0 0 0 0 0 
0 0 0 0 0 0 0 0 
0 0 0 0 0 0 0 0 
0 0 0 0 0 0 0 0 
0 0 0 0 0 0 0 0 
0 0 0 0 0 0 0 0 
0 0 0 0 0 0 0 0 
0 0 0 0 0 0 0 0 
0 0 0 0 0 0 0 0 
0 0 0 0 0 0 0 0 
0 0 0 0 0 0 0 0 
0 0 0 0 0 0 0 0 
0 0 0 0 0 0 0 0 
0 0 0 0 0 0 0 0 
0 0 0 0 0 0 0 0 
0 0 0 0 0 0 0 0 
0 0 0 0 0 0 0 0 
0 0 0 0 0 0 0 0 
0 0 0 0 0 0 0 0 
0 0 0 0 0 0 0 0 
0 0 0 0 0 0 0 0 
0 0 0 0 0 0 0 0 
0 0 0 0 0 0 0 0 
0 0 0 0 0 0 0 0 
0 0 0 0 0 0 0 0 
0 0 0 0 0 0 0 0 
0 0 0 0 0 0 0 0 
0 0 0 0 0 0 0 0 
0 0 0 0 0 0 0 0 
0 0 0 0 0 0 0 0 
0 0 0 0 0 0 0 0 
0 0 0 0 0 0 0 0 
0 0 0 0 0 0 0 0 
0 0 0 0 0 0 0 0 
0 0 0 0 0 0 0 0 
0 0 0 0 0 0 0 0 
0 0 0 0 0 0 0 0 
0 0 0 0 0 0 0 0 
0 0 0 0 0 0 0 0 
0 0 0 0 0 0 0 0 
0 0 0 0 0 0 0 0 
0 0 0 0 0 0 0 0 
0 0 0 0 0 0 0 0 
0 0 0 0 0 0 0 0 
0 0 0 0 0 0 0 0 
0 0 0 0 0 0 0 0 
0 0 0 0 0 0 0 0 
0 0 0 0 0 0 0 0 
0 0 0 0 0 0 0 0 
0 0 0 0 0 0 0 0 
0 0 0 0 0 0 0 0 
0 0 0 0 0 0 0 0 
0 0 0 0 0 0 0 0 
0 0 0 0 0 0 0 0 
0 0 0 0 0 0 0 0 
0 0 0 0 0 0 0 0 
0 0 0 0 0 0 0 0 
0 0 0 0 0 0 0 0 
0 0 0 0 0 0 0 0 
0 0 0 0 0 0 0 0 
0 0 0 0 0 0 0 0 
0 0 0 0 0 0 0 0 
0 0 0 0 0 0 0 0 
0 0 0 0 0 0 0 0 
0 0 0 0 0 0 0 0 
0 0 0 0 0 0 0 0 
0 0 0 0 0 0 0 0 
0 0 0 0 0 0 0 0 
0 0 0 0 0 0 0 0 
0 0 0 0 0 0 0 0 
0 0 0 0 0 0 0 0 
0 0 0 0 0 0 0 0 
0 0 0 0 0 0 0 0 
0 0 0 0 0 0 0 0 
0 0 0 0 0 0 0 0 
0 0 0 0 0 0 0 0 
0 0 0 0 0 0 0 0 
0 0 0 0 0 0 0 0 
0 0 0 0 0 0 0 0 
0 0 0 0 0 0 0 0 
0.947289 0.321328 0.125654 0.0953382 0.293771 0.719519 0.924226 0.960505 
0.976407 0.804974 0.54224 0.428306 0.504013 0.570173 0.880761 0.969601 
0.979581 0.963761 0.885022 0.852445 0.850034 0.607982 0.816782 0.964819 
0.992736 0.990477 0.965279 0.953907 0.84096 0.527905 0.760431 0.938154 
0.988542 0.967109 0.905913 0.894054 0.690571 0.550392 0.47344 0.824785 
0.963298 0.833587 0.875314 0.949803 0.871482 0.579683 0.475835 0.852854 
0.971033 0.789736 0.950283 0.982845 0.958227 0.799261 0.479306 0.722109 
0.885587 0.889377 0.954114 0.948435 0.86547 0.587465 0.629137 0.853242 
0.730177 0.961279 0.888477 0.757724 0.54977 0.497643 0.854204 0.957082 
0.913459 0.840176 0.566293 0.296969 0.182716 0.416684 0.773098 0.93433 
0.971643 0.454594 0.16784 0.101505 0.37058 0.784856 0.914838 0.972591 
0.990507 0.644733 0.253039 0.214464 0.666807 0.909304 0.873776 0.950951 
0.965948 0.901089 0.573356 0.187102 0.374569 0.689295 0.564939 0.787908 
0.799085 0.735566 0.295591 0.235221 0.50757 0.526888 0.514647 0.752131 
0.447722 0.217353 0.232404 0.64408 0.881241 0.856243 0.589625 0.386552 
0.108755 0.171238 0.473075 0.87281 0.971229 0.961998 0.827248 0.454402 
0.0729977 0.0548207 0.33329 0.790465 0.94421 0.896438 0.61795 0.361077 
0.0501153 0.0969101 0.504337 0.886466 0.970311 0.899734 0.601948 0.185194 
0.019888 0.10886 0.486072 0.86879 0.961852 0.884112 0.732781 0.403934 
0.0622631 0.339434 0.693369 0.937733 0.983041 0.960019 0.938601 0.780377 
0.232111 0.284629 0.499791 0.855286 0.950188 0.953532 0.977043 0.912142 
0.416598 0.70889 0.66798 0.876647 0.832955 0.824897 0.91999 0.77201 
0.225953 0.520078 0.846613 0.953807 0.858398 0.586511 0.642885 0.353318 
0.0540036 0.21463 0.629976 0.851952 0.608844 0.218087 0.195148 0.0596147 
0 0.297374 0.632122 0.702952 0.390708 0.0672071 0.0991604 0.0104802 
0 0.723637 0.912922 0.912511 0.705953 0 0.00678401 0.000636131 
0 0.906333 0.977312 0.978024 0.883615 0 0 1.66643e-05 
0 0.78292 0.950316 0.968583 0.798815 0 0 3.48752e-07 
0 0.753712 0.954398 0.984204 0.925748 0 0 0 
0 0.302788 0.845249 0.944466 0.825928 0 0 0 
0 0.292547 0.50314 0.718492 0 0 0 0.716322 
0 0.752526 0.315925 0.267388 0 0 0 0.65594 
0 0.920109 0 0.081858 0 0 0.764297 0 
0 0.799783 0 0.100269 0.581068 0 0.925304 0.811278 
0.79396 0.310118 0.35835 0 0.862005 0 0.876179 0 
0.93075 0 0.789652 0 0.875195 0 0.912365 0 
0.797383 0.820317 0.946313 0.899344 0.778542 0 0.810934 0 
0.402057 0.934463 0.92872 0.950537 0.827478 0 0.423005 0.317172 
0.607233 0.961322 0.96196 0.981785 0.919846 0 0 0.701395 
0.917019 0.821437 0.873753 0.952418 0.833876 0 0 0.89649 
0.978811 0.580257 0.839207 0.944318 0.821356 0 0 0.922563 
0.952201 0.830605 0.938455 0.978449 0.911527 0 0.887666 0.977051 
0.960425 0.950894 0.902624 0.95103 0.821659 0 0.827454 0.960575 
0.974947 0.81621 0.87917 0.952213 0.846914 0.855634 0.917444 0.980802 
0.99325 0.861912 0.923737 0.880633 0.663552 0.826311 0.962733 0.990856 
0.983816 0.970627 0.977527 0.911862 0.661578 0.783771 0.956451 0.991611 
0.959387 0.990149 0.968879 0.844155 0.589688 0.484159 0.829385 0.928305 
0.800392 0.962072 0.891673 0.824481 0.837 0 0.661443 0.854914 
0.699009 0.810188 0.862084 0.948796 0.952471 0.825142 0.895581 0.959229 
0.890266 0.704651 0.930506 0.979495 0.950745 0.878777 0.961056 0.986597 
0.962947 0.396461 0.800642 0.927974 0.82202 0.701528 0.898352 0.960679 
0.887784 0.0994473 0.392949 0.673224 0.462571 0.569043 0.654007 0.860486 
0.616117 0.0170721 0.106787 0.191912 0.123966 0.152166 0.29095 0.601346 
0.297871 0.0543136 0.296366 0.0783934 0.13617 0.167036 0.55843 0.848337 
0.634105 0 0 0.122966 0.517674 0.47352 0.83881 0.958129 
0.901052 0 0 0.0808043 0.279762 0.432855 0.841693 0.957428 
0.87555 0 0 0.18887 0.628266 0.417109 0.583935 0.837726 
0.80314 0 0 0 0.85797 0.755533 0.48692 0.473479 
0.311589 0 0 0.866013 0.964579 0.938214 0.820071 0.647267 
0 0 0 0.67862 0.8948 0.912969 0.947446 0.905745 
0 0 0 0.37768 0.798674 0.953192 0.987755 0.976148 
0.882842 0 0 0.221549 0.51206 0.840052 0.944486 0.923263 
0.724658 0 0 0.488274 0.430437 0.566466 0.801983 0.788557 
0.45505 0 0 0.738402 0.812441 0.790804 0.921727 0.930311 
0.741535 0 0.881455 0.953015 0.9667 0.950516 0.978788 0.980524 
0.926739 0 0.873353 0.973559 0.98955 0.970718 0.947081 0.947619 
0.796823 0.946075 0.885902 0.934335 0.979246 0.92284 0.848615 0.92126 
0.628708 0.979716 0.906347 0.78349 0.874929 0.691194 0.487313 0.678856 
0 0.918423 0.715252 0.399202 0.522835 0.484119 0.190667 0.227568 
0 0.608294 0.274682 0.165435 0.564933 0.774788 0.261852 0.263187 
0 0.348965 0.0905402 0.0498147 0.312959 0.374053 0.117392 0.0394691 
0 0.71418 0.27415 0 0.6548 0 0.0071854 0.0132168 
0 0.28277 0.417453 0 0.378897 0 0 0.141942 
0 0 0.811087 0 0.0519723 0 0 0.645689 
0 0.928739 0.937955 0 0.0389483 0 0 0.903148 
0 0.783324 0.853007 0 0.376805 0.878476 0 0.813798 
0 0 0.459497 0 0.221713 0.724759 0 0.342332 
0 0 0.473046 0 0.400889 0 0 0 
0 0 0 0 0.898283 0 0 0 
0 0 0 0 0.83632 0 0 0 
0 0 0 0 0.798834 0 0 0 
0 0 0 0 0.433043 0 0.889387 0 
0.803889 0 0 0 0 0 0.812175 0 
0.935892 0 0.51748 0 0 0 0.501587 0 
0.812403 0 0.752117 0 0 0 0.733716 0.735869 
0.450912 0.902533 0.923997 0 0 0 0.929548 0.930514 
0 0.960584 0.884462 0 0 0.881068 0.983864 0.985769 
0.932099 0.986703 0.918442 0 0 0 0.934791 0.959423 
0.874666 0.962103 0.815327 0 0 0 0.740261 0.81261 
0.819912 0.784101 0.437269 0.815547 0 0 0.368043 0.707435 
0.775847 0.279994 0.255279 0.66771 0 0 0.344864 0.822789 
0.950769 0.0514429 0 0 0 0 0 0.931841 
0.988594 0 0.741152 0 0 0 0.849965 0.973613 
0.989007 0 0.578163 0 0 0 0.935144 0.987612 
0.981233 0 0.794819 0 0 0 0.864812 0.964614 
0.941933 0 0.522725 0 0 0 0.75685 0.950777 
0.9781 0 0.692115 0 0.716689 0 0.851066 0.975393 
0.992749 0 0.896747 0 0.421216 0 0.899076 0.979637 
0.976209 0.863142 0.975053 0.858385 0 0 0.740107 0.912155 
0.858753 0.820056 0.963797 0.840223 0 0 0.47614 0.620044 
0.437079 0.866094 0.976211 0.915851 0 0 0.749706 0.542053 
0.225539 0.704986 0.940161 0.884638 0 0 0.743432 0.818077 
0.586761 0 0.807994 0.917328 0.679796 0 0.90427 0.946865 
0.733926 0.0874064 0.431526 0.713322 0.504836 0.376785 0.77477 0.878459 
0.546096 0 0.333063 0.66912 0.781315 0.643197 0.816016 0.940265 
0.75151 0.868823 0.745344 0.919879 0.958473 0.899985 0.894005 0.972755 
0.853463 0.781277 0.848753 0.976992 0.988324 0.960738 0.854945 0.933596 
0.696154 0.917704 0.851471 0.970873 0.975922 0.953131 0.802101 0.75817 
0.460639 0.674814 0.592286 0.883476 0.941724 0.97459 0.907959 0.69762 
0 0.457138 0.403567 0.583397 0.816946 0.945869 0.960209 0.759747 
0 0.825821 0.660637 0.554964 0.813805 0.836906 0.874649 0.527852 
0 0.966778 0.860925 0.81921 0.938875 0.848987 0.632024 0.374919 
0 0.988887 0.922556 0.782604 0.867313 0.891155 0.649785 0.389364 
0 0.975188 0.971668 0.844307 0.894034 0.963104 0.854464 0.643943 
0.8906 0.85753 0.915923 0.749966 0.752816 0.935534 0.955799 0.854483 
0.970553 0.538219 0.77817 0.902369 0.738073 0.915522 0.878051 0.649825 
0.896719 0.675601 0.79267 0.960485 0.870758 0.959521 0.765458 0 
0.458224 0.930065 0.753074 0.904805 0.82145 0.905719 0.541293 0 
0 0.647622 0.407212 0.75152 0.945932 0.924298 0.539138 0 
0 0.244871 0.608806 0.818117 0.970751 0.823072 0 0 
0 0 0.882407 0.795657 0.957547 0.699592 0 0 
0 0 0.673639 0.763018 0.963942 0.719822 0 0 
0 0 0.224595 0.610365 0.932309 0.585369 0 0 
0 0 0 0 0.728567 0 0 0 
0 0 0 0 0.220607 0 0 0 
0 0 0 0 0 0 0 0 
0 0 0 0 0 0 0.871655 0 
0 0 0 0 0 0 0.579968 0 
0 0.72398 0 0 0 0 0 0 
0 0.952813 0 0 0 0 0 0.660399 
0.95398 0.844003 0 0 0 0 0 0 
0.940718 0 0.554117 0 0 0 0 0 
0.852741 0 0.905097 0 0 0 0 0 
0.932389 0 0.93628 0 0 0 0 0 
0.959884 0 0.914187 0 0.897801 0 0 0 
0.903699 0 0.749283 0 0.846249 0 0 0 
0 0.786655 0 0 0.258558 0 0 0.886797 
0 0.948918 0 0 0 0 0 0.720367 
0 0.933161 0 0 0 0 0 0.187395 
0 0.690379 0 0 0 0 0 0 
0 0 0 0 0 0 0 0 
0 0 0 0 0 0 0 0 
0 0 0 0 0 0 0 0 
0 0 0 0 0 0 0.853022 0 
0.936344 0 0 0 0 0 0 0.927159 
0.950897 0 0 0 0 0 0 0.878425 
0.716979 0 0 0 0 0 0 0.473737 
0.188061 0 0 0 0 0 0 0.111945 
0 0 0 0 0 0 0 0.373466 
0 0 0 0 0 0 0 0.875417 
0 0 0 0 0 0 0 0.8317 
0 0 0 0 0.910474 0 0 0.92861 
0 0 0 0.935921 0.946685 0 0 0.902159 
0 0 0 0.920456 0.811375 0 0 0.600278 
0 0 0 0.616337 0.257809 0 0 0 
0 0 0 0 0 0 0 0 
0 0 0 0 0 0 0 0 
0 0 0 0 0 0 0 0 
0 0 0 0 0.906468 0 0 0 
0 0 0 0 0.922658 0 0 0 
0 0 0 0 0.906234 0 0 0 
0 0 0 0 0 0 0 0 
