0 0 0 0 0 0 0 0 
0 0 0 0 0 0 0 0 
0 0 0 0 0 0 0 0 
0 0 0 0 0 0 0 0 
0 0 0 0 0 0 0 0 
0 0 0 0 0 0 0 0 
0 0 0 0 0 0 0 0 
0 0 0 0 0 0 0 0 
0 0 0 0 0 0 0 0 
0 0 0 0 0 0 0 0 
0 0 0 0 0 0 0 0 
0 0 0 0 0 0 0 0 
0 0 0 0 0 0 0 0 
0 0 0 0 0 0 0 0 
0 0 0 0 0 0 0 0 
0 0 0 0 0 0 0 0 
0 0 0 0 0 0 0 0 
0 0 0 0 0 0 0 0 
0 0 0 0 0 0 0 0 
0 0 0 0 0 0 0 0 
0 0 0 0 0 0 0 0 
0 0 0 0 0 0 0 0 
0 0 0 0 0 0 0 0 
0 0 0 0 0 0 0 0 
0 0 0 0 0 0 0 0 
0 0 0 0 0 0 0 0 
0 0 0 0 0 0 0 0 
0 0 0 0 0 0 0 0 
0 0 0 0 0 0 0 0 
0 0 0 0 0 0 0 0 
0 0 0 0 0 0 0 0 
0 0 0 0 0 0 0 0 
0 0 0 0 0 0 0 0 
0 0 0 0 0 0 0 0 
0 0 0 0 0 0 0 0 
0 0 0 0 0 0 0 0 
0 0 0 0 0 0 0 0 
0 0 0 0 0 0 0 0 
0 0 0 0 0 0 0 0 
0 0 0 0 0 0 0 0 
0 0 0 0 0 0 0 0 
0 0 0 0 0 0 0 0 
0 0 0 0 0 0 0 0 
0 0 0 0 0 0 0 0 
0 0 0 0 0 0 0 0 
0 0 0 0 0 0 0 0 
0 0 0 0 0 0 0 0 
0 0 0 0 0 0 0 0 
0 0 0 0 0 0 0 0 
0 0 0 0 0 0 0 0 
0 0 0 0 0 0 0 0 
0 0 0 0 0 0 0 0 
0 0 0 0 0 0 0 0 
0 0 0 0 0 0 0 0 
0 0 0 0 0 0 0 0 
0 0 0 0 0 0 0 0 
0 0 0 0 0 0 0 0 
0 0 0 0 0 0 0 0 
0 0 0 0 0 0 0 0 
0 0 0 0 0 0 0 0 
0 0 0 0 0 0 0 0 
0 0 0 0 0 0 0 0 
0 0 0 0 0 0 0 0 
0 0 0 0 0 0 0 0 
0 0 0 0 0 0 0 0 
0 0 0 0 0 0 0 0 
0 0 0 0 0 0 0 0 
0 0 0 0 0 0 0 0 
0 0 0 0 0 0 0 0 
0 0 0 0 0 0 0 0 
0 0 0 0 0 0 0 0 
0 0 0 0 0 0 0 0 
0 0 0 0 0 0 0 0 
0 0 0 0 0 0 0 0 
0 0 0 0 0 0 0 0 
0 0 0 0 0 0 0 0 
0 0 0 0 0 0 0 0 
0 0 0 0 0 0 0 0 
0 0 0 0 0 0 0 0 
0 0 0 0 0 0 0 0 
0 0 0 0 0 0 0 0 
0 0 0 0 0 0 0 0 
0 0 0 0 0 0 0 0 
0 0 0 0 0 0 0 0 
0 0 0 0 0 0 0 0 
0 0 0 0 0 0 0 0 
0 0 0 0 0 0 0 0 
0 0 0 0 0 0 0 0 
0.934567 0.224612 0.0772507 0.0569305 0.202747 0.630171 0.903319 0.954726 
0.962958 0.724986 0.421556 0.313284 0.38468 0.44529 0.824915 0.953663 
0.967297 0.946292 0.830433 0.786522 0.789039 0.474414 0.735251 0.947301 
0.98915 0.986101 0.947723 0.933008 0.772126 0.400828 0.667326 0.908127 
0.982922 0.950904 0.855215 0.840936 0.573984 0.430901 0.348795 0.745844 
0.943518 0.755185 0.810814 0.925105 0.813412 0.455732 0.354257 0.789677 
0.95785 0.697607 0.926281 0.975202 0.940576 0.721655 0.354433 0.614156 
0.829854 0.833674 0.930921 0.923999 0.806859 0.462831 0.509001 0.789758 
0.621466 0.943636 0.837302 0.664858 0.429189 0.375282 0.794051 0.938102 
0.870007 0.771396 0.447637 0.202637 0.112796 0.299773 0.677992 0.899466 
0.956101 0.33365 0.104185 0.0596086 0.26398 0.701594 0.87447 0.958622 
0.985885 0.528757 0.167231 0.141092 0.564926 0.873132 0.813775 0.927326 
0.949087 0.861447 0.462843 0.118449 0.264221 0.584891 0.437742 0.698813 
0.714488 0.640056 0.199777 0.1529 0.38997 0.402468 0.392178 0.66687 
0.33422 0.14182 0.150748 0.533056 0.83114 0.795033 0.467896 0.276523 
0.065792 0.112964 0.36073 0.820483 0.958939 0.946062 0.759669 0.342279 
0.0435186 0.0313105 0.230728 0.702082 0.915984 0.845919 0.49745 0.261048 
0.029357 0.0596445 0.389169 0.836202 0.95687 0.852253 0.483216 0.116871 
0.0106169 0.0656909 0.366226 0.807511 0.942811 0.825242 0.631114 0.293509 
0.0357891 0.24435 0.591218 0.910097 0.975486 0.938775 0.910476 0.697191 
0.153724 0.192701 0.37589 0.788238 0.925678 0.929245 0.967223 0.878167 
0.309502 0.610959 0.551191 0.818846 0.752653 0.74513 0.885756 0.68727 
0.14908 0.403563 0.784633 0.935183 0.797945 0.46482 0.534434 0.250992 
0.0308709 0.138592 0.512769 0.790224 0.492275 0.141193 0.128081 0.0349007 
0 0.20322 0.51551 0.59496 0.277924 0.0387757 0.0651004 0.005536 
0 0.622453 0.874287 0.872666 0.606388 0 0.00359006 0.00028184 
0 0.863077 0.967242 0.968439 0.841833 0 0 6.3355e-06 
0 0.68976 0.924611 0.95357 0.71611 0 0 1.16559e-07 
0 0.661616 0.934044 0.977625 0.90378 0 0 0 
0 0.203582 0.783006 0.92106 0.767191 0 0 0 
0 0.19896 0.383324 0.629029 0 0 0 0.640873 
0 0.659981 0.219335 0.183568 0 0 0 0.566742 
0 0.896067 0 0.0520719 0 0 0.697907 0 
0 0.726159 0 0.0617521 0.478836 0 0.90582 0.74957 
0.714233 0.215495 0.260143 0 0.826059 0 0.840057 0 
0.911989 0 0.726671 0 0.84242 0 0.897826 0 
0.721443 0.749308 0.922867 0.861915 0.692139 0 0.755241 0 
0.287134 0.900166 0.888406 0.925845 0.757841 0 0.318255 0.218025 
0.488058 0.942498 0.94224 0.973837 0.893987 0 0 0.601498 
0.879624 0.74233 0.809721 0.92901 0.76599 0 0 0.85881 
0.9693 0.454955 0.764329 0.916889 0.748608 0 0 0.894669 
0.924532 0.754909 0.908515 0.96912 0.881553 0 0.858103 0.966965 
0.937695 0.928339 0.849864 0.926352 0.748723 0 0.755675 0.939572 
0.960208 0.73078 0.817357 0.930321 0.776087 0.799076 0.874106 0.970717 
0.989893 0.793831 0.88458 0.822021 0.541862 0.747678 0.944539 0.986357 
0.974607 0.955356 0.967072 0.870633 0.543704 0.69555 0.936833 0.976442 
0.925827 0.985451 0.954326 0.7721 0.464694 0.36373 0.755686 0.894054 
0.712596 0.943452 0.835426 0.740643 0.77633 0 0.547483 0.788283 
0.586021 0.725231 0.792678 0.923596 0.930423 0.75333 0.844982 0.940165 
0.836552 0.599993 0.899802 0.970629 0.926349 0.819523 0.942474 0.980693 
0.944645 0.288283 0.722068 0.897245 0.745262 0.58745 0.85159 0.942314 
0.834312 0.0601455 0.28457 0.559266 0.343487 0.45442 0.539212 0.80358 
0.499461 0.0091289 0.0646204 0.126047 0.0765372 0.0948774 0.19389 0.484313 
0.200589 0.0254646 0.208277 0.0462526 0.0857103 0.104063 0.440039 0.787406 
0.518933 0 0 0.0780258 0.413062 0.357007 0.772252 0.939886 
0.8551 0 0 0.0493339 0.188068 0.317804 0.776654 0.939446 
0.814626 0 0 0.126203 0.522134 0.298537 0.461858 0.771098 
0.723431 0 0 0 0.8065 0.662025 0.361697 0.353037 
0.216697 0 0 0.828814 0.949973 0.90993 0.742944 0.536735 
0 0 0 0.574077 0.844824 0.865259 0.92114 0.873484 
0 0 0 0.270493 0.718173 0.932105 0.983092 0.966131 
0.840523 0 0 0.144839 0.390722 0.771579 0.917925 0.886832 
0.621919 0 0 0.378417 0.311147 0.439321 0.715054 0.698713 
0.334371 0 0 0.645937 0.734099 0.699508 0.883252 0.89789 
0.641867 0 0.848373 0.931128 0.950643 0.924487 0.96867 0.971836 
0.893112 0 0.821843 0.960966 0.984673 0.955173 0.918265 0.921062 
0.709454 0.931075 0.825849 0.900552 0.970979 0.885068 0.77839 0.88976 
0.518099 0.970664 0.862222 0.691707 0.822072 0.58103 0.364562 0.581846 
0 0.88153 0.613953 0.284487 0.401561 0.3646 0.120674 0.15182 
0 0.489847 0.184641 0.10321 0.452351 0.703317 0.16852 0.187016 
0 0.242369 0.0528244 0.0282597 0.215559 0.273094 0.0742923 0.0227301 
0 0.621315 0.187938 0 0.566628 0 0.00361368 0.0070977 
0 0.194513 0.310576 0 0.282926 0 0 0.091563 
0 0 0.755162 0 0.0308516 0 0 0.550097 
0 0.907772 0.92315 0 0.0219641 0 0 0.887801 
0 0.700427 0.80196 0 0.27577 0.856528 0 0.760534 
0 0 0.350235 0 0.143175 0.645028 0 0.248997 
0 0 0.374344 0 0.297585 0 0 0 
0 0 0 0 0.884079 0 0 0 
0 0 0 0 0.784753 0 0 0 
0 0 0 0 0.739883 0 0 0 
0 0 0 0 0.331196 0 0.87673 0 
0.735504 0 0 0 0 0 0.756131 0 
0.919572 0 0.41472 0 0 0 0.388655 0 
0.74104 0 0.675002 0 0 0 0.641394 0.644897 
0.338001 0.864993 0.902305 0 0 0 0.908882 0.910344 
0 0.939238 0.837021 0 0 0.861002 0.978007 0.979902 
0.911259 0.980851 0.890919 0 0 0 0.916527 0.940761 
0.812442 0.945411 0.746412 0 0 0 0.65035 0.729489 
0.738687 0.699078 0.31287 0.765931 0 0 0.260989 0.600732 
0.678827 0.190953 0.171188 0.575999 0 0 0.247405 0.74773 
0.927243 0.0309916 0 0 0 0 0 0.910011 
0.983386 0 0.673675 0 0 0 0.800597 0.960703 
0.982665 0 0.468174 0 0 0 0.916712 0.982096 
0.970807 0 0.737516 0 0 0 0.810888 0.946465 
0.908218 0 0.41081 0 0 0 0.662845 0.925469 
0.965772 0 0.600231 0 0.644893 0 0.79151 0.963472 
0.989239 0 0.874242 0 0.321241 0 0.863417 0.970684 
0.96426 0.81062 0.966481 0.814573 0 0 0.647486 0.873972 
0.795483 0.73736 0.94778 0.774006 0 0 0.357117 0.504635 
0.32232 0.804433 0.966597 0.886666 0 0 0.668611 0.419732 
0.145836 0.60434 0.914308 0.837892 0 0 0.648894 0.743759 
0.471278 0 0.736817 0.884024 0.585512 0 0.873402 0.925849 
0.636728 0.0551761 0.31688 0.611907 0.380342 0.267385 0.682542 0.823045 
0.422326 0 0.230167 0.555067 0.694918 0.523244 0.733737 0.913849 
0.654207 0.809308 0.644485 0.8831 0.9396 0.850727 0.840311 0.962311 
0.788067 0.685418 0.777739 0.967123 0.982997 0.941249 0.782244 0.905926 
0.588299 0.880975 0.781818 0.95786 0.962793 0.928586 0.710993 0.662568 
0.348782 0.562485 0.467557 0.832613 0.911617 0.96279 0.863253 0.592937 
0 0.335832 0.287798 0.460254 0.734299 0.919468 0.944359 0.674553 
0 0.75001 0.547 0.427241 0.732491 0.758656 0.821994 0.399799 
0 0.951398 0.794763 0.740095 0.913171 0.778959 0.512435 0.270445 
0 0.98412 0.882548 0.685441 0.801636 0.839942 0.53243 0.281854 
0 0.962731 0.959833 0.770683 0.842566 0.947516 0.788169 0.522175 
0.849744 0.792263 0.877099 0.643717 0.649088 0.903083 0.936733 0.788047 
0.958182 0.413664 0.684503 0.858901 0.628234 0.873489 0.821161 0.533172 
0.852239 0.562018 0.703753 0.945329 0.807108 0.943954 0.678738 0 
0.343576 0.904264 0.641689 0.861571 0.734544 0.863171 0.420899 0 
0 0.534066 0.284994 0.650857 0.921908 0.892238 0.428038 0 
0 0.163902 0.491812 0.738778 0.960461 0.752646 0 0 
0 0 0.847486 0.703087 0.94114 0.593972 0 0 
0 0 0.572103 0.666456 0.952587 0.622809 0 0 
0 0 0.147501 0.498666 0.910715 0.474352 0 0 
0 0 0 0 0.648986 0 0 0 
0 0 0 0 0.150046 0 0 0 
0 0 0 0 0 0 0 0 
0 0 0 0 0 0 0.854204 0 
0 0 0 0 0 0 0.478486 0 
0 0.630795 0 0 0 0 0 0 
0 0.947532 0 0 0 0 0 0.56813 
0.948598 0.791176 0 0 0 0 0 0 
0.923515 0 0.450337 0 0 0 0 0 
0.789353 0 0.890001 0 0 0 0 0 
0.910234 0 0.932759 0 0 0 0 0 
0.953703 0 0.900562 0 0.888879 0 0 0 
0.879352 0 0.678446 0 0.807669 0 0 0 
0 0.711969 0 0 0.17851 0 0 0.874492 
0 0.93828 0 0 0 0 0 0.639711 
0 0.914674 0 0 0 0 0 0.124588 
0 0.5899 0 0 0 0 0 0 
0 0 0 0 0 0 0 0 
0 0 0 0 0 0 0 0 
0 0 0 0 0 0 0 0 
0 0 0 0 0 0 0.835294 0 
0.930603 0 0 0 0 0 0 0.918367 
0.927818 0 0 0 0 0 0 0.840253 
0.615024 0 0 0 0 0 0 0.365984 
0.120474 0 0 0 0 0 0 0.0684392 
0 0 0 0 0 0 0 0.274348 
0 0 0 0 0 0 0 0.850078 
0 0 0 0 0 0 0 0.776244 
0 0 0 0 0.906588 0 0 0.92234 
0 0 0 0.931404 0.935617 0 0 0.884837 
0 0 0 0.899808 0.743603 0 0 0.50032 
0 0 0 0.515032 0.171833 0 0 0 
0 0 0 0 0 0 0 0 
0 0 0 0 0 0 0 0 
0 0 0 0 0 0 0 0 
0 0 0 0 0.900771 0 0 0 
0 0 0 0 0.911206 0 0 0 
0 0 0 0 0.90041 0 0 0 
0 0 0 0 0 0 0 0 
