0 0 0 0 0 0 0 0 
0 0 0 0 0 0 0 0 
0 0 0 0 0 0 0 0 
0 0 0 0 0 0 0 0 
0 0 0 0 0 0 0 0 
0 0 0 0 0 0 0 0 
0 0 0 0 0 0 0 0 
0 0 0 0 0 0 0 0 
0 0 0 0 0 0 0 0 
0 0 0 0 0 0 0 0 
0 0 0 0 0 0 0 0 
0 0 0 0 0 0 0 0 
0 0 0 0 0 0 0 0 
0 0 0 0 0 0 0 0 
0 0 0 0 0 0 0 0 
0 0 0 0 0 0 0 0 
0 0 0 0 0 0 0 0 
0 0 0 0 0 0 0 0 
0 0 0 0 0 0 0 0 
0 0 0 0 0 0 0 0 
0 0 0 0 0 0 0 0 
0 0 0 0 0 0 0 0 
0 0 0 0 0 0 0 0 
0 0 0 0 0 0 0 0 
0 0 0 0 0 0 0 0 
0 0 0 0 0 0 0 0 
0 0 0 0 0 0 0 0 
0 0 0 0 0 0 0 0 
0 0 0 0 0 0 0 0 
0 0 0 0 0 0 0 0 
0 0 0 0 0 0 0 0 
0 0 0 0 0 0 0 0 
0 0 0 0 0 0 0 0 
0 0 0 0 0 0 0 0 
0 0 0 0 0 0 0 0 
0 0 0 0 0 0 0 0 
0 0 0 0 0 0 0 0 
0 0 0 0 0 0 0 0 
0 0 0 0 0 0 0 0 
0 0 0 0 0 0 0 0 
0 0 0 0 0 0 0 0 
0 0 0 0 0 0 0 0 
0 0 0 0 0 0 0 0 
0 0 0 0 0 0 0 0 
0 0 0 0 0 0 0 0 
0 0 0 0 0 0 0 0 
0 0 0 0 0 0 0 0 
0 0 0 0 0 0 0 0 
0 0 0 0 0 0 0 0 
0 0 0 0 0 0 0 0 
0 0 0 0 0 0 0 0 
0 0 0 0 0 0 0 0 
0 0 0 0 0 0 0 0 
0 0 0 0 0 0 0 0 
0 0 0 0 0 0 0 0 
0 0 0 0 0 0 0 0 
0 0 0 0 0 0 0 0 
0 0 0 0 0 0 0 0 
0 0 0 0 0 0 0 0 
0 0 0 0 0 0 0 0 
0 0 0 0 0 0 0 0 
0 0 0 0 0 0 0 0 
0 0 0 0 0 0 0 0 
0 0 0 0 0 0 0 0 
0 0 0 0 0 0 0 0 
0 0 0 0 0 0 0 0 
0 0 0 0 0 0 0 0 
0 0 0 0 0 0 0 0 
0 0 0 0 0 0 0 0 
0 0 0 0 0 0 0 0 
0 0 0 0 0 0 0 0 
0 0 0 0 0 0 0 0 
0 0 0 0 0 0 0 0 
0 0 0 0 0 0 0 0 
0 0 0 0 0 0 0 0 
0 0 0 0 0 0 0 0 
0 0 0 0 0 0 0 0 
0 0 0 0 0 0 0 0 
0 0 0 0 0 0 0 0 
0 0 0 0 0 0 0 0 
0 0 0 0 0 0 0 0 
0 0 0 0 0 0 0 0 
0 0 0 0 0 0 0 0 
0 0 0 0 0 0 0 0 
0 0 0 0 0 0 0 0 
0 0 0 0 0 0 0 0 
0 0 0 0 0 0 0 0 
0 0 0 0 0 0 0 0 
0.914771 0.953994 0.955087 0.955865 0.95973 0.960638 0.960785 0.963797 
0.997016 0.998795 0.998834 0.998851 0.998929 0.999839 0.998984 0.999082 
0.999927 0.999969 0.99997 0.99997 0.999971 0.999976 0.999973 0.999977 
0.999998 0.999999 0.999999 0.999999 0.999999 0.999999 0.999999 0.999999 
1 1 1 1 1 1 1 1 
1 1 1 1 1 1 1 1 
1 1 1 1 1 1 1 1 
1 1 1 1 1 1 1 1 
1 1 1 1 1 1 1 1 
1 1 1 1 1 1 1 1 
1 1 1 1 1 1 1 1 
1 1 1 1 1 1 1 1 
1 1 1 1 1 1 1 1 
1 1 1 1 1 1 1 1 
1 1 1 1 1 1 1 1 
1 1 1 1 1 1 1 1 
1 1 1 1 1 1 1 1 
1 1 1 1 1 1 1 1 
1 1 1 1 1 1 1 1 
1 1 1 1 1 1 1 1 
1 1 1 1 1 1 1 0.999998 
0.999981 1 1 1 1 1 0.999998 0.999949 
0.999287 1 1 1 0.999999 0.999988 0.999948 0.998661 
0.972968 1 1 0.999998 0.999957 0.999509 0.999263 0.973639 
0 1 0.999998 0.99995 0.998695 0.974293 0.997407 0.972881 
0 1 0.999983 0.999321 0.973646 0 0.948973 0.970928 
0 1 0.999981 0.99929 0.97299 0 0 0.944513 
0 1 0.999981 0.999286 0.972951 0 0 0.91748 
0 0.999999 0.999978 0.999237 0.972275 0 0 0 
0 0.999996 0.999916 0.997981 0.946689 0 0 0 
0 0.999934 0.998673 0.973572 0 0 0 0.91665 
0 0.998678 0.97359 0.971577 0 0 0 0.91665 
0 0.97374 0 0.945193 0 0 0.921706 0 
0 0.979163 0 0.944482 0.944442 0 0.969485 0.945898 
0.972237 0.972316 0.945247 0 0.944458 0 0.945128 0 
0.972969 0 0.945939 0 0.945187 0 0.944453 0 
0.973039 0.972968 0.99756 0.973569 0.971558 0 0.944455 0 
0.974064 0.999287 0.999948 0.99864 0.972913 0 0.945205 0.972222 
0.998659 0.999981 0.999979 0.999271 0.972967 0 0 0.972948 
0.999272 0.999999 0.999981 0.99929 0.973061 0 0 0.972984 
0.999289 1 0.999983 0.99938 0.975816 0 0 0.973626 
0.999321 1 0.999983 0.999918 0.973081 0 0.946709 0.997985 
0.999932 1 0.999983 0.999323 0.973646 0 0.97296 0.999272 
0.999984 1 0.999998 0.99995 0.998695 0.97432 0.998679 0.999949 
0.999998 1 1 0.999997 0.99995 0.999341 0.99995 0.999997 
1 1 1 0.999998 0.99995 0.999339 0.999951 0.999998 
1 1 0.999998 0.999952 0.998712 0.974321 0.998712 0.999958 
0.999999 1 0.999984 0.999355 0.974321 0 0.974327 0.999667 
0.999996 1 0.999998 0.999952 0.998712 0.974321 0.998712 0.999957 
0.999999 1 1 0.999998 0.999957 0.999355 0.999952 1 
1 1 1 1 0.999999 0.999984 0.999998 1 
1 0.999981 0.999983 0.999998 1 1 1 1 
1 0.999288 0.999326 0.999951 0.999998 1 1 1 
1 0.972968 0.973683 0.998682 0.99995 0.999998 1 1 
1 0 0 0.973626 0.99932 0.999982 1 1 
1 0 0 0.972293 0.999239 0.999979 0.999999 0.999999 
0.999983 0 0 0.946691 0.998 0.999933 0.999995 0.999951 
0.999324 0 0 0 0.974283 0.999351 0.999935 0.998695 
0.973432 0 0 0.94669 0.997999 0.999917 0.999977 0.973664 
0 0 0 0.972276 0.999238 0.999963 0.999339 0.973664 
0 0 0 0.97301 0.999289 0.99998 0.999951 0.998731 
0.97982 0 0 0.973975 0.999345 0.999983 0.999997 0.999949 
0.999358 0 0 0.973046 0.999298 0.999982 0.999999 0.999998 
0.999982 0 0 0.973634 0.999678 0.999989 1 1 
0.999999 0 0.946708 0.997985 0.999938 0.999998 1 0.999998 
0.999981 0 0.972963 0.999271 0.99998 0.999999 0.999997 0.999949 
0.999287 0.972968 0.998935 0.999959 0.999998 0.999999 0.99995 0.998661 
0.972968 0.99929 0.99996 0.999997 0.999999 0.999982 0.999322 0.973644 
0 0.999984 0.999997 0.999984 0.999996 0.999966 0.999288 0.972985 
0 0.999997 0.999952 0.999353 0.999904 0.999368 0.999246 0.972965 
0 0.999936 0.99878 0.974287 0.997387 0.974713 0.99772 0.972884 
0 0.998748 0.978796 0 0.945919 0 0.946656 0.970847 
0 0.972951 0.971669 0 0.944591 0 0 0.945167 
0 0 0.945938 0 0.94447 0 0 0.944453 
0 0.972217 0.971504 0 0.945165 0 0 0.944414 
0 0.97222 0.971466 0 0.970757 0.945225 0 0.943795 
0 0 0.944435 0 0.970753 0.94519 0 0.923715 
0 0 0.917468 0 0.945184 0 0 0 
0 0 0 0 0.945184 0 0 0 
0 0 0 0 0.970734 0.945183 0 0 
0 0 0 0 0.970049 0.945165 0 0 
0 0 0 0 0.918305 0 0.917448 0 
0.946787 0 0 0 0 0 0.943764 0 
0.972778 0 0.917467 0 0 0 0.945807 0 
0.972988 0 0.944436 0 0 0 0.971576 0.97222 
0.972238 0.972954 0.971523 0 0 0 0.97286 0.972931 
0 0.998627 0.972913 0 0 0.918996 0.996594 0.998627 
0.973494 0.999276 0.972983 0 0 0 0.973588 0.99928 
0.99933 0.999384 0.973612 0 0 0 0.972971 0.999408 
0.999971 0.99987 0.997299 0.945922 0 0 0.972275 0.999243 
0.999979 0.998009 0.972846 0.945263 0 0 0.94669 0.998 
0.999933 0.947527 0 0 0 0 0 0.974284 
0.999353 0 0.917497 0 0 0 0.953535 0.998072 
0.999934 0 0.944306 0 0 0 0.972345 0.999239 
0.999979 0 0.94446 0 0 0 0.972951 0.999286 
0.999987 0 0.944437 0 0 0 0.973062 0.999289 
0.999981 0 0.944473 0 0.916668 0 0.977279 0.999381 
0.999982 0 0.945881 0 0.916653 0 0.973063 0.99929 
0.999981 0.972967 0.996634 0.955579 0 0 0.972969 0.999288 
0.999981 0.999275 0.999188 0.972301 0 0 0.972968 0.999288 
0.999981 0.999441 0.999243 0.972964 0 0 0.972968 0.999288 
0.999981 0.972974 0.998071 0.973578 0 0 0.972986 0.999289 
0.999981 0 0.975875 0.997443 0.947387 0 0.973657 0.999322 
0.999983 0.944433 0.997386 0.999806 0.998039 0.974316 0.999385 0.999966 
0.999999 0 0.974285 0.999349 0.99992 0.999356 0.999963 0.999998 
1 0.972968 0.998677 0.99995 0.999996 0.999984 0.999999 0.999998 
0.999981 0.999287 0.999949 0.999997 1 1 0.999998 0.99996 
0.999287 0.999981 0.999998 1 1 0.999999 0.999962 0.998973 
0.972968 1 1 1 1 0.999984 0.999414 0.976703 
0 1 1 1 1 0.999981 0.999292 0.973081 
0 1 1 1 1 0.999982 0.999288 0.97297 
0 1 1 1 1 0.999982 0.999289 0.972985 
0 1 1 1 1 0.999984 0.999321 0.973643 
0 1 1 1 1 0.999998 0.999948 0.998645 
0.972971 1 1 1 1 0.999998 0.99995 0.999308 
0.999798 1 1 1 0.999998 0.999951 0.998694 0.974319 
0.998506 1 1 1 0.999983 0.999323 0.973627 0 
0.947474 0.999981 0.999999 1 0.999982 0.999292 0.972296 0 
0 0.999287 0.999952 0.999998 0.999932 0.997987 0.946691 0 
0 0.972968 0.998696 0.999941 0.999319 0.973626 0 0 
0 0 0.973634 0.99961 0.999275 0.97297 0 0 
0 0 0.972261 0.998696 0.999172 0.972273 0 0 
0 0 0.946102 0.977499 0.99678 0.946654 0 0 
0 0 0 0 0.947939 0 0 0 
0 0 0 0 0.917591 0 0 0 
0 0 0 0 0 0 0.917422 0 
0 0 0 0 0 0 0.94303 0 
0 0 0 0 0 0 0.922294 0 
0 0.946726 0 0 0 0 0 0 
0 0.971605 0 0 0 0 0 0.918262 
0.971546 0.946726 0 0 0 0 0 0 
0.972954 0 0.917462 0 0 0 0 0 
0.973015 0 0.943812 0 0 0 0 0 
0.973069 0 0.944407 0 0 0 0 0 
0.975493 0 0.943687 0 0.917423 0 0 0 
0.946844 0 0.917481 0 0.94293 0 0 0 
0 0.946862 0 0 0.917423 0 0 0.917423 
0 0.973132 0 0 0 0 0 0.942931 
0 0.972902 0 0 0 0 0 0.91743 
0 0.946795 0 0 0 0 0 0 
0 0 0 0 0 0 0 0 
0 0 0 0 0 0 0 0 
0 0 0 0 0 0 0 0 
0 0 0 0 0 0 0.888868 0 
0.947437 0 0 0 0 0 0 0.946668 
0.99731 0 0 0 0 0 0 0.972219 
0.99856 0 0 0 0 0 0 0.971523 
0.972948 0 0 0 0 0 0 0.945185 
0 0 0 0 0 0 0 0.944454 
0 0 0 0 0 0 0 0.944433 
0 0 0 0 0 0 0 0.944433 
0 0 0 0 0.918219 0 0 0.944433 
0 0 0 0.945896 0.970077 0 0 0.944414 
0 0 0 0.97156 0.97145 0 0 0.943682 
0 0 0 0.977476 0.946011 0 0 0.917445 
0 0 0 0.918341 0 0 0 0 
0 0 0 0 0 0 0 0 
0 0 0 0 0 0 0 0 
0 0 0 0 0.917423 0 0 0 
0 0 0 0 0.94293 0 0 0 
0 0 0 0 0.917423 0 0 0 
0 0 0 0 0 0 0 0 
