0 0 0 0 0 0 0 0 
0 0 0 0 0 0 0 0 
0 0 0 0 0 0 0 0 
0 0 0 0 0 0 0 0 
0 0 0 0 0 0 0 0 
0 0 0 0 0 0 0 0 
0 0 0 0 0 0 0 0 
0 0 0 0 0 0 0 0 
0 0 0 0 0 0 0 0 
0 0 0 0 0 0 0 0 
0 0 0 0 0 0 0 0 
0 0 0 0 0 0 0 0 
0 0 0 0 0 0 0 0 
0 0 0 0 0 0 0 0 
0 0 0 0 0 0 0 0 
0 0 0 0 0 0 0 0 
0 0 0 0 0 0 0 0 
0 0 0 0 0 0 0 0 
0 0 0 0 0 0 0 0 
0 0 0 0 0 0 0 0 
0 0 0 0 0 0 0 0 
0 0 0 0 0 0 0 0 
0 0 0 0 0 0 0 0 
0 0 0 0 0 0 0 0 
0 0 0 0 0 0 0 0 
0 0 0 0 0 0 0 0 
0 0 0 0 0 0 0 0 
0 0 0 0 0 0 0 0 
0 0 0 0 0 0 0 0 
0 0 0 0 0 0 0 0 
0 0 0 0 0 0 0 0 
0 0 0 0 0 0 0 0 
0 0 0 0 0 0 0 0 
0 0 0 0 0 0 0 0 
0 0 0 0 0 0 0 0 
0 0 0 0 0 0 0 0 
0 0 0 0 0 0 0 0 
0 0 0 0 0 0 0 0 
0 0 0 0 0 0 0 0 
0 0 0 0 0 0 0 0 
0 0 0 0 0 0 0 0 
0 0 0 0 0 0 0 0 
0 0 0 0 0 0 0 0 
0 0 0 0 0 0 0 0 
0 0 0 0 0 0 0 0 
0 0 0 0 0 0 0 0 
0 0 0 0 0 0 0 0 
0 0 0 0 0 0 0 0 
0 0 0 0 0 0 0 0 
0 0 0 0 0 0 0 0 
0 0 0 0 0 0 0 0 
0 0 0 0 0 0 0 0 
0 0 0 0 0 0 0 0 
0 0 0 0 0 0 0 0 
0 0 0 0 0 0 0 0 
0 0 0 0 0 0 0 0 
0 0 0 0 0 0 0 0 
0 0 0 0 0 0 0 0 
0 0 0 0 0 0 0 0 
0 0 0 0 0 0 0 0 
0 0 0 0 0 0 0 0 
0 0 0 0 0 0 0 0 
0 0 0 0 0 0 0 0 
0 0 0 0 0 0 0 0 
0 0 0 0 0 0 0 0 
0 0 0 0 0 0 0 0 
0 0 0 0 0 0 0 0 
0 0 0 0 0 0 0 0 
0 0 0 0 0 0 0 0 
0 0 0 0 0 0 0 0 
0 0 0 0 0 0 0 0 
0 0 0 0 0 0 0 0 
0 0 0 0 0 0 0 0 
0 0 0 0 0 0 0 0 
0 0 0 0 0 0 0 0 
0 0 0 0 0 0 0 0 
0 0 0 0 0 0 0 0 
0 0 0 0 0 0 0 0 
0 0 0 0 0 0 0 0 
0 0 0 0 0 0 0 0 
0 0 0 0 0 0 0 0 
0 0 0 0 0 0 0 0 
0 0 0 0 0 0 0 0 
0 0 0 0 0 0 0 0 
0 0 0 0 0 0 0 0 
0 0 0 0 0 0 0 0 
0 0 0 0 0 0 0 0 
0 0 0 0 0 0 0 0 
0.824514 0.0343132 0.00781365 0.0053026 0.0298573 0.224494 0.705786 0.896044 
0.794937 0.284796 0.0842262 0.0524208 0.0767247 0.0846424 0.419562 0.772168 
0.809086 0.761555 0.424337 0.358387 0.404004 0.102157 0.28384 0.760703 
0.948791 0.940787 0.763288 0.741541 0.334713 0.0712809 0.232766 0.625888 
0.919472 0.779857 0.446987 0.426575 0.140619 0.101152 0.0551718 0.288115 
0.719583 0.300882 0.364881 0.687876 0.406302 0.0929044 0.0624838 0.381526 
0.825641 0.242717 0.694813 0.899849 0.777534 0.301379 0.0581396 0.172295 
0.42261 0.425444 0.700353 0.686577 0.402539 0.0947565 0.117418 0.386101 
0.174048 0.773739 0.452428 0.225561 0.0845633 0.0693111 0.402452 0.765699 
0.511491 0.341334 0.0952798 0.0275932 0.0105347 0.0448789 0.220668 0.572405 
0.775737 0.055234 0.0103621 0.00508696 0.040448 0.267446 0.545015 0.754967 
0.938351 0.133858 0.0206014 0.0184174 0.173321 0.592318 0.380527 0.700485 
0.765955 0.547559 0.116447 0.0131013 0.0391782 0.17841 0.0823776 0.25134 
0.268906 0.211181 0.0254336 0.0177418 0.0797228 0.0756077 0.0786715 0.266393 
0.0609433 0.0164239 0.0173529 0.137986 0.464048 0.390364 0.100646 0.0440934 
0.0062223 0.0174865 0.0735299 0.450675 0.842623 0.800837 0.355248 0.0676996 
0.0038926 0.00231084 0.0319091 0.244852 0.641941 0.453588 0.11143 0.0502723 
0.00244033 0.00644498 0.0815912 0.463943 0.827292 0.481861 0.111633 0.012091 
0.000610866 0.00595599 0.0660894 0.381418 0.74599 0.397662 0.193373 0.0434817 
0.00263302 0.0383727 0.183411 0.662338 0.902923 0.713554 0.650445 0.262038 
0.0175152 0.0261123 0.065864 0.350827 0.688601 0.679549 0.874623 0.595281 
0.0541596 0.20806 0.136232 0.417477 0.288236 0.290311 0.599534 0.253915 
0.0167254 0.0786543 0.391369 0.778289 0.401089 0.0990292 0.148391 0.0389779 
0.00218254 0.0157572 0.122472 0.394886 0.116401 0.0163412 0.0146005 0.00317204 
0 0.0277101 0.126981 0.161419 0.0369974 0.00305948 0.0113882 0.000150581 
0 0.194492 0.553978 0.544027 0.184911 0 4.18046e-05 3.46036e-06 
0 0.524609 0.869065 0.871846 0.510694 0 0 5.09708e-08 
0 0.236847 0.661246 0.792754 0.252787 0 0 5.29581e-10 
0 0.236649 0.722678 0.913318 0.695346 0 0 0 
0 0.017805 0.372838 0.705598 0.366841 0 0 0 
0 0.0274609 0.073037 0.222729 0 0 0 0.268547 
0 0.223451 0.0328247 0.0274271 0 0 0 0.199013 
0 0.672197 0 0.00785706 0 0 0.311586 0 
0 0.295958 0 0.00525084 0.131699 0 0.728951 0.356684 
0.278777 0.0315208 0.0456992 0 0.535736 0 0.521131 0 
0.733109 0 0.343528 0 0.567175 0 0.756814 0 
0.286459 0.324598 0.710794 0.539694 0.245176 0 0.386284 0 
0.0440552 0.583852 0.517934 0.682403 0.324876 0 0.0633508 0.0301132 
0.113677 0.751627 0.736486 0.896654 0.652629 0 0 0.180807 
0.553105 0.297768 0.369716 0.688047 0.33298 0 0 0.534784 
0.87358 0.0909377 0.303871 0.655701 0.308495 0 0 0.617679 
0.635483 0.314829 0.625753 0.880644 0.612203 0 0.567294 0.868705 
0.657507 0.719095 0.431965 0.681639 0.307341 0 0.31015 0.710469 
0.781609 0.268531 0.384521 0.732722 0.338959 0.411776 0.502982 0.852994 
0.953263 0.353345 0.548579 0.403011 0.122955 0.299134 0.757405 0.937362 
0.858446 0.784884 0.86238 0.535166 0.134178 0.254029 0.746711 0.901161 
0.671627 0.935148 0.776825 0.329669 0.0948604 0.0638167 0.318539 0.597308 
0.260427 0.749699 0.416249 0.271154 0.383516 0 0.134351 0.359909 
0.158497 0.261968 0.34046 0.681291 0.71937 0.314937 0.455598 0.756288 
0.439367 0.183159 0.633709 0.886945 0.686189 0.400067 0.759392 0.923257 
0.758344 0.0477008 0.287731 0.632562 0.303775 0.149512 0.486808 0.760829 
0.439534 0.00585312 0.0467395 0.166307 0.0559739 0.115565 0.134239 0.424634 
0.120299 0.000567985 0.0062057 0.016731 0.0050387 0.010226 0.0229285 0.112087 
0.0246321 0.00243262 0.0462343 0.00406259 0.0100082 0.010343 0.0939839 0.397347 
0.129979 0 0 0.00945392 0.112325 0.068762 0.345715 0.770123 
0.500353 0 0 0.00251238 0.0243999 0.0554675 0.368151 0.777978 
0.398083 0 0 0.0185929 0.150747 0.04151 0.0989775 0.360858 
0.294654 0 0 0 0.43907 0.225115 0.0598555 0.0627332 
0.0319536 0 0 0.524254 0.814826 0.657008 0.30115 0.140023 
0 0 0 0.162859 0.465909 0.464717 0.665246 0.582302 
0 0 0 0.0421122 0.282635 0.735109 0.912732 0.869028 
0.508008 0 0 0.0187641 0.0692719 0.345323 0.668345 0.570942 
0.191676 0 0 0.0880329 0.0491252 0.0827076 0.258361 0.243542 
0.0533092 0 0 0.218298 0.299344 0.238212 0.554199 0.611858 
0.203893 0 0.557855 0.70903 0.78118 0.656976 0.864919 0.886838 
0.605374 0 0.429659 0.828398 0.934766 0.782712 0.627949 0.658221 
0.261048 0.762548 0.386419 0.589184 0.85201 0.555151 0.33198 0.63024 
0.134934 0.876846 0.513619 0.23237 0.439081 0.157956 0.0623326 0.187127 
0 0.558112 0.179476 0.0391937 0.0799175 0.068294 0.0101386 0.0204627 
0 0.115155 0.0238115 0.0105837 0.1139 0.326775 0.0198461 0.0382037 
0 0.0346007 0.00434523 0.00218764 0.0301057 0.049722 0.0024157 0.00167807 
0 0.220165 0.0274885 0 0.207397 0 5.69436e-05 0.00039313 
0 0.0292071 0.058912 0 0.0598369 0 0 0.0104279 
0 0 0.37462 0 0.0025807 0 0 0.169951 
0 0.701183 0.781038 0 0.00115039 0 0 0.751839 
0 0.264666 0.438129 0 0.0442034 0.652967 0 0.398885 
0 0 0.0699229 0 0.0132762 0.251069 0 0.0432704 
0 0 0.0997031 0 0.0493311 0 0 0 
0 0 0 0 0.75782 0 0 0 
0 0 0 0 0.414297 0 0 0 
0 0 0 0 0.373249 0 0 0 
0 0 0 0 0.0710395 0 0.750571 0 
0.310978 0 0 0 0 0 0.385969 0 
0.761762 0 0.108242 0 0 0 0.0805182 0 
0.308768 0 0.271977 0 0 0 0.218944 0.223832 
0.0627761 0.534774 0.704149 0 0 0 0.699686 0.705536 
0 0.702994 0.440268 0 0 0.653354 0.917926 0.9192 
0.700918 0.920591 0.630717 0 0 0 0.728045 0.756042 
0.386249 0.775305 0.324461 0 0 0 0.226921 0.279095 
0.29578 0.257142 0.0333803 0.436356 0 0 0.0392392 0.179061 
0.22014 0.0265168 0.0232485 0.196367 0 0 0.0418336 0.306506 
0.692751 0.00363741 0 0 0 0 0 0.683605 
0.926044 0 0.310616 0 0 0 0.423162 0.812173 
0.896869 0 0.114717 0 0 0 0.730222 0.924887 
0.845185 0 0.38739 0 0 0 0.414767 0.753603 
0.574504 0 0.091113 0 0 0 0.212803 0.665494 
0.81611 0 0.202339 0 0.282475 0 0.381478 0.831336 
0.950805 0 0.6587 0 0.0705892 0 0.558253 0.879562 
0.828125 0.436574 0.896315 0.469597 0 0 0.216062 0.561281 
0.37499 0.282435 0.789601 0.336959 0 0 0.0636977 0.126828 
0.0569373 0.399183 0.879918 0.614842 0 0 0.275984 0.0833884 
0.0161906 0.185922 0.67943 0.459111 0 0 0.212231 0.321355 
0.117527 0 0.313846 0.617132 0.192664 0 0.61087 0.745617 
0.216318 0.00745087 0.0532828 0.194063 0.0674046 0.0413 0.223915 0.425107 
0.0803982 0 0.0316195 0.142259 0.263312 0.120556 0.283295 0.677715 
0.218656 0.438293 0.195699 0.566443 0.755674 0.463151 0.437722 0.87979 
0.378092 0.224397 0.338845 0.871904 0.928239 0.744403 0.320686 0.668846 
0.168153 0.578734 0.338958 0.829695 0.807544 0.674787 0.241327 0.222443 
0.0716933 0.152213 0.0941068 0.456145 0.62175 0.849873 0.472835 0.173848 
0 0.0521872 0.0466165 0.0964507 0.27617 0.666805 0.808321 0.251585 
0 0.310589 0.145965 0.0794427 0.288521 0.298965 0.451256 0.0778834 
0 0.792396 0.361021 0.299003 0.688444 0.343385 0.119076 0.0499514 
0 0.940618 0.531234 0.218928 0.364522 0.460271 0.123854 0.0513421 
0 0.82175 0.856249 0.323681 0.459115 0.798884 0.357752 0.112137 
0.502883 0.366562 0.560152 0.18016 0.192834 0.60078 0.770002 0.355938 
0.842329 0.0798265 0.229968 0.526327 0.166331 0.522526 0.419181 0.121396 
0.492683 0.147541 0.253617 0.825606 0.371708 0.819209 0.242531 0 
0.0622638 0.688895 0.190146 0.527014 0.251502 0.519078 0.0819061 0 
0 0.136693 0.034452 0.195512 0.70169 0.614413 0.0973759 0 
0 0.0148328 0.11464 0.297069 0.883159 0.318621 0 0 
0 0 0.583592 0.22984 0.790022 0.164587 0 0 
0 0 0.172085 0.217443 0.868538 0.198523 0 0 
0 0 0.0163441 0.121725 0.731598 0.111831 0 0 
0 0 0 0 0.251898 0 0 0 
0 0 0 0 0.0185815 0 0 0 
0 0 0 0 0 0 0 0 
0 0 0 0 0 0 0.693571 0 
0 0 0 0 0 0 0.128888 0 
0 0.198689 0 0 0 0 0 0 
0 0.924849 0 0 0 0 0 0.180228 
0.907958 0.394317 0 0 0 0 0 0 
0.732164 0 0.112717 0 0 0 0 0 
0.345272 0 0.739141 0 0 0 0 0 
0.67406 0 0.896324 0 0 0 0 0 
0.885689 0 0.759153 0 0.795697 0 0 0 
0.621763 0 0.287002 0 0.498 0 0 0 
0 0.279673 0 0 0.021684 0 0 0.757378 
0 0.812202 0 0 0 0 0 0.234971 
0 0.720947 0 0 0 0 0 0.0154954 
0 0.172412 0 0 0 0 0 0 
0 0 0 0 0 0 0 0 
0 0 0 0 0 0 0 0 
0 0 0 0 0 0 0 0 
0 0 0 0 0 0 0.659902 0 
0.861787 0 0 0 0 0 0 0.828319 
0.693041 0 0 0 0 0 0 0.534826 
0.185913 0 0 0 0 0 0 0.0776123 
0.0115617 0 0 0 0 0 0 0.00634646 
0 0 0 0 0 0 0 0.0456611 
0 0 0 0 0 0 0 0.60506 
0 0 0 0 0 0 0 0.383474 
0 0 0 0 0.860708 0 0 0.867099 
0 0 0 0.882565 0.814716 0 0 0.71405 
0 0 0 0.70831 0.311255 0 0 0.140272 
0 0 0 0.146444 0.0167839 0 0 0 
0 0 0 0 0 0 0 0 
0 0 0 0 0 0 0 0 
0 0 0 0 0 0 0 0 
0 0 0 0 0.833701 0 0 0 
0 0 0 0 0.772239 0 0 0 
0 0 0 0 0.831863 0 0 0 
0 0 0 0 0 0 0 0 
