0 0 0 0 0 0 0 0 
0 0 0 0 0 0 0 0 
0 0 0 0 0 0 0 0 
0 0 0 0 0 0 0 0 
0 0 0 0 0 0 0 0 
0 0 0 0 0 0 0 0 
0 0 0 0 0 0 0 0 
0 0 0 0 0 0 0 0 
0 0 0 0 0 0 0 0 
0 0 0 0 0 0 0 0 
0 0 0 0 0 0 0 0 
0 0 0 0 0 0 0 0 
0 0 0 0 0 0 0 0 
0 0 0 0 0 0 0 0 
0 0 0 0 0 0 0 0 
0 0 0 0 0 0 0 0 
0 0 0 0 0 0 0 0 
0 0 0 0 0 0 0 0 
0 0 0 0 0 0 0 0 
0 0 0 0 0 0 0 0 
0 0 0 0 0 0 0 0 
0 0 0 0 0 0 0 0 
0 0 0 0 0 0 0 0 
0 0 0 0 0 0 0 0 
0 0 0 0 0 0 0 0 
0 0 0 0 0 0 0 0 
0 0 0 0 0 0 0 0 
0 0 0 0 0 0 0 0 
0 0 0 0 0 0 0 0 
0 0 0 0 0 0 0 0 
0 0 0 0 0 0 0 0 
0 0 0 0 0 0 0 0 
0 0 0 0 0 0 0 0 
0 0 0 0 0 0 0 0 
0 0 0 0 0 0 0 0 
0 0 0 0 0 0 0 0 
0 0 0 0 0 0 0 0 
0 0 0 0 0 0 0 0 
0 0 0 0 0 0 0 0 
0 0 0 0 0 0 0 0 
0 0 0 0 0 0 0 0 
0 0 0 0 0 0 0 0 
0 0 0 0 0 0 0 0 
0 0 0 0 0 0 0 0 
0 0 0 0 0 0 0 0 
0 0 0 0 0 0 0 0 
0 0 0 0 0 0 0 0 
0 0 0 0 0 0 0 0 
0 0 0 0 0 0 0 0 
0 0 0 0 0 0 0 0 
0 0 0 0 0 0 0 0 
0 0 0 0 0 0 0 0 
0 0 0 0 0 0 0 0 
0 0 0 0 0 0 0 0 
0 0 0 0 0 0 0 0 
0 0 0 0 0 0 0 0 
0 0 0 0 0 0 0 0 
0 0 0 0 0 0 0 0 
0 0 0 0 0 0 0 0 
0 0 0 0 0 0 0 0 
0 0 0 0 0 0 0 0 
0 0 0 0 0 0 0 0 
0 0 0 0 0 0 0 0 
0 0 0 0 0 0 0 0 
0 0 0 0 0 0 0 0 
0 0 0 0 0 0 0 0 
0 0 0 0 0 0 0 0 
0 0 0 0 0 0 0 0 
0 0 0 0 0 0 0 0 
0 0 0 0 0 0 0 0 
0 0 0 0 0 0 0 0 
0 0 0 0 0 0 0 0 
0 0 0 0 0 0 0 0 
0 0 0 0 0 0 0 0 
0 0 0 0 0 0 0 0 
0 0 0 0 0 0 0 0 
0 0 0 0 0 0 0 0 
0 0 0 0 0 0 0 0 
0 0 0 0 0 0 0 0 
0 0 0 0 0 0 0 0 
0 0 0 0 0 0 0 0 
0 0 0 0 0 0 0 0 
0 0 0 0 0 0 0 0 
0 0 0 0 0 0 0 0 
0 0 0 0 0 0 0 0 
0 0 0 0 0 0 0 0 
0 0 0 0 0 0 0 0 
0 0 0 0 0 0 0 0 
0.373839 0.00164921 0.000246986 0.000151421 0.00142872 0.0220281 0.218581 0.622721 
0.257481 0.02777 0.00443802 0.00251034 0.00468157 0.00431008 0.0465403 0.238887 
0.263712 0.251605 0.0504268 0.0408905 0.070529 0.00604183 0.0263077 0.235323 
0.710477 0.701414 0.243564 0.263734 0.0384663 0.00292281 0.0242286 0.128606 
0.571606 0.25177 0.0526948 0.0521693 0.00762464 0.0112915 0.00180671 0.0236674 
0.167569 0.0287867 0.0356433 0.18505 0.0493719 0.00462229 0.00327148 0.0495037 
0.350265 0.0200917 0.17458 0.575352 0.297584 0.0341358 0.00262237 0.00965469 
0.0544468 0.0543283 0.198472 0.175246 0.0491414 0.00491457 0.00720455 0.0533121 
0.011261 0.283512 0.054442 0.0187767 0.00375372 0.00383608 0.0532316 0.324121 
0.0737586 0.0382145 0.0049609 0.00112927 0.000275756 0.00165323 0.0152976 0.0933028 
0.238306 0.00254832 0.00027821 0.000119955 0.00167227 0.0218104 0.109645 0.225568 
0.693507 0.00943837 0.000699981 0.000770022 0.0159055 0.157309 0.040997 0.200108 
0.23565 0.115736 0.00873331 0.000417673 0.00168476 0.0160858 0.00367307 0.0228023 
0.0251807 0.00937627 0.000702711 0.000589078 0.00479378 0.00384604 0.00219551 0.0398049 
0.00311154 0.0003675 0.000581582 0.00910822 0.0721696 0.0499939 0.00563627 0.00205344 
0.000142447 0.000195433 0.00456789 0.0702473 0.428821 0.344098 0.0458147 0.00274493 
0.000107188 5.2132e-05 0.00122624 0.0189147 0.135517 0.0592906 0.00623878 0.000348473 
1.31148e-05 0.000235244 0.00524206 0.0725011 0.392076 0.0749957 0.00614719 0.000345205 
3.91551e-06 0.000166757 0.00326501 0.0409059 0.223114 0.0426488 0.0150094 0.00200122 
1.94795e-05 0.000894928 0.0161745 0.17053 0.601509 0.188495 0.146377 0.0240845 
0 0.000917902 0.00312522 0.0358488 0.179634 0.159181 0.524392 0.132902 
0 0.0267343 0.00838229 0.0583718 0.025168 0.0262249 0.133367 0.023286 
0 0.00448759 0.0558353 0.337916 0.0567881 0.00570874 0.0120026 0.00184083 
0 0.000532437 0.00782371 0.0561791 0.00751966 0.000571772 0.000639979 9.36363e-05 
0 0.00113871 0.00870605 0.0113428 0.00147195 9.60448e-05 2.77106e-05 3.62856e-06 
0 0.0153644 0.103872 0.0985418 0.0141751 0 3.53554e-05 0 
0 0.0979454 0.47948 0.472681 0.0927055 0 0 0 
0 0.0190159 0.140383 0.27503 0.00835883 0 0 0 
0 0.0231144 0.213845 0.632369 0.206815 0 0 0 
0 0.00393701 0.0435973 0.207868 0.0432091 0 0 0 
0 0.00122237 0.00396252 0.0221657 0.00386995 0 0 0.041965 
0 0.0198781 0.00181691 0.00138968 0.000239332 0 0.0146646 0.0267299 
0 0.188345 0 0.000786498 0.000593163 0 0.0342588 0.00469787 
0.00146701 0.0327328 0.0017777 2.32926e-05 0.0112421 0 0.27451 0.0479627 
0.0275538 0.00113169 0.0023169 0 0.122884 0 0.0898293 0.0351318 
0.247108 0 0.0487303 0 0.139505 0 0.32674 0 
0.0287067 0.0359688 0.234892 0.102476 0.02047 0.00832799 0.0573993 0 
0.00201109 0.114339 0.0690943 0.174514 0.0331224 0.00326177 0.00407998 0.00136165 
0.00730845 0.248593 0.216057 0.579372 0.168589 0.0164762 0 0.0132768 
0.0960056 0.0303716 0.0379523 0.178877 0.0341632 0.00325835 0.00783835 0.0943126 
0.469175 0.00442449 0.0280768 0.154485 0.0279214 0.00383289 0.0212181 0.131066 
0.12416 0.0317852 0.142707 0.535948 0.141555 0.0230537 0.120842 0.496371 
0.143356 0.2249 0.0477909 0.168509 0.0290524 0.00663992 0.0278142 0.172482 
0.238624 0.023244 0.0436483 0.257698 0.0376122 0.0687377 0.0694331 0.366164 
0.682774 0.0330218 0.0988479 0.0478728 0.00659999 0.0289425 0.24059 0.676249 
0.363273 0.257378 0.458615 0.0970752 0.00886091 0.0235221 0.239162 0.555779 
0.157173 0.667237 0.258886 0.0332429 0.00470335 0.00286026 0.0317703 0.125779 
0.0225629 0.219338 0.0472192 0.0219321 0.0565249 0.00452163 0.00784547 0.0404442 
0.00723745 0.0234869 0.0327931 0.172278 0.2271 0.0321116 0.0608276 0.257873 
0.0588635 0.0154134 0.15286 0.553874 0.173698 0.0467454 0.258493 0.666119 
0.256259 0.00234628 0.0281747 0.153003 0.029663 0.00842823 0.0744013 0.259163 
0.0592011 0.000181723 0.00230711 0.0143402 0.00247758 0.0134802 0.00772528 0.0680723 
0.00738154 9.36634e-06 0.000120742 0.000779086 0.000125932 0.000153819 0.000689512 0.00637479 
0.000761204 4.5471e-06 4.7788e-06 3.29222e-05 0.000189254 0.000277797 0.00514187 0.0588355 
0.00794908 0.000411227 9.59037e-06 0.000178775 0.0146742 0.00268521 0.0417477 0.293926 
0.0910763 0.0198965 0.000404898 3.76529e-05 0.000545287 0.00299991 0.0473665 0.314514 
0.0505225 0.000412373 5.10469e-05 0.0007139 0.0160693 0.00140984 0.00575044 0.045932 
0.0388223 3.32909e-05 0.000713667 0.0113273 0.068018 0.0191851 0.00254735 0.00328529 
0.000985193 0.000253758 0.00662955 0.105001 0.380915 0.172604 0.0289491 0.00928795 
0.00109679 2.93356e-05 0.000721968 0.011472 0.0707608 0.0550109 0.160438 0.117189 
0.0147128 9.16152e-06 0.000418026 0.00181009 0.0276103 0.239247 0.580426 0.480923 
0.0937571 0.000336508 0.017987 0.00054114 0.00331088 0.0368702 0.159609 0.106597 
0.0147445 3.81609e-05 0.000763519 0.000906089 0.00220937 0.00386143 0.0218261 0.0199526 
0.0021981 0.000813396 0.0104918 0.0184771 0.0318883 0.0180602 0.0939075 0.133019 
0.0137185 0.0108646 0.123652 0.193913 0.268989 0.135555 0.454746 0.533024 
0.138141 0.0262587 0.054664 0.354935 0.69016 0.266389 0.120645 0.148678 
0.0229556 0.250581 0.0384675 0.106093 0.428398 0.0940359 0.0316888 0.172782 
0.0075682 0.47252 0.088504 0.0171955 0.0660783 0.0104783 0.00274372 0.0176639 
0.00081729 0.0981674 0.0131303 0.00150877 0.00449231 0.00381397 0.000293589 0.00084677 
4.5652e-05 0.00745917 0.000910264 0.000173764 0.00338382 0.0560438 0.00285932 9.76366e-05 
2.71938e-06 0.00127835 7.45971e-05 2.4473e-05 0.00076861 0.00277351 0.000124239 3.45652e-06 
7.94539e-08 0.0290372 0.00106259 0.000627418 0.0229214 0.000666931 0 1.15084e-06 
1.45044e-08 0.00133326 0.00356379 0.000108504 0.000608749 0 0 0.000124027 
1.02827e-06 0 0.0534769 0 0 0 0 0.00975674 
0 0.214889 0.337367 0 0 0 0 0.350526 
0 0.0256994 0.0701093 0 0 0.216115 0 0.0609145 
0 0 0.00379547 0 0 0.0287883 0 0.00145051 
0 0 8.08319e-05 0 0 0 0 0 
0 0 0 0 0.351389 0 0 0 
0 0 0 0 0.0605932 0 0 0 
0 0 0 0 0.0650237 0 0 0 
0.00162703 0 0 0 0.00525081 0 0.33731 0 
0.0324294 0 0 0 0 0 0.0569132 0 
0.287323 0 0.012185 0 0 0 0.00493816 0 
0.0315815 0 0.0309945 0 0 0 0.0199518 0.020838 
0.00373636 0.0998925 0.241542 0 0 0 0.195711 0.202284 
0 0.169339 0.0542145 0 0 0.181114 0.630728 0.638014 
0.208605 0.619905 0.147698 0 0 0 0.215009 0.247489 
0.0432476 0.254018 0.032773 0.00865538 0 0 0.0205002 0.0258056 
0.0376731 0.022793 0 0.0899135 0 0 0.00152498 0.0190704 
0.0169968 0.00103075 0.000883227 0.0236294 0 0 0.00235997 0.0286454 
0.169774 0.000145233 0.00293731 0.000673383 0 0 0.017633 0.17218 
0.616419 0 0.0529497 0 0.000315487 0 0.0543907 0.295922 
0.44601 0 0.00785832 0 0.00138968 0 0.228137 0.656429 
0.353944 0 0.0737569 0 0.00182165 0.0383046 0.0515037 0.236116 
0.0894845 0 0.00607505 0 0.00243887 0.00237525 0.0149969 0.146459 
0.291037 1.32727e-05 0.0194318 0.00524956 0.0465507 0.00536134 0.0445966 0.324714 
0.736367 0.0140716 0.186536 0.0280526 0.00531427 0.00938327 0.111023 0.497527 
0.320799 0.062424 0.602877 0.0679541 0.00942045 0.0020741 0.0179467 0.111205 
0.0439386 0.0225204 0.284485 0.0294124 0.00293248 0.000374503 0.00312863 0.00929085 
0.00297973 0.0505735 0.535748 0.138725 0.0125114 0.00248701 0.0402826 0.00450011 
0.000330871 0.0129213 0.186114 0.0638762 0.00419039 0.00144548 0.0171061 0.0383927 
0.00228604 0.00215436 0.0326253 0.167506 0.0181058 0.0140099 0.154114 0.273778 
0.0183496 0.000305603 0.00245436 0.0178742 0.00327853 0.00175766 0.0181728 0.0559329 
0.00314157 0.00493348 0.00118286 0.00914654 0.0267196 0.00711933 0.0283895 0.184862 
0.0100071 0.07679 0.0137915 0.101715 0.254251 0.0587848 0.0538802 0.579435 
0.0447418 0.0177582 0.0329362 0.470776 0.664096 0.23251 0.0245482 0.183042 
0.0101072 0.130608 0.0299187 0.377057 0.274447 0.141483 0.0187126 0.0199895 
0.000970385 0.0113682 0.00379135 0.0662777 0.124245 0.451536 0.0540461 0.00890209 
0.000384713 0.00241667 0.000555987 0.00536828 0.0233047 0.157389 0.39353 0.021228 
0.000494696 0.0319679 0.0137903 0.00371484 0.0302865 0.0207274 0.0715676 0.00319483 
7.00746e-05 0.27503 0.0399422 0.0322595 0.227055 0.0337819 0.00728197 0.000288567 
5.59266e-05 0.734477 0.0671245 0.0185261 0.0386023 0.0671214 0.00816394 0.000386098 
0.00264682 0.310911 0.484314 0.0273792 0.0699307 0.36497 0.0305007 0.00364999 
0.0728052 0.0421693 0.111317 0.00858875 0.0136033 0.114524 0.319557 0.028727 
0.398279 0.0018688 0.0190697 0.0999262 0.00701959 0.0859491 0.0569777 0.00423397 
0.07589 0.00769833 0.0178303 0.442657 0.0276566 0.391097 0.015684 0.000340862 
0.00222512 0.2074 0.00858674 0.0993111 0.0123093 0.0878843 0.00267081 4.06255e-05 
3.39586e-05 0.00658816 0.00040624 0.0090638 0.200672 0.149375 0.00435062 6.16591e-05 
9.19159e-07 0.00018517 0.00481423 0.0178979 0.597125 0.0220315 0.000344145 3.48661e-06 
2.89875e-08 0.00302654 0.159699 0.0082895 0.287338 0.00566353 5.35988e-05 3.41627e-07 
1.69789e-09 8.72086e-05 0.0147569 0.00913721 0.536264 0.00780092 5.24051e-05 2.3049e-07 
7.5693e-10 1.04744e-06 8.05678e-05 0.00294883 0.257238 0.00171542 5.71173e-06 1.31274e-08 
2.43101e-11 1.74775e-08 2.72702e-06 0.000350056 0.0269242 0.000252716 1.21415e-06 3.89581e-09 
9.35361e-12 1.37354e-10 2.36803e-08 3.06023e-06 0.000215098 2.08203e-06 8.94038e-06 4.80056e-08 
1.44411e-10 6.11618e-13 1.02621e-10 1.1412e-08 3.75667e-07 3.2239e-06 0.00220084 8.93361e-06 
2.39859e-08 0 2.3578e-13 0 0 0 0.264224 0 
7.44848e-11 3.73585e-06 9.76471e-11 0 0 0 0.00579326 0 
3.01204e-08 0.00190123 0 0 0 0 4.13836e-06 6.17806e-06 
6.41672e-05 0.481665 0 0 0 0 0 0.00298702 
0.700915 0.0425954 0.000394727 0 0 0 0 0 
0.20523 0 0.00232982 0 0 0 0 0 
0.0319266 0 0.276385 0 0 0 0 0 
0.158263 0 0.704034 0 0 0 0 0 
0.542453 0 0.298575 0 0.440734 0 0 0 
0.130965 0 0.0331698 0 0.0945463 0 0 0 
0 0.0243192 0 0 0 0 0 0.280485 
0 0.358711 0 0 0 0 0 0.0191388 
0 0.210067 0 0 0 0 0 0.000181793 
0 0.0111804 0 0 0 0 0 0 
0 0 0 0 0 0 0 0 
0 0 0 0 0 0 0 0 
0 0 0 0 0 0 0 0 
0 0 0 0 0 0 0.231555 0 
0.477007 0 0 0 0 0 0 0.461894 
0.174762 0 0 0 0 0 0 0.101553 
0.0106058 0 0 0 0 0 0 0.00387083 
0 0 0 0 0 0 0 0.000156414 
0 0 0 0 0 0 0 0 
0 0 0 0 0 0 0 0.175851 
0 0 0 0 0 0 0 0.0384046 
0 0 0 0 0.586852 0 0 0.627846 
0 0 0 0.644092 0.341374 0 0 0.232959 
0 0 0 0.225714 0.0197539 0 0 0.00785171 
0 0 0 0.0091978 0 0 0 0 
0 0 0 0 0 0 0 0 
0 0 0 0 0 0 0 0 
0 0 0 0 0 0 0 0 
0 0 0 0 0.545241 0 0 0 
0 0 0 0 0.284649 0 0 0 
0 0 0 0 0.497132 0 0 0 
0 0 0 0 0 0 0 0 
