0 0 0 0 0 0 0 0 
0 0 0 0 0 0 0 0 
0 0 0 0 0 0 0 0 
0 0 0 0 0 0 0 0 
0 0 0 0 0 0 0 0 
0 0 0 0 0 0 0 0 
0 0 0 0 0 0 0 0 
0 0 0 0 0 0 0 0 
0 0 0 0 0 0 0 0 
0 0 0 0 0 0 0 0 
0 0 0 0 0 0 0 0 
0 0 0 0 0 0 0 0 
0 0 0 0 0 0 0 0 
0 0 0 0 0 0 0 0 
0 0 0 0 0 0 0 0 
0 0 0 0 0 0 0 0 
0 0 0 0 0 0 0 0 
0 0 0 0 0 0 0 0 
0 0 0 0 0 0 0 0 
0 0 0 0 0 0 0 0 
0 0 0 0 0 0 0 0 
0 0 0 0 0 0 0 0 
0 0 0 0 0 0 0 0 
0 0 0 0 0 0 0 0 
0 0 0 0 0 0 0 0 
0 0 0 0 0 0 0 0 
0 0 0 0 0 0 0 0 
0 0 0 0 0 0 0 0 
0 0 0 0 0 0 0 0 
0 0 0 0 0 0 0 0 
0 0 0 0 0 0 0 0 
0 0 0 0 0 0 0 0 
0 0 0 0 0 0 0 0 
0 0 0 0 0 0 0 0 
0 0 0 0 0 0 0 0 
0 0 0 0 0 0 0 0 
0 0 0 0 0 0 0 0 
0 0 0 0 0 0 0 0 
0 0 0 0 0 0 0 0 
0 0 0 0 0 0 0 0 
0 0 0 0 0 0 0 0 
0 0 0 0 0 0 0 0 
0 0 0 0 0 0 0 0 
0 0 0 0 0 0 0 0 
0 0 0 0 0 0 0 0 
0 0 0 0 0 0 0 0 
0 0 0 0 0 0 0 0 
0 0 0 0 0 0 0 0 
0 0 0 0 0 0 0 0 
0 0 0 0 0 0 0 0 
0 0 0 0 0 0 0 0 
0 0 0 0 0 0 0 0 
0 0 0 0 0 0 0 0 
0 0 0 0 0 0 0 0 
0 0 0 0 0 0 0 0 
0 0 0 0 0 0 0 0 
0 0 0 0 0 0 0 0 
0 0 0 0 0 0 0 0 
0 0 0 0 0 0 0 0 
0 0 0 0 0 0 0 0 
0 0 0 0 0 0 0 0 
0 0 0 0 0 0 0 0 
0 0 0 0 0 0 0 0 
0 0 0 0 0 0 0 0 
0 0 0 0 0 0 0 0 
0 0 0 0 0 0 0 0 
0 0 0 0 0 0 0 0 
0 0 0 0 0 0 0 0 
0 0 0 0 0 0 0 0 
0 0 0 0 0 0 0 0 
0 0 0 0 0 0 0 0 
0 0 0 0 0 0 0 0 
0 0 0 0 0 0 0 0 
0 0 0 0 0 0 0 0 
0 0 0 0 0 0 0 0 
0 0 0 0 0 0 0 0 
0 0 0 0 0 0 0 0 
0 0 0 0 0 0 0 0 
0 0 0 0 0 0 0 0 
0 0 0 0 0 0 0 0 
0 0 0 0 0 0 0 0 
0 0 0 0 0 0 0 0 
0 0 0 0 0 0 0 0 
0 0 0 0 0 0 0 0 
0 0 0 0 0 0 0 0 
0 0 0 0 0 0 0 0 
0 0 0 0 0 0 0 0 
0 0 0 0 0 0 0 0 
0.923792 0.953462 0.961756 0.963076 0.963344 0.960456 0.95958 0.961781 
0.997087 0.998671 0.998909 0.998555 0.998715 0.998805 0.998838 0.998975 
0.9999 0.999942 0.999937 0.999868 0.999977 0.999824 0.999937 0.999958 
0.999992 0.99999 0.99998 0.999962 0.99991 0.999804 0.999879 0.99996 
0.999991 0.999982 0.999971 0.999995 0.999887 0.999792 0.999762 0.999916 
0.99998 0.999945 0.999962 0.999972 0.999927 0.99981 0.999744 0.999907 
0.999976 0.999934 0.999973 0.999987 0.999957 0.999872 0.999778 0.999887 
0.99996 0.999959 0.999971 0.999962 0.999908 0.999851 0.999988 0.999938 
0.999989 0.999966 0.99992 0.999865 0.999713 0.999797 0.999916 0.999992 
0.99997 0.999883 0.999668 0.999514 0.999235 0.999633 0.999889 0.999986 
0.999999 0.999658 0.998988 0.998575 0.999374 0.999813 0.999946 0.999985 
0.999997 0.999768 0.999255 0.999038 0.999653 0.999897 0.999973 0.999992 
0.999974 0.999941 0.999589 0.99994 0.999971 0.999815 0.999825 0.999992 
0.999866 0.999728 0.9994 0.999317 0.999667 0.999766 0.999997 0.999765 
0.999439 0.999017 0.999266 0.999689 0.999884 0.999896 0.99977 0.999428 
0.999948 0.99827 0.999427 0.999863 0.999962 0.999955 0.999845 0.999848 
0.996564 0.996476 0.999253 0.999852 0.999962 0.999941 0.999763 0.99889 
0.994801 0.997264 0.999432 0.999899 0.999973 0.999955 0.999857 0.998342 
0.992042 0.997961 0.999506 0.999943 0.999979 0.999955 0.999862 0.999819 
0.99606 0.999155 0.999742 0.999946 0.999998 0.99999 0.999942 0.999725 
0.9987 0.999359 0.999721 0.999924 0.999971 0.999976 0.999975 0.999867 
0.999424 0.999748 0.999845 0.999937 0.99994 0.999916 0.999907 0.999679 
0.997924 0.999628 0.99987 0.999946 0.999889 0.999686 0.999505 0.997348 
0.968792 0.999139 0.999743 0.999877 0.999628 0.998233 0.997418 0.968727 
0 0.999356 0.999771 0.999773 0.99809 0.971304 0.990718 0.952643 
0 0.999806 0.999982 0.999298 0.974078 0 0.912122 0.865603 
0 0.999936 0.999959 0.99927 0.972972 0 0 0.589238 
0 0.999912 0.999953 0.999266 0.972896 0 0 0.768261 
0 0.999822 0.999929 0.999219 0.972244 0 0 0 
0 0.999425 0.999752 0.997921 0.946635 0 0 0 
0 0.999365 0.998327 0.973352 0 0 0 0.916484 
0 0.998461 0.973023 0.971328 0 0 0 0.916442 
0 0.97361 0 0.94172 0 0 0.918106 0 
0 0.972933 0 0.94157 0.943794 0 0.969352 0.945832 
0.972181 0.974654 0.944727 0 0.944339 0 0.945208 0 
0.972934 0 0.945751 0 0.945134 0 0.945134 0 
0.972901 0.98031 0.99732 0.973516 0.971489 0 0.946991 0 
0.973362 0.999321 0.999857 0.998615 0.972936 0 0.944925 0.973369 
0.998496 0.999956 0.999959 0.999335 0.979287 0 0 0.972859 
0.999535 0.99992 0.99994 0.999901 0.973135 0 0 0.973039 
0.999342 0.999834 0.999918 0.999262 0.972931 0 0 0.977103 
0.999407 0.999922 0.999965 0.999273 0.972952 0 0.946678 0.998066 
0.999932 0.999966 0.999954 0.999297 0.973591 0 0.972907 0.999256 
0.999973 0.999943 0.99996 0.999919 0.998635 0.974266 0.998649 0.999939 
0.999994 0.999955 0.999999 0.999948 0.999841 0.999272 0.999961 0.999992 
0.999993 0.999985 0.999983 0.999947 0.999823 0.999262 0.99992 0.99999 
0.999977 0.999992 0.999979 0.999889 0.998577 0.974473 0.99873 0.999914 
0.999927 0.999978 0.999951 0.999317 0.974249 0 0.976058 0.999369 
0.999893 0.999922 0.999955 0.999942 0.998684 0.974285 0.999448 0.999941 
0.999985 0.999804 0.99994 0.999976 0.999923 0.999342 0.999941 0.999986 
0.999981 0.999264 0.999804 0.999915 0.999884 0.999861 0.999934 0.999979 
0.999999 0.99698 0.999084 0.999593 0.999538 0.999625 0.999782 0.999903 
0.999988 0.990544 0.996791 0.998494 0.998483 0.998804 0.999417 0.999737 
0.999992 0.966545 0.971716 0.996464 0.998343 0.99889 0.999624 0.999864 
0.999795 0 0 0.972199 0.998581 0.999526 0.999855 0.999979 
0.999934 0 0 0.969742 0.998392 0.99958 0.99987 0.999955 
0.999924 0 0 0.945029 0.997568 0.99962 0.999804 0.999982 
0.999153 0 0 0 0.97422 0.999432 0.999905 0.998393 
0.972626 0 0 0.946626 0.997977 0.999881 0.999243 0.973495 
0 0 0 0.972104 0.999404 0.999937 0.999293 0.973615 
0 0 0 0.972468 0.999141 0.999937 0.999935 0.998652 
0.97292 0 0 0.972171 0.998975 0.999877 0.999958 0.999911 
0.999514 0 0 0.972578 0.999885 0.999806 0.999917 0.999898 
0.999718 0 0 0.973483 0.999216 0.999899 0.999958 0.999952 
0.999871 0 0.946675 0.997953 0.999926 0.999974 0.999984 0.999979 
0.999932 0 0.972922 0.999256 0.999971 0.999983 0.999973 0.999916 
0.9992 0.972957 0.998642 0.999933 0.999976 0.999951 0.999865 0.998578 
0.972788 0.999271 0.999891 0.999882 0.999902 0.999815 0.999004 0.973343 
0 0.999909 0.999766 0.999541 0.999706 0.999615 0.998559 0.971984 
0 0.999727 0.999153 0.998072 0.999446 0.999052 0.998737 0.971353 
0 0.999371 0.996807 0.97096 0.99648 0.981736 0.993506 0.96673 
0 0.998354 0.972767 0 0.945553 0 0.925458 0.957406 
0 0.972747 0.974063 0 0.943243 0 0 0.941699 
0 0 0.945888 0 0.939059 0 0 0.943883 
0 0.972186 0.971464 0 0.93902 0 0 0.944311 
0 0.972139 0.971363 0 0.969509 0.944966 0 0.943548 
0 0 0.944243 0 0.969882 0.944906 0 0.916719 
0 0 0.925523 0 0.944587 0 0 0 
0 0 0 0 0.944339 0 0 0 
0 0 0 0 0.945479 0.0963799 0 0 
0 0 0 0 0.944769 0.102375 0 0 
0 0 0 0 0.91701 0 0.917356 0 
0.946872 0 0 0 0 0 0.943591 0 
0.972285 0 0.917104 0 0 0 0.944873 0 
0.972919 0 0.944296 0 0 0 0.971386 0.97214 
0.973161 0.972925 0.971575 0 0 0 0.972824 0.972909 
0 0.998702 0.975418 0 0 0.918976 0.996586 0.998749 
0.972947 0.999276 0.973081 0 0 0 0.973555 0.999258 
0.999256 0.999314 0.973985 0 0 0 0.972916 0.999256 
0.999908 0.999662 0.997014 0.945765 0 0 0.975772 0.999195 
0.999911 0.99706 0.972091 0.944969 0 0 0.946194 0.997873 
0.999922 0.950242 0 0 0 0 0 0.974263 
0.999347 0 0.917286 0 0 0 0.94666 0.998088 
0.999936 0 0.943454 0 0 0 0.972253 0.999237 
0.999973 0 0.944373 0 0 0 0.972906 0.999269 
0.999968 0 0.946875 0 0 0 0.972895 0.999265 
0.99999 0 0.944421 0 0.916414 0 0.982909 0.999272 
0.999976 0 0.945836 0 0.916101 0 0.972949 0.999271 
0.999964 0.972916 0.996587 0.946698 0 0 0.973132 0.999253 
0.999891 0.999207 0.999235 0.973886 0 0 0.972736 0.999181 
0.999604 0.999205 0.999222 0.973015 0 0 0.972802 0.999018 
0.999252 0.972843 0.997952 0.973543 0 0 0.972878 0.999165 
0.999705 0 0.974077 0.997317 0.947244 0 0.973588 0.999276 
0.999948 0.9406 0.996618 0.999629 0.999207 0.973946 0.998577 0.999934 
0.999803 0 0.973804 0.999173 0.999981 0.999194 0.999872 0.999954 
0.999883 0.972915 0.998546 0.999973 0.999964 0.999934 0.999956 0.999968 
0.999904 0.99922 0.999943 0.999988 0.99999 0.999978 0.999952 0.999893 
0.99914 0.999954 0.999938 0.999981 0.999997 0.999995 0.999887 0.998537 
0.972612 0.999861 0.999829 0.999955 0.999986 0.999972 0.999276 0.973525 
0 0.999974 0.999712 0.999817 0.999927 0.99995 0.999249 0.972862 
0 0.999916 0.999872 0.999831 0.999921 0.999922 0.999194 0.972701 
0 0.999975 0.999946 0.999921 0.999956 0.999912 0.999106 0.972537 
0 0.999992 0.999969 0.999938 0.999982 0.999927 0.999155 0.973247 
0 0.999995 0.999979 0.999946 0.999957 0.999972 0.99993 0.999231 
0.972939 0.999934 0.999952 0.999925 0.999924 0.999968 0.999938 0.999276 
0.999742 0.999996 0.999909 0.999944 0.999922 0.999911 0.998657 0.974404 
0.997968 0.999858 0.999912 0.999961 0.999935 0.999281 0.973524 0 
0.947163 0.999902 0.999884 0.999942 0.999928 0.999174 0.972074 0 
0 0.999032 0.999677 0.999885 0.999891 0.997917 0.946421 0 
0 0.972117 0.998392 0.999839 0.999287 0.973655 0 0 
0 0 0.973516 0.999211 0.999325 0.976768 0 0 
0 0 0.971997 0.998471 0.999159 0.972246 0 0 
0 0 0.945074 0.972575 0.996484 0.946442 0 0 
0 0 0 0 0.944919 0 0 0 
0 0 0 0 0.917984 0 0 0 
0 0 0 0 0 0 0 0 
0 0 0 0 0 0 0.916572 0 
0 0 0 0 0 0 0.916386 0 
0 0.946639 0 0 0 0 0 0 
0 0.971579 0 0 0 0 0 0.918093 
0.971551 0.946692 0 0 0 0 0 0 
0.973318 0 0.917179 0 0 0 0 0 
0.97299 0 0.943617 0 0 0 0 0 
0.972955 0 0.944377 0 0 0 0 0 
0.972289 0 0.943657 0 0.920455 0 0 0 
0.946731 0 0.917376 0 0.942822 0 0 0 
0 0.946688 0 0 0.916352 0 0 0.917356 
0 0.972268 0 0 0 0 0 0.942579 
0 0.972305 0 0 0 0 0 0.915803 
0 0.94719 0 0 0 0 0 0 
0 0 0 0 0 0 0 0 
0 0 0 0 0 0 0 0 
0 0 0 0 0 0 0 0 
0 0 0 0 0 0 0.888841 0 
0.947428 0 0 0 0 0 0 0.94664 
0.997273 0 0 0 0 0 0 0.972077 
0.998337 0 0 0 0 0 0 0.970816 
0.971823 0 0 0 0 0 0 0.943125 
0 0 0 0 0 0 0 0.943629 
0 0 0 0 0 0 0 0.944275 
0 0 0 0 0 0 0 0.944372 
0 0 0 0 0.918242 0 0 0.944391 
0 0 0 0.945782 0.970055 0 0 0.94374 
0 0 0 0.970713 0.971242 0 0 0.924727 
0 0 0 0.944891 0.944429 0 0 0.436684 
0 0 0 0.00551113 0 0 0 0 
0 0 0 0 0 0 0 0 
0 0 0 0 0 0 0 0 
0 0 0 0 0.91748 0 0 0 
0 0 0 0 0.943669 0 0 0 
0 0 0 0 0.917476 0 0 0 
0 0 0 0 0 0 0 0 
