0 0 0 0 0 0 0 0 
0.0174551 0.0174551 0.0174551 0.0174551 0.0174551 0.0174551 0.0174551 0.0174551 
0.0349101 0.0349101 0.0349101 0.0349101 0.0349101 0.0349101 0.0349101 0.0349101 
0.0523652 0.0523652 0.0523652 0.0523652 0.0523652 0.0523652 0.0523652 0.0523652 
0.0698203 0.0698203 0.0698203 0.0698203 0.0698203 0.0698203 0.0698203 0.0698203 
0.0872753 0.0872753 0.0872753 0.0872753 0.0872753 0.0872753 0.0872753 0.0872753 
0.10473 0.10473 0.10473 0.10473 0.10473 0.10473 0.10473 0.10473 
0.122185 0.122185 0.122185 0.122185 0.122185 0.122185 0.122185 0.122185 
0.139641 0.139641 0.139641 0.139641 0.139641 0.139641 0.139641 0.139641 
0.157096 0.157096 0.157096 0.157096 0.157096 0.157096 0.157096 0.157096 
0.174551 0.174551 0.174551 0.174551 0.174551 0.174551 0.174551 0.174551 
0.192006 0.192006 0.192006 0.192006 0.192006 0.192006 0.192006 0.192006 
0.209461 0.209461 0.209461 0.209461 0.209461 0.209461 0.209461 0.209461 
0.226916 0.226916 0.226916 0.226916 0.226916 0.226916 0.226916 0.226916 
0.244371 0.244371 0.244371 0.244371 0.244371 0.244371 0.244371 0.244371 
0.261826 0.261826 0.261826 0.261826 0.261826 0.261826 0.261826 0.261826 
0.279281 0.279281 0.279281 0.279281 0.279281 0.279281 0.279281 0.279281 
0.296736 0.296736 0.296736 0.296736 0.296736 0.296736 0.296736 0.296736 
0.314191 0.314191 0.314191 0.314191 0.314191 0.314191 0.314191 0.314191 
0.331646 0.331646 0.331646 0.331646 0.331646 0.331646 0.331646 0.331646 
0.349101 0.349101 0.349101 0.349101 0.349101 0.349101 0.349101 0.349101 
0.366556 0.366556 0.366556 0.366556 0.366556 0.366556 0.366556 0.366556 
0.384011 0.384011 0.384011 0.384011 0.384011 0.384011 0.384011 0.384011 
0.401466 0.401466 0.401466 0.401466 0.401466 0.401466 0.401466 0.401466 
0.418922 0.418922 0.418922 0.418922 0.418922 0.418922 0.418922 0.418922 
0.436377 0.436377 0.436377 0.436377 0.436377 0.436377 0.436377 0.436377 
0.453832 0.453832 0.453832 0.453832 0.453832 0.453832 0.453832 0.453832 
0.471287 0.471287 0.471287 0.471287 0.471287 0.471287 0.471287 0.471287 
0.494427 0.491204 0.49244 0.493775 0.491528 0.493211 0.49323 0.488708 
0.501584 0.502158 0.501671 0.502617 0.50158 0.502366 0.501762 0.502001 
0.521041 0.518889 0.519533 0.521278 0.51867 0.520705 0.519978 0.516837 
0.52692 0.528348 0.52732 0.528806 0.527272 0.528452 0.52728 0.528375 
0.543505 0.542156 0.542402 0.544177 0.541654 0.543718 0.542525 0.540562 
0.547949 0.550017 0.548642 0.550259 0.548744 0.549928 0.548528 0.550263 
0.562191 0.561255 0.561346 0.562913 0.560754 0.562593 0.56129 0.559995 
0.565107 0.567511 0.565996 0.567569 0.566258 0.567236 0.565902 0.567872 
0.577256 0.576382 0.576532 0.577785 0.576047 0.577541 0.576368 0.575312 
0.578551 0.581043 0.579554 0.580984 0.579913 0.5806 0.579499 0.581423 
0.588731 0.587662 0.588025 0.588873 0.587571 0.588683 0.587765 0.586707 
0.588295 0.59073 0.589358 0.590574 0.589758 0.590142 0.589346 0.591098 
0.596572 0.59516 0.595808 0.5962 0.595341 0.596084 0.595471 0.594307 
0.594288 0.59663 0.595388 0.596388 0.595809 0.595926 0.595437 0.596987 
0.600715 0.598897 0.599842 0.599787 0.599351 0.599771 0.599452 0.598152 
0.596454 0.598759 0.597602 0.598453 0.598047 0.597968 0.597724 0.599106 
0.601092 0.598858 0.600077 0.599627 0.599561 0.599722 0.599645 0.598225 
0.594721 0.59711 0.595955 0.596766 0.596426 0.596249 0.596149 0.597436 
0.597685 0.595025 0.596486 0.595693 0.595938 0.59591 0.596022 0.594507 
0.589071 0.59171 0.590444 0.591343 0.590945 0.590778 0.590709 0.592006 
0.590608 0.587442 0.589132 0.588016 0.588545 0.588374 0.588668 0.587055 
0.579613 0.582703 0.581185 0.582312 0.581719 0.581682 0.581538 0.582967 
0.580227 0.576278 0.578249 0.576749 0.577607 0.577279 0.577872 0.576052 
0.566626 0.570425 0.568467 0.569984 0.569037 0.569261 0.568941 0.570668 
0.567477 0.561784 0.564349 0.562168 0.563608 0.562919 0.564274 0.561768 
0.550719 0.555382 0.552848 0.55486 0.553444 0.554 0.553521 0.555645 
0.555772 0.543611 0.548736 0.544369 0.547681 0.545383 0.54964 0.54385 
0.533983 0.537443 0.53583 0.537347 0.536236 0.536205 0.536971 0.537886 
0.572122 0.513874 0.537384 0.520941 0.534001 0.521809 0.542413 0.514114 
0.534604 0.515061 0.518848 0.519386 0.518501 0.516688 0.522296 0.514835 
0.516785 0.507361 0.512914 0.504729 0.515967 0.499015 0.550596 0.501028 
0.495912 0.503874 0.49443 0.510088 0.49811 0.4981 0.522093 0.498834 
0.482084 0.498801 0.485813 0.497292 0.487051 0.500398 0.4836 0.503633 
0.465546 0.499036 0.459114 0.547195 0.463056 0.495203 0.484378 0.492 
0.469407 0.484996 0.464958 0.511313 0.46612 0.487625 0.46224 0.49369 
0.472769 0.465373 0.474654 0.4613 0.482065 0.451329 0.534999 0.454968 
0.497958 0.459442 0.467254 0.465466 0.465828 0.467029 0.480763 0.515749 
0.478923 0.458438 0.462832 0.448693 0.461677 0.46488 0.454998 0.494728 
0.460885 0.460087 0.459133 0.456073 0.457517 0.461706 0.455512 0.463782 
0.457098 0.457171 0.459097 0.444797 0.457748 0.458792 0.445318 0.463168 
0.451913 0.460561 0.456979 0.46301 0.454676 0.461198 0.447594 0.452335 
0.453658 0.461917 0.460066 0.453237 0.458695 0.461977 0.445099 0.459601 
0.450413 0.477178 0.446933 0.521732 0.44454 0.477061 0.445588 0.462605 
0.460034 0.476837 0.462198 0.495659 0.461173 0.475471 0.4533 0.470197 
0.472005 0.479303 0.479398 0.477147 0.477231 0.478453 0.467079 0.468756 
0.478482 0.487424 0.484499 0.482911 0.484016 0.485058 0.473765 0.482814 
0.492146 0.493223 0.497321 0.483736 0.495454 0.492312 0.487164 0.484763 
0.497387 0.502756 0.502524 0.494068 0.502615 0.499979 0.494864 0.499983 
0.516013 0.507179 0.516011 0.49838 0.514138 0.507291 0.508556 0.500789 
0.516325 0.517063 0.520477 0.50857 0.520777 0.514481 0.515381 0.516121 
0.565473 0.510087 0.537847 0.509114 0.533481 0.517293 0.532209 0.505526 
0.547341 0.525661 0.534426 0.520998 0.533863 0.526198 0.531244 0.526034 
0.530434 0.535586 0.536995 0.526156 0.536172 0.53364 0.532526 0.532306 
0.531102 0.535956 0.535239 0.528434 0.537166 0.532822 0.533411 0.537379 
0.524077 0.534466 0.537078 0.525668 0.537563 0.532526 0.533149 0.532001 
0.522589 0.52894 0.530543 0.522553 0.533729 0.52596 0.529661 0.530965 
0.514451 0.521929 0.528007 0.515675 0.52807 0.522033 0.524 0.519853 
0.508481 0.513338 0.51552 0.509924 0.518302 0.51211 0.515355 0.515626 
0.49875 0.503276 0.510665 0.500268 0.508663 0.506424 0.505718 0.501281 
0.490525 0.494441 0.494523 0.49344 0.496931 0.494195 0.495047 0.496843 
0.482524 0.483567 0.494284 0.48217 0.488148 0.489577 0.485572 0.482023 
0.475324 0.478128 0.476423 0.477643 0.478582 0.477465 0.47706 0.481533 
0.47585 0.461845 0.510614 0.460933 0.477034 0.479516 0.472643 0.466975 
0.466432 0.469194 0.482636 0.4689 0.467466 0.472843 0.464969 0.479966 
0.45729 0.481826 0.457197 0.484688 0.447538 0.533956 0.446962 0.4824 
0.452863 0.48619 0.45789 0.486069 0.454651 0.514433 0.448613 0.522524 
0.470026 0.48413 0.466178 0.482105 0.475359 0.4846 0.472682 0.497422 
0.486614 0.484333 0.478062 0.486167 0.483228 0.486476 0.488018 0.485419 
0.495919 0.492089 0.487408 0.491166 0.498763 0.483276 0.499378 0.487465 
0.507576 0.498711 0.497954 0.501657 0.503149 0.495633 0.509117 0.492578 
0.515854 0.508341 0.508504 0.507188 0.522228 0.498082 0.518631 0.499314 
0.52473 0.514842 0.517509 0.517869 0.521706 0.511579 0.525882 0.508152 
0.533404 0.51853 0.532234 0.509622 0.572704 0.502478 0.538024 0.50971 
0.534138 0.524715 0.532351 0.523737 0.552618 0.519153 0.536239 0.520033 
0.5308 0.531559 0.530157 0.531033 0.531944 0.525872 0.531475 0.524197 
0.529415 0.527748 0.528808 0.530001 0.529015 0.526041 0.52941 0.525316 
0.522898 0.527519 0.523311 0.526132 0.516684 0.521463 0.522023 0.521229 
0.518308 0.516512 0.517877 0.519182 0.512087 0.514912 0.51681 0.516142 
0.509224 0.513286 0.509381 0.5101 0.500384 0.505525 0.507128 0.507045 
0.503531 0.498129 0.503078 0.501378 0.494716 0.497025 0.500822 0.499545 
0.493194 0.500258 0.493917 0.492484 0.48475 0.488195 0.491052 0.490917 
0.491234 0.481828 0.494573 0.485533 0.482658 0.481574 0.487845 0.484854 
0.476389 0.518336 0.482987 0.483992 0.475988 0.478999 0.479491 0.484527 
0.494318 0.478065 0.529343 0.468081 0.489889 0.469948 0.489872 0.47432 
0.500501 0.46894 0.559509 0.46126 0.493643 0.471426 0.489586 0.473573 
0.492449 0.484877 0.511505 0.494913 0.485993 0.487484 0.486293 0.490062 
0.472403 0.555748 0.476253 0.511381 0.479518 0.503197 0.478275 0.509155 
0.479336 0.545242 0.465765 0.561467 0.475534 0.515734 0.484481 0.517973 
0.498406 0.511291 0.486739 0.536877 0.492052 0.512716 0.494904 0.512182 
0.5014 0.515695 0.49246 0.51723 0.505229 0.513386 0.504964 0.515844 
0.509589 0.502797 0.499581 0.514901 0.50746 0.512552 0.507209 0.511522 
0.507983 0.508336 0.49822 0.506085 0.511868 0.510579 0.51275 0.512333 
0.512802 0.496192 0.502813 0.503162 0.510101 0.506094 0.510577 0.504917 
0.507102 0.499717 0.497503 0.496248 0.510361 0.50217 0.512791 0.504113 
0.509916 0.487915 0.500784 0.492799 0.506289 0.497365 0.506921 0.496376 
0.501416 0.492459 0.493122 0.488502 0.504805 0.494759 0.508039 0.497165 
0.506649 0.482483 0.498476 0.486361 0.501343 0.492154 0.501198 0.491236 
0.497364 0.490406 0.490621 0.485891 0.500919 0.492261 0.504977 0.495246 
0.512616 0.480758 0.502133 0.48487 0.500809 0.491719 0.499764 0.489886 
0.500896 0.491863 0.494104 0.487533 0.50279 0.492737 0.510575 0.496027 
0.567562 0.466864 0.522182 0.480662 0.509671 0.488656 0.510954 0.477007 
0.537924 0.486098 0.505897 0.487146 0.51253 0.485597 0.547617 0.482617 
0.532772 0.480254 0.553308 0.483333 0.510471 0.496843 0.517589 0.495209 
0.504414 0.499525 0.522111 0.494181 0.506937 0.504704 0.507208 0.50792 
0.489939 0.498719 0.512539 0.500435 0.50367 0.505525 0.495333 0.505175 
0.504535 0.497229 0.504403 0.495599 0.513 0.48926 0.544887 0.488929 
0.500615 0.486681 0.539657 0.490697 0.510419 0.492993 0.52181 0.49078 
0.493898 0.502922 0.509042 0.501783 0.500362 0.506014 0.491985 0.505771 
0.486581 0.505269 0.494526 0.510167 0.494298 0.506488 0.490834 0.504356 
0.487344 0.510163 0.485583 0.508881 0.493611 0.509669 0.482937 0.509608 
0.492142 0.49375 0.526996 0.499914 0.499003 0.502506 0.490942 0.500203 
0.490105 0.504757 0.50518 0.50317 0.496505 0.506947 0.48552 0.5069 
0.484701 0.509536 0.480664 0.520385 0.490198 0.508077 0.486419 0.505184 
0.487972 0.510919 0.482538 0.510038 0.493695 0.508413 0.48616 0.507907 
0.482629 0.514494 0.470611 0.560833 0.479188 0.514179 0.484195 0.507613 
0.49062 0.509912 0.479965 0.531627 0.491577 0.508423 0.489191 0.505959 
0.504863 0.481889 0.551255 0.484288 0.512187 0.493803 0.501341 0.490956 
0.501517 0.493823 0.525075 0.493603 0.505491 0.49872 0.497514 0.498297 
0.497128 0.497898 0.491122 0.492802 0.504429 0.497672 0.497208 0.495952 
0.499425 0.497067 0.496603 0.492748 0.502089 0.497942 0.497768 0.498431 
0.498212 0.4941 0.484785 0.48778 0.508334 0.494086 0.499367 0.493511 
0.499895 0.494285 0.4935 0.489507 0.502691 0.495116 0.500119 0.496379 
0.502224 0.488347 0.492782 0.47585 0.543943 0.481912 0.506935 0.488284 
0.4997 0.49451 0.495964 0.486793 0.522704 0.491015 0.502673 0.496206 
0.494874 0.497455 0.484558 0.495684 0.49611 0.501478 0.496258 0.497328 
0.495345 0.500608 0.491572 0.496903 0.498497 0.499583 0.49725 0.501869 
0.491961 0.501545 0.48264 0.500996 0.484687 0.509258 0.491337 0.501728 
0.493329 0.503078 0.489993 0.500019 0.491452 0.502294 0.494544 0.504744 
0.488372 0.504755 0.47959 0.507064 0.472803 0.540971 0.480437 0.507898 
0.494456 0.501533 0.491409 0.500012 0.488348 0.51823 0.492736 0.504666 
0.497526 0.496242 0.489082 0.495623 0.490572 0.495795 0.498117 0.496458 
0.497527 0.498722 0.495041 0.495204 0.495081 0.496026 0.499958 0.499867 
0.497864 0.496853 0.489906 0.494766 0.491575 0.487954 0.49855 0.495722 
0.496801 0.500508 0.495364 0.495803 0.494953 0.49198 0.499963 0.500743 
0.498932 0.497802 0.491586 0.495858 0.491405 0.488133 0.497392 0.497136 
0.498206 0.501278 0.498143 0.49672 0.495817 0.493099 0.501219 0.501935 
0.503102 0.497928 0.495097 0.496661 0.493277 0.491033 0.498199 0.497861 
0.501465 0.501526 0.501976 0.49692 0.499767 0.494783 0.50815 0.501707 
0.513513 0.495693 0.500131 0.495896 0.498871 0.492843 0.50362 0.495656 
0.513204 0.496167 0.510293 0.4923 0.511654 0.485814 0.548759 0.490277 
0.566718 0.478879 0.512675 0.489764 0.510349 0.485459 0.537012 0.476098 
0.533625 0.496745 0.509424 0.498695 0.506487 0.503246 0.509194 0.499569 
0.502563 0.503817 0.498303 0.502875 0.499632 0.502277 0.503622 0.50404 
0.501418 0.506187 0.503328 0.504381 0.501625 0.509208 0.49508 0.508904 
0.489927 0.505019 0.495069 0.505015 0.496768 0.503681 0.495209 0.504772 
0.493906 0.505314 0.503242 0.504301 0.500242 0.508919 0.490928 0.507671 
0.488391 0.50312 0.494994 0.50431 0.496436 0.502037 0.493341 0.502465 
0.494747 0.502543 0.509996 0.501913 0.501919 0.50776 0.491381 0.505593 
0.492428 0.500817 0.498962 0.502491 0.499656 0.499566 0.497083 0.500126 
0.50587 0.48892 0.55559 0.488201 0.512808 0.50389 0.499302 0.50015 
0.500725 0.494467 0.527422 0.496554 0.507296 0.496178 0.508867 0.496883 
0.499564 0.507989 0.503746 0.507894 0.505286 0.518314 0.499177 0.507936 
0.508176 0.49643 0.506946 0.499953 0.513128 0.488197 0.559687 0.48631 
0.497143 0.514294 0.489437 0.518987 0.491568 0.573739 0.51918 0.513284 
0.495945 0.506272 0.492379 0.513406 0.494099 0.545981 0.494585 0.512146 
0.509816 0.50428 0.499344 0.503225 0.519085 0.496196 0.556657 0.495096 
0.501005 0.501446 0.495407 0.506743 0.503009 0.505128 0.518403 0.501713 
0.497991 0.513991 0.492598 0.507843 0.508984 0.500714 0.500626 0.510628 
0.495652 0.502893 0.492835 0.507521 0.496114 0.502499 0.491594 0.505023 
0.486041 0.543312 0.484039 0.509448 0.508909 0.498597 0.487372 0.513002 
0.492786 0.515806 0.492721 0.504187 0.497289 0.496096 0.487963 0.500543 
0.508002 0.489632 0.512605 0.479124 0.570881 0.471592 0.503658 0.491632 
0.49868 0.490263 0.50257 0.492528 0.529988 0.485048 0.492451 0.491117 
0.497308 0.489636 0.499057 0.500253 0.500281 0.493923 0.489019 0.497374 
0.490756 0.489525 0.492425 0.506652 0.491183 0.494222 0.483387 0.493058 
0.489988 0.491896 0.490346 0.507794 0.483147 0.496499 0.483546 0.498161 
0.478882 0.501674 0.469138 0.564315 0.463844 0.504908 0.473189 0.498838 
0.481315 0.504822 0.469308 0.574691 0.462642 0.506234 0.477023 0.502694 
0.487583 0.493092 0.488156 0.514167 0.482366 0.493746 0.482346 0.490535 
0.493335 0.493348 0.495249 0.495645 0.489152 0.491898 0.489459 0.493966 
0.494625 0.48963 0.497965 0.480552 0.491388 0.488375 0.488507 0.488136 
0.49761 0.493551 0.498702 0.481388 0.492799 0.49013 0.493644 0.494669 
0.497177 0.490792 0.499359 0.475548 0.49223 0.488555 0.490198 0.490283 
0.498054 0.495531 0.498139 0.48076 0.49315 0.491219 0.494911 0.49748 
0.497174 0.491694 0.498954 0.476535 0.491975 0.48962 0.490277 0.492254 
0.497239 0.496372 0.496599 0.482543 0.493305 0.491881 0.49611 0.498638 
0.497617 0.490923 0.499775 0.477764 0.492348 0.489689 0.490725 0.491959 
0.497784 0.495756 0.496219 0.483884 0.494583 0.490945 0.499684 0.497341 
0.501451 0.487184 0.507085 0.476687 0.495158 0.487669 0.49362 0.488877 
0.502785 0.491858 0.501009 0.482215 0.499911 0.48618 0.511786 0.492064 
0.51818 0.468036 0.559525 0.460538 0.50941 0.477698 0.50667 0.477626 
0.52057 0.477468 0.538344 0.470046 0.51798 0.464948 0.576921 0.470946 
0.522334 0.483323 0.505257 0.47966 0.505738 0.477157 0.538931 0.475091 
0.507113 0.493693 0.503768 0.488601 0.502396 0.492266 0.505192 0.498946 
0.580297 0.467113 0.505701 0.478309 0.506273 0.480125 0.515827 0.464835 
0.541234 0.487328 0.501785 0.490196 0.500821 0.493076 0.497637 0.491669 
0.497781 0.496784 0.487265 0.492236 0.492648 0.49348 0.491465 0.493786 
0.497017 0.500388 0.491226 0.497661 0.492963 0.499576 0.486073 0.505707 
0.479303 0.499497 0.481535 0.495547 0.486989 0.496463 0.484177 0.496081 
0.481369 0.503475 0.48412 0.500857 0.486527 0.503092 0.478485 0.514629 
0.470467 0.500872 0.475152 0.497405 0.480287 0.499146 0.477114 0.49915 
0.45699 0.514162 0.471812 0.50721 0.474396 0.514014 0.457138 0.570018 
0.460567 0.502704 0.469393 0.497335 0.473948 0.501744 0.466826 0.529392 
0.47935 0.498098 0.478087 0.496276 0.480286 0.498546 0.477794 0.499896 
0.466238 0.493285 0.470444 0.490383 0.474488 0.492242 0.472837 0.492504 
0.479319 0.490934 0.477397 0.490582 0.479259 0.491294 0.477302 0.483239 
0.464885 0.485662 0.469537 0.484117 0.473111 0.484437 0.471438 0.479379 
0.482022 0.482459 0.477201 0.483705 0.478532 0.48328 0.476409 0.473856 
0.464548 0.4775 0.469107 0.477054 0.471835 0.47636 0.470693 0.470845 
0.513863 0.465098 0.482291 0.473391 0.480598 0.472347 0.480813 0.457532 
0.481352 0.467478 0.468687 0.471023 0.469584 0.469499 0.471384 0.461469 
0.468041 0.475808 0.470848 0.474694 0.472312 0.473536 0.467637 0.469361 
0.458246 0.467214 0.462172 0.468709 0.464988 0.463453 0.482973 0.459541 
0.456885 0.470508 0.467409 0.469322 0.469009 0.47076 0.463066 0.467806 
0.449134 0.460603 0.457091 0.467313 0.460136 0.459853 0.448244 0.456038 
0.451553 0.46371 0.462573 0.465348 0.464861 0.461722 0.456994 0.458022 
0.436944 0.461225 0.436662 0.506368 0.439094 0.460912 0.441261 0.452343 
0.44317 0.460679 0.448436 0.49072 0.449868 0.460842 0.451253 0.453307 
0.433367 0.447934 0.436492 0.47615 0.437928 0.449822 0.437786 0.440693 
0.43457 0.455184 0.431421 0.518459 0.43227 0.45652 0.441982 0.446248 
0.425814 0.433214 0.432991 0.445103 0.433902 0.435819 0.427831 0.429289 
0.432937 0.432294 0.439674 0.425868 0.440628 0.432832 0.44171 0.428086 
0.416834 0.413718 0.421182 0.396477 0.422097 0.415599 0.417086 0.411901 
0.426825 0.410773 0.424802 0.398275 0.428369 0.40403 0.46121 0.401527 
0.399938 0.391435 0.399724 0.373953 0.40167 0.389169 0.415808 0.388356 
0.394639 0.39756 0.3935 0.394874 0.39336 0.408124 0.393009 0.39829 
0.363823 0.367049 0.365393 0.354856 0.365826 0.36411 0.362548 0.367197 
0.353198 0.377693 0.343267 0.42556 0.341852 0.376347 0.345307 0.374117 
0.31528 0.324752 0.313574 0.344728 0.312324 0.325099 0.309646 0.322614 
0.314704 0.315748 0.319467 0.308994 0.317711 0.316639 0.306339 0.316363 
0.240448 0.240381 0.243217 0.235093 0.242183 0.241215 0.235375 0.240163 
0.241298 0.240009 0.244399 0.227779 0.243334 0.240274 0.235083 0.240499 
