0 0 0 0 0 0 0 0 
0.0174551 0.0174551 0.0174551 0.0174551 0.0174551 0.0174551 0.0174551 0.0174551 
0.0349101 0.0349101 0.0349101 0.0349101 0.0349101 0.0349101 0.0349101 0.0349101 
0.0523652 0.0523652 0.0523652 0.0523652 0.0523652 0.0523652 0.0523652 0.0523652 
0.0698203 0.0698203 0.0698203 0.0698203 0.0698203 0.0698203 0.0698203 0.0698203 
0.0872753 0.0872753 0.0872753 0.0872753 0.0872753 0.0872753 0.0872753 0.0872753 
0.10473 0.10473 0.10473 0.10473 0.10473 0.10473 0.10473 0.10473 
0.122185 0.122185 0.122185 0.122185 0.122185 0.122185 0.122185 0.122185 
0.139641 0.139641 0.139641 0.139641 0.139641 0.139641 0.139641 0.139641 
0.157096 0.157096 0.157096 0.157096 0.157096 0.157096 0.157096 0.157096 
0.174551 0.174551 0.174551 0.174551 0.174551 0.174551 0.174551 0.174551 
0.192006 0.192006 0.192006 0.192006 0.192006 0.192006 0.192006 0.192006 
0.209461 0.209461 0.209461 0.209461 0.209461 0.209461 0.209461 0.209461 
0.226916 0.226916 0.226916 0.226916 0.226916 0.226916 0.226916 0.226916 
0.244371 0.244371 0.244371 0.244371 0.244371 0.244371 0.244371 0.244371 
0.261826 0.261826 0.261826 0.261826 0.261826 0.261826 0.261826 0.261826 
0.279281 0.279281 0.279281 0.279281 0.279281 0.279281 0.279281 0.279281 
0.296736 0.296736 0.296736 0.296736 0.296736 0.296736 0.296736 0.296736 
0.314191 0.314191 0.314191 0.314191 0.314191 0.314191 0.314191 0.314191 
0.331646 0.331646 0.331646 0.331646 0.331646 0.331646 0.331646 0.331646 
0.349101 0.349101 0.349101 0.349101 0.349101 0.349101 0.349101 0.349101 
0.366556 0.366556 0.366556 0.366556 0.366556 0.366556 0.366556 0.366556 
0.384011 0.384011 0.384011 0.384011 0.384011 0.384011 0.384011 0.384011 
0.401466 0.401466 0.401466 0.401466 0.401466 0.401466 0.401466 0.401466 
0.418922 0.418922 0.418922 0.418922 0.418922 0.418922 0.418922 0.418922 
0.436377 0.436377 0.436377 0.436377 0.436377 0.436377 0.436377 0.436377 
0.453832 0.453832 0.453832 0.453832 0.453832 0.453832 0.453832 0.453832 
0.471287 0.471287 0.471287 0.471287 0.471287 0.471287 0.471287 0.471287 
0.498285 0.491241 0.495731 0.49145 0.497049 0.491445 0.499793 0.482461 
0.503041 0.502985 0.503393 0.503082 0.503521 0.503243 0.503408 0.502413 
0.526489 0.520025 0.524401 0.520294 0.525668 0.520327 0.527516 0.512551 
0.530407 0.530593 0.53114 0.530838 0.53133 0.530882 0.530955 0.53031 
0.55122 0.545131 0.54938 0.545443 0.550593 0.545391 0.551785 0.538898 
0.553927 0.554568 0.554971 0.554907 0.555147 0.554832 0.554605 0.554747 
0.572741 0.567017 0.570983 0.567332 0.572107 0.567224 0.572878 0.561815 
0.574105 0.575359 0.575386 0.575754 0.575475 0.57562 0.574925 0.575898 
0.591281 0.585927 0.589495 0.586217 0.59049 0.586111 0.591018 0.581576 
0.591243 0.593193 0.592724 0.593621 0.592684 0.593493 0.592235 0.593962 
0.60702 0.602006 0.60514 0.602253 0.60601 0.602193 0.606373 0.598443 
0.605542 0.608222 0.607203 0.608663 0.607039 0.608586 0.606745 0.609113 
0.620085 0.615387 0.61805 0.615556 0.61883 0.61557 0.61906 0.612673 
0.617144 0.620583 0.618943 0.620999 0.618678 0.621012 0.618612 0.621474 
0.630543 0.626236 0.628279 0.626256 0.62901 0.626387 0.629135 0.624641 
0.626166 0.630465 0.627997 0.630781 0.627644 0.630953 0.627952 0.631203 
0.638256 0.634925 0.63573 0.634631 0.636442 0.635004 0.636442 0.635395 
0.632517 0.638328 0.634192 0.638383 0.633749 0.638886 0.63467 0.638848 
0.641593 0.6429 0.639505 0.641712 0.640226 0.642852 0.639376 0.649823 
0.634371 0.646037 0.636338 0.645125 0.635793 0.646696 0.636909 0.647187 
0.626416 0.658451 0.634467 0.652251 0.635285 0.658048 0.624485 0.710251 
0.628116 0.65385 0.635493 0.64993 0.634761 0.654818 0.630996 0.684778 
0.654122 0.64563 0.6451 0.644535 0.645771 0.645555 0.649148 0.643196 
0.634663 0.648629 0.638646 0.646338 0.637786 0.649719 0.639041 0.652009 
0.657572 0.639817 0.646039 0.641474 0.64672 0.639629 0.650686 0.628478 
0.631859 0.643787 0.637178 0.64103 0.635901 0.646119 0.637113 0.64229 
0.667675 0.629395 0.644065 0.651807 0.644205 0.630829 0.652958 0.617604 
0.633367 0.633053 0.639695 0.633224 0.63614 0.642637 0.636088 0.635367 
0.752071 0.589842 0.661876 0.600196 0.655038 0.610093 0.676187 0.582178 
0.673164 0.616987 0.633711 0.630496 0.617156 0.680204 0.631543 0.620644 
0.708414 0.592208 0.651966 0.598473 0.649978 0.615366 0.736342 0.574645 
0.653056 0.612589 0.627083 0.63038 0.628897 0.606508 0.689659 0.601871 
0.615249 0.619237 0.6152 0.619885 0.617269 0.621522 0.620334 0.619932 
0.576462 0.668724 0.563364 0.74557 0.570886 0.624898 0.618399 0.631938 
0.594123 0.635362 0.583272 0.673564 0.589093 0.611563 0.591141 0.624786 
0.597096 0.584367 0.609337 0.581242 0.61341 0.557803 0.720828 0.617322 
0.65957 0.581893 0.591915 0.580661 0.593769 0.578588 0.629824 0.706975 
0.630027 0.556524 0.590857 0.547507 0.575358 0.57503 0.571148 0.644755 
0.547362 0.632781 0.544889 0.563526 0.564494 0.564754 0.552338 0.586703 
0.546052 0.56479 0.590234 0.519863 0.551138 0.552753 0.524935 0.557106 
0.52245 0.529788 0.564726 0.523412 0.588674 0.518053 0.523386 0.511932 
0.488494 0.529275 0.510736 0.525122 0.521217 0.583674 0.46872 0.524669 
0.459733 0.524887 0.467585 0.630453 0.462182 0.564829 0.45621 0.501309 
0.453069 0.500495 0.461799 0.559493 0.470765 0.50341 0.451906 0.48783 
0.446785 0.47511 0.469346 0.484506 0.465931 0.484633 0.448246 0.456624 
0.430139 0.46645 0.443359 0.478476 0.447828 0.457629 0.430498 0.456719 
0.426912 0.44864 0.441939 0.438529 0.436681 0.449328 0.424501 0.430868 
0.40294 0.452406 0.401227 0.500852 0.402343 0.439949 0.402411 0.440128 
0.419072 0.426753 0.415325 0.445206 0.408428 0.426088 0.406958 0.408056 
0.404076 0.41521 0.410484 0.404158 0.409339 0.403293 0.400289 0.411729 
0.487899 0.376087 0.426738 0.380064 0.413825 0.390892 0.415734 0.363507 
0.442795 0.384677 0.408891 0.372289 0.403835 0.382067 0.401891 0.383131 
0.399332 0.391701 0.40535 0.372571 0.399875 0.388979 0.396783 0.381568 
0.397459 0.387433 0.398412 0.368921 0.396821 0.379309 0.393881 0.388924 
0.386877 0.387716 0.405098 0.369131 0.405854 0.385878 0.397409 0.37973 
0.393543 0.387208 0.401528 0.371894 0.403016 0.38041 0.398273 0.390919 
0.398284 0.385864 0.421269 0.362989 0.457091 0.378808 0.413182 0.379185 
0.404144 0.39496 0.414464 0.379115 0.44024 0.384833 0.412103 0.400245 
0.407763 0.405574 0.427557 0.396874 0.419881 0.412189 0.417567 0.399609 
0.418841 0.415548 0.426569 0.406227 0.43346 0.409029 0.424879 0.422266 
0.430293 0.424694 0.454915 0.418907 0.432152 0.436807 0.436717 0.420203 
0.443454 0.437387 0.452839 0.429289 0.458025 0.431331 0.447984 0.448088 
0.468967 0.43015 0.550754 0.427136 0.467525 0.468336 0.466886 0.4401 
0.473447 0.457323 0.523752 0.443729 0.524731 0.45824 0.47607 0.485655 
0.466459 0.502739 0.476955 0.503749 0.472027 0.616331 0.454519 0.507926 
0.457796 0.526966 0.48033 0.523878 0.470363 0.591934 0.453851 0.615832 
0.497692 0.529742 0.496535 0.524186 0.509099 0.540188 0.507083 0.566364 
0.522266 0.534952 0.514397 0.53473 0.51399 0.542844 0.523003 0.551746 
0.537651 0.54717 0.527031 0.541765 0.540337 0.535265 0.553481 0.543998 
0.549396 0.555195 0.540588 0.55443 0.540621 0.549363 0.551705 0.561686 
0.574793 0.557844 0.560886 0.550981 0.58498 0.53145 0.637325 0.535633 
0.563925 0.575649 0.563339 0.57123 0.5693 0.560764 0.59789 0.608249 
0.585236 0.574815 0.587659 0.553144 0.668909 0.551263 0.594845 0.586281 
0.594843 0.577615 0.591046 0.571608 0.633485 0.561711 0.602804 0.574999 
0.588738 0.59374 0.584411 0.592699 0.585898 0.596628 0.580571 0.584626 
0.593339 0.58693 0.589459 0.590167 0.589696 0.580556 0.591615 0.579069 
0.579064 0.602117 0.57516 0.606237 0.549882 0.660143 0.555843 0.592325 
0.583598 0.583455 0.581304 0.590133 0.566637 0.610942 0.573911 0.578739 
0.577488 0.585471 0.574241 0.581728 0.561459 0.572484 0.567941 0.567164 
0.570435 0.564771 0.571093 0.568759 0.557844 0.556351 0.564832 0.558368 
0.554582 0.57558 0.553889 0.562425 0.53994 0.54029 0.544621 0.546723 
0.543737 0.543822 0.554758 0.544003 0.532897 0.523547 0.537273 0.534855 
0.505912 0.618158 0.519551 0.548968 0.505467 0.518075 0.506244 0.530431 
0.518083 0.532925 0.59971 0.498084 0.516922 0.483958 0.511953 0.500828 
0.518024 0.493817 0.62257 0.52331 0.489428 0.481888 0.486557 0.479417 
0.475879 0.5065 0.521684 0.529313 0.466895 0.470881 0.468692 0.483755 
0.458454 0.590319 0.441753 0.506028 0.43211 0.511518 0.426028 0.482848 
0.410094 0.623357 0.386248 0.587628 0.399762 0.49477 0.417696 0.49109 
0.432581 0.492837 0.415677 0.498147 0.424531 0.445638 0.42494 0.449509 
0.447863 0.416755 0.485068 0.424787 0.447306 0.411659 0.469932 0.423288 
0.437243 0.399048 0.454394 0.41745 0.435006 0.415108 0.446881 0.41701 
0.419156 0.406983 0.411364 0.428697 0.42521 0.423486 0.423481 0.437303 
0.433207 0.396632 0.423594 0.418937 0.427072 0.444764 0.455356 0.417292 
0.417653 0.424324 0.392009 0.491049 0.414336 0.458042 0.439152 0.455732 
0.446229 0.422521 0.428669 0.46637 0.440947 0.443048 0.440576 0.443925 
0.428642 0.454779 0.428861 0.45714 0.452872 0.467811 0.440282 0.534537 
0.4775 0.461193 0.466825 0.466909 0.474751 0.467401 0.459307 0.507131 
0.491405 0.48258 0.476029 0.473502 0.495886 0.482494 0.499694 0.500166 
0.544426 0.498481 0.518067 0.492266 0.516981 0.493904 0.509326 0.505452 
0.545657 0.518531 0.524967 0.505246 0.539276 0.510363 0.555791 0.524265 
0.705176 0.536641 0.589037 0.511967 0.571615 0.511329 0.577512 0.498066 
0.670704 0.548326 0.587624 0.520534 0.599376 0.510323 0.684104 0.508522 
0.719267 0.497866 0.727116 0.506727 0.628107 0.520598 0.659625 0.513083 
0.665565 0.547522 0.655844 0.541395 0.616238 0.554539 0.636315 0.549272 
0.602256 0.561205 0.627385 0.562876 0.612401 0.563945 0.609008 0.567909 
0.618698 0.549113 0.6101 0.545451 0.626365 0.536531 0.707846 0.531999 
0.590979 0.519099 0.677785 0.528281 0.622213 0.535506 0.649252 0.532093 
0.566345 0.528618 0.605438 0.529727 0.588914 0.548171 0.570594 0.539344 
0.532558 0.515946 0.5544 0.53243 0.566606 0.528355 0.546011 0.520512 
0.512324 0.496246 0.519643 0.499258 0.539407 0.511734 0.506692 0.501223 
0.512443 0.447998 0.564038 0.494924 0.523901 0.477373 0.492125 0.463213 
0.464554 0.442741 0.501473 0.459562 0.487127 0.46148 0.453919 0.452441 
0.422047 0.42371 0.440091 0.438071 0.499271 0.425945 0.437746 0.424517 
0.4052 0.412115 0.410361 0.417986 0.449502 0.422499 0.404546 0.415319 
0.370538 0.415132 0.367622 0.505077 0.385736 0.428335 0.377511 0.41103 
0.377029 0.40377 0.371959 0.456948 0.385289 0.417432 0.371223 0.404631 
0.394604 0.363878 0.501224 0.372452 0.413969 0.395093 0.388596 0.385151 
0.397698 0.392492 0.46076 0.40172 0.402889 0.414335 0.385537 0.406521 
0.396869 0.421504 0.40378 0.414042 0.41257 0.429526 0.396119 0.422654 
0.419163 0.443588 0.422721 0.44837 0.418889 0.454528 0.412265 0.448896 
0.436002 0.465976 0.420781 0.456067 0.458441 0.47125 0.438659 0.466912 
0.462642 0.496638 0.44779 0.528595 0.459252 0.505492 0.461143 0.499878 
0.496505 0.506308 0.481387 0.501726 0.589994 0.497454 0.508271 0.506696 
0.524165 0.531896 0.522673 0.522172 0.577891 0.532274 0.530052 0.53883 
0.536389 0.559169 0.519761 0.55697 0.547553 0.570023 0.543011 0.561441 
0.561084 0.571751 0.561351 0.563155 0.568547 0.578444 0.565265 0.580403 
0.564381 0.587127 0.547829 0.581596 0.556758 0.605295 0.567629 0.591402 
0.580681 0.576553 0.611577 0.566783 0.575426 0.592174 0.580499 0.594511 
0.558305 0.590853 0.560816 0.588659 0.53545 0.674129 0.546137 0.605077 
0.553774 0.581159 0.543161 0.574223 0.539759 0.622683 0.552309 0.591906 
0.539123 0.555169 0.521686 0.545923 0.537724 0.553312 0.545699 0.55984 
0.516765 0.533878 0.499692 0.52471 0.508372 0.53431 0.523299 0.54112 
0.4956 0.495491 0.477531 0.478802 0.528058 0.472847 0.504115 0.498407 
0.465421 0.473194 0.451131 0.462008 0.477164 0.464252 0.47398 0.479219 
0.442391 0.443322 0.422954 0.437113 0.441043 0.42994 0.445338 0.445314 
0.423519 0.426482 0.412167 0.420497 0.421031 0.421625 0.433015 0.431573 
0.424711 0.40298 0.409567 0.388955 0.465721 0.382727 0.427717 0.40426 
0.419164 0.407654 0.411442 0.398047 0.446119 0.399147 0.437791 0.411537 
0.443932 0.407145 0.413749 0.408584 0.418398 0.402539 0.433993 0.407155 
0.470477 0.414592 0.445879 0.414404 0.455303 0.405469 0.538639 0.409817 
0.603469 0.395945 0.477929 0.422501 0.465449 0.410831 0.541121 0.391749 
0.611404 0.439116 0.495491 0.469829 0.47421 0.50415 0.500949 0.44848 
0.544117 0.491373 0.499845 0.496751 0.485059 0.510546 0.51444 0.491427 
0.534739 0.532546 0.515855 0.569295 0.507867 0.53556 0.518222 0.534441 
0.534769 0.550294 0.533101 0.56943 0.525077 0.542919 0.542802 0.543718 
0.551704 0.562645 0.571023 0.557515 0.562445 0.557868 0.553271 0.568296 
0.552076 0.572993 0.564784 0.572321 0.55927 0.560139 0.567245 0.564219 
0.553698 0.575583 0.59445 0.561459 0.577579 0.572282 0.558146 0.605262 
0.556385 0.564668 0.573346 0.561089 0.566152 0.551172 0.573161 0.566778 
0.566832 0.530405 0.670712 0.519308 0.581856 0.546935 0.565189 0.538218 
0.535855 0.527459 0.59511 0.52409 0.547459 0.521278 0.558396 0.52201 
0.510505 0.526511 0.523894 0.517609 0.527566 0.539765 0.521361 0.517016 
0.504961 0.486222 0.506901 0.48804 0.513219 0.471659 0.610455 0.466174 
0.466674 0.494958 0.4547 0.498393 0.45978 0.615416 0.520749 0.492102 
0.451896 0.469629 0.446399 0.481102 0.443949 0.551398 0.458967 0.480472 
0.464551 0.459647 0.446478 0.457963 0.472679 0.494325 0.556323 0.446723 
0.454517 0.453364 0.44459 0.464094 0.449939 0.487372 0.496364 0.454713 
0.455396 0.479855 0.446418 0.465065 0.477842 0.46173 0.471698 0.47039 
0.461146 0.476596 0.456921 0.481946 0.460376 0.478277 0.460807 0.476113 
0.450314 0.578685 0.450355 0.497499 0.503193 0.476521 0.464237 0.503697 
0.477818 0.545757 0.481131 0.508983 0.494371 0.490834 0.476399 0.501293 
0.522548 0.50008 0.53379 0.472708 0.662491 0.453176 0.521662 0.494368 
0.518201 0.519081 0.528159 0.515163 0.591439 0.493489 0.511521 0.510483 
0.524663 0.52133 0.529675 0.534278 0.540162 0.514155 0.514553 0.527463 
0.517338 0.53267 0.521699 0.558539 0.518529 0.524944 0.505243 0.529277 
0.514197 0.532971 0.514802 0.560957 0.501555 0.528582 0.503235 0.536781 
0.488089 0.554084 0.47025 0.6765 0.45382 0.546389 0.474535 0.539999 
0.481431 0.546705 0.459486 0.685997 0.444592 0.542478 0.471144 0.537661 
0.480922 0.520209 0.479751 0.564482 0.462234 0.512707 0.467539 0.510286 
0.477229 0.502433 0.478915 0.509557 0.466613 0.505147 0.468073 0.503449 
0.468654 0.489911 0.471787 0.476671 0.455071 0.486927 0.455577 0.48681 
0.459491 0.485823 0.459282 0.472431 0.442094 0.538644 0.443278 0.49583 
0.461097 0.475754 0.461623 0.456905 0.440838 0.5069 0.443717 0.479219 
0.469302 0.468322 0.467981 0.447299 0.47352 0.465797 0.470046 0.476852 
0.472727 0.467899 0.473641 0.447455 0.460155 0.471502 0.46123 0.471076 
0.487344 0.461402 0.490582 0.430046 0.548017 0.437846 0.496685 0.46957 
0.489289 0.468909 0.494703 0.444931 0.510361 0.461733 0.479392 0.471511 
0.492601 0.476066 0.491176 0.461099 0.491082 0.464807 0.501802 0.483041 
0.503742 0.473114 0.515151 0.45632 0.489913 0.471954 0.488366 0.476102 
0.509635 0.472198 0.511131 0.45859 0.497644 0.459916 0.53078 0.478337 
0.540637 0.440355 0.626721 0.423523 0.515232 0.452174 0.519138 0.455481 
0.546222 0.443328 0.587717 0.429402 0.533853 0.416705 0.66385 0.437587 
0.547222 0.471871 0.511985 0.45296 0.50469 0.447852 0.580012 0.448971 
0.524182 0.469108 0.512902 0.455798 0.50471 0.456799 0.526066 0.482633 
0.653433 0.48733 0.491593 0.451848 0.497234 0.450379 0.522741 0.428564 
0.602659 0.474009 0.512904 0.44517 0.517573 0.433471 0.559805 0.438861 
0.516092 0.472334 0.482106 0.458783 0.487839 0.45634 0.514634 0.457168 
0.51919 0.456372 0.54464 0.432936 0.557519 0.440335 0.498647 0.468681 
0.47886 0.464151 0.49995 0.457819 0.510608 0.464741 0.479903 0.466329 
0.471501 0.485727 0.474331 0.481403 0.479192 0.479494 0.463513 0.504993 
0.453288 0.482155 0.460868 0.483953 0.465007 0.494194 0.453732 0.490094 
0.420706 0.516308 0.442775 0.503203 0.448364 0.51011 0.429299 0.627657 
0.432912 0.496856 0.442222 0.498519 0.437695 0.545251 0.426061 0.565857 
0.475622 0.491036 0.458728 0.484837 0.465754 0.494162 0.515379 0.481388 
0.451317 0.481297 0.450738 0.482435 0.457884 0.482504 0.483132 0.481498 
0.452101 0.534873 0.440486 0.491141 0.457465 0.486831 0.462595 0.476064 
0.439654 0.501845 0.442891 0.480499 0.451214 0.473658 0.453123 0.469345 
0.48713 0.460105 0.468133 0.463397 0.47857 0.448491 0.506835 0.435566 
0.452471 0.461099 0.453002 0.464295 0.456137 0.452799 0.477868 0.446382 
0.556131 0.418622 0.486856 0.437766 0.514905 0.433319 0.472475 0.415006 
0.492159 0.437889 0.458357 0.451821 0.47269 0.445966 0.463298 0.428657 
0.458119 0.440882 0.486764 0.450726 0.46075 0.451472 0.441531 0.443314 
0.44612 0.438795 0.466822 0.455602 0.442203 0.465648 0.495044 0.424153 
0.433496 0.449373 0.442384 0.460191 0.449529 0.461595 0.465828 0.437039 
0.431336 0.426033 0.489836 0.452081 0.441854 0.438554 0.431029 0.428726 
0.431256 0.433057 0.469492 0.440487 0.503225 0.427247 0.44119 0.42817 
0.398094 0.458969 0.390817 0.559644 0.425914 0.448357 0.392281 0.442198 
0.402687 0.457287 0.402029 0.537585 0.404691 0.457411 0.408142 0.442142 
0.384997 0.456029 0.375012 0.532038 0.386832 0.450917 0.373873 0.440811 
0.389095 0.462988 0.366185 0.614375 0.362648 0.45667 0.425131 0.4348 
0.383882 0.435165 0.379717 0.48296 0.384185 0.428568 0.388232 0.421468 
0.402535 0.417797 0.404389 0.425272 0.398752 0.412157 0.457554 0.401011 
0.383377 0.398557 0.385194 0.374652 0.388815 0.391666 0.402466 0.391522 
0.39082 0.388942 0.39031 0.370844 0.384831 0.393018 0.444372 0.378861 
0.361783 0.369111 0.358717 0.335055 0.364935 0.363658 0.389026 0.363256 
0.339472 0.380081 0.34112 0.378435 0.320673 0.455995 0.30795 0.38937 
0.314654 0.345332 0.311261 0.324598 0.3112 0.379928 0.300539 0.345119 
0.298597 0.356629 0.288082 0.451656 0.276015 0.364034 0.274879 0.350671 
0.269395 0.302497 0.260475 0.34491 0.262626 0.302403 0.257193 0.294178 
0.280483 0.270616 0.336419 0.260491 0.281035 0.274784 0.256562 0.279633 
0.211221 0.215162 0.235496 0.205013 0.211833 0.212792 0.20024 0.214273 
0.211756 0.219795 0.215624 0.197913 0.210606 0.211327 0.19782 0.217597 
