0 0 0 0 0 0 0 0 
0.0174551 0.0174551 0.0174551 0.0174551 0.0174551 0.0174551 0.0174551 0.0174551 
0.0349101 0.0349101 0.0349101 0.0349101 0.0349101 0.0349101 0.0349101 0.0349101 
0.0523652 0.0523652 0.0523652 0.0523652 0.0523652 0.0523652 0.0523652 0.0523652 
0.0698203 0.0698203 0.0698203 0.0698203 0.0698203 0.0698203 0.0698203 0.0698203 
0.0872753 0.0872753 0.0872753 0.0872753 0.0872753 0.0872753 0.0872753 0.0872753 
0.10473 0.10473 0.10473 0.10473 0.10473 0.10473 0.10473 0.10473 
0.122185 0.122185 0.122185 0.122185 0.122185 0.122185 0.122185 0.122185 
0.139641 0.139641 0.139641 0.139641 0.139641 0.139641 0.139641 0.139641 
0.157096 0.157096 0.157096 0.157096 0.157096 0.157096 0.157096 0.157096 
0.174551 0.174551 0.174551 0.174551 0.174551 0.174551 0.174551 0.174551 
0.192006 0.192006 0.192006 0.192006 0.192006 0.192006 0.192006 0.192006 
0.209461 0.209461 0.209461 0.209461 0.209461 0.209461 0.209461 0.209461 
0.226916 0.226916 0.226916 0.226916 0.226916 0.226916 0.226916 0.226916 
0.244371 0.244371 0.244371 0.244371 0.244371 0.244371 0.244371 0.244371 
0.261826 0.261826 0.261826 0.261826 0.261826 0.261826 0.261826 0.261826 
0.279281 0.279281 0.279281 0.279281 0.279281 0.279281 0.279281 0.279281 
0.296736 0.296736 0.296736 0.296736 0.296736 0.296736 0.296736 0.296736 
0.314191 0.314191 0.314191 0.314191 0.314191 0.314191 0.314191 0.314191 
0.331646 0.331646 0.331646 0.331646 0.331646 0.331646 0.331646 0.331646 
0.349101 0.349101 0.349101 0.349101 0.349101 0.349101 0.349101 0.349101 
0.366556 0.366556 0.366556 0.366556 0.366556 0.366556 0.366556 0.366556 
0.384011 0.384011 0.384011 0.384011 0.384011 0.384011 0.384011 0.384011 
0.401466 0.401466 0.401466 0.401466 0.401466 0.401466 0.401466 0.401466 
0.418922 0.418922 0.418922 0.418922 0.418922 0.418922 0.418922 0.418922 
0.436377 0.436377 0.436377 0.436377 0.436377 0.436377 0.436377 0.436377 
0.453832 0.453832 0.453832 0.453832 0.453832 0.453832 0.453832 0.453832 
0.471287 0.471287 0.471287 0.471287 0.471287 0.471287 0.471287 0.471287 
0.508687 0.491291 0.494714 0.491554 0.502509 0.496101 0.516665 0.465496 
0.504958 0.502802 0.504781 0.503747 0.506603 0.50434 0.507692 0.501837 
0.537892 0.520466 0.526094 0.521501 0.533614 0.525579 0.5453 0.499028 
0.534193 0.531505 0.535229 0.533166 0.537019 0.533094 0.537825 0.53171 
0.564645 0.547293 0.554669 0.548751 0.561149 0.55198 0.570524 0.529562 
0.560177 0.55819 0.563384 0.559706 0.563828 0.559209 0.563648 0.559765 
0.589223 0.572489 0.581165 0.573839 0.586001 0.576508 0.593218 0.557631 
0.584047 0.582721 0.588371 0.584209 0.588096 0.583203 0.587056 0.585497 
0.612478 0.595667 0.605133 0.596902 0.608879 0.59914 0.614479 0.583033 
0.60622 0.605442 0.611396 0.606614 0.61029 0.605352 0.608749 0.608851 
0.634098 0.61717 0.626959 0.618211 0.629828 0.620209 0.63432 0.606332 
0.626478 0.626048 0.632233 0.627196 0.63056 0.625868 0.62889 0.63018 
0.653881 0.636997 0.646555 0.638065 0.648921 0.63993 0.652765 0.628166 
0.644845 0.645499 0.650931 0.646152 0.649034 0.644944 0.647607 0.649838 
0.671837 0.655718 0.663979 0.656896 0.666069 0.658731 0.669668 0.649533 
0.661445 0.663865 0.667522 0.663751 0.665626 0.662983 0.664848 0.668379 
0.68715 0.674395 0.678567 0.676094 0.680439 0.677996 0.684148 0.673446 
0.675394 0.682801 0.681007 0.681369 0.679293 0.681702 0.679628 0.688263 
0.693806 0.698619 0.686102 0.702614 0.68755 0.704078 0.690712 0.714951 
0.679038 0.71067 0.68555 0.706073 0.684176 0.709737 0.683972 0.722935 
0.643462 0.761638 0.660557 0.784164 0.660387 0.773408 0.647711 0.901701 
0.651476 0.756932 0.676769 0.762317 0.673737 0.761154 0.655364 0.895586 
0.72786 0.738009 0.714735 0.74058 0.693791 0.818397 0.695243 0.765048 
0.699615 0.742623 0.717532 0.740035 0.703733 0.786105 0.701259 0.758452 
0.780329 0.704532 0.813444 0.711409 0.753708 0.722275 0.756078 0.685662 
0.72378 0.730493 0.787091 0.731847 0.733303 0.747697 0.7275 0.729632 
0.809069 0.732429 0.7375 0.824267 0.735389 0.729434 0.765144 0.687335 
0.76989 0.717496 0.839337 0.774991 0.745573 0.758947 0.749989 0.738294 
1.10153 0.613649 0.874013 0.675381 0.815186 0.689339 0.869536 0.604128 
0.917506 0.702837 0.781298 0.766921 0.731515 0.897079 0.786628 0.713843 
1.01706 0.656714 0.829608 0.684329 0.819326 0.7571 1.06623 0.62214 
0.877627 0.729099 0.772981 0.783785 0.778052 0.737935 0.962635 0.704601 
0.772721 0.774278 0.74668 0.78835 0.756882 0.781214 0.805041 0.763372 
0.681702 0.938156 0.651096 1.11317 0.669884 0.813108 0.789069 0.828459 
0.736381 0.869721 0.710169 0.95329 0.728687 0.782352 0.774721 0.818996 
0.758021 0.759274 0.761184 0.786022 0.764125 0.715172 1.04585 0.892833 
0.966238 0.740031 0.776635 0.738338 0.774969 0.734171 0.912731 1.05356 
0.92768 0.710383 0.752807 0.790009 0.708907 0.749344 0.764913 0.932132 
0.724735 0.928384 0.738974 0.763191 0.738174 0.729125 0.720622 0.80855 
0.725076 0.775036 0.863232 0.661704 0.72659 0.709595 0.676652 0.731346 
0.690416 0.680671 0.843468 0.654861 0.871958 0.647698 0.680787 0.637902 
0.606834 0.70212 0.674157 0.753127 0.686986 0.851835 0.558345 0.683842 
0.554442 0.702119 0.575986 0.98114 0.584231 0.808475 0.540676 0.643698 
0.550625 0.643094 0.579568 0.815183 0.591353 0.659624 0.544801 0.614614 
0.549906 0.595372 0.586543 0.625458 0.649623 0.602038 0.555101 0.549695 
0.522087 0.564203 0.565898 0.598169 0.588298 0.544529 0.522217 0.551102 
0.513492 0.550637 0.529384 0.538627 0.526166 0.546022 0.505297 0.508219 
0.482034 0.518739 0.558479 0.660467 0.469062 0.511124 0.469529 0.517843 
0.504283 0.524429 0.518267 0.563387 0.458631 0.497823 0.469674 0.464165 
0.486791 0.471052 0.490134 0.449443 0.458717 0.440044 0.456355 0.472573 
0.713717 0.359625 0.518216 0.385154 0.47087 0.409148 0.495413 0.347237 
0.600335 0.354532 0.507632 0.344107 0.442877 0.378342 0.461326 0.373613 
0.450589 0.397702 0.4547 0.351941 0.42797 0.397692 0.429696 0.385319 
0.41605 0.379147 0.397244 0.341071 0.394237 0.367707 0.406337 0.388628 
0.35338 0.435877 0.387451 0.321937 0.474472 0.359911 0.402146 0.369273 
0.355151 0.390093 0.359175 0.317192 0.421848 0.336621 0.383932 0.368975 
0.358383 0.33786 0.393385 0.288022 0.507455 0.327582 0.39811 0.332848 
0.350713 0.334121 0.353919 0.297343 0.443239 0.313512 0.3746 0.347886 
0.387391 0.311171 0.372356 0.311492 0.352976 0.350691 0.376401 0.326596 
0.41117 0.304354 0.346509 0.302565 0.359919 0.314781 0.366703 0.33109 
0.335178 0.326863 0.373481 0.316781 0.316284 0.359367 0.383674 0.402314 
0.330365 0.321184 0.354869 0.303159 0.356823 0.319223 0.372223 0.398426 
0.358979 0.279827 0.564085 0.278056 0.352351 0.377056 0.371521 0.322036 
0.334338 0.302906 0.474852 0.27646 0.476795 0.33833 0.363004 0.385897 
0.29566 0.365625 0.333724 0.369151 0.341926 0.662342 0.293162 0.406131 
0.236506 0.394948 0.298339 0.389397 0.290424 0.580463 0.267858 0.632883 
0.30273 0.372244 0.302896 0.362438 0.331418 0.442158 0.319958 0.525331 
0.340895 0.346681 0.320704 0.348159 0.330729 0.373619 0.39224 0.414691 
0.349559 0.350726 0.323182 0.339317 0.356814 0.345381 0.405982 0.356537 
0.34742 0.346907 0.328075 0.348714 0.337864 0.338892 0.377312 0.371112 
0.385123 0.336973 0.354994 0.322195 0.417281 0.296828 0.548326 0.296134 
0.342497 0.359452 0.346875 0.35626 0.386967 0.315049 0.485016 0.447218 
0.387026 0.351387 0.393536 0.304407 0.629512 0.297457 0.435056 0.384281 
0.384425 0.369319 0.372027 0.416773 0.515863 0.325384 0.406684 0.364879 
0.37785 0.406614 0.371476 0.433554 0.40024 0.406826 0.361762 0.377619 
0.39013 0.397357 0.396743 0.407086 0.40984 0.383372 0.378875 0.37847 
0.376971 0.453239 0.378875 0.460759 0.328526 0.603013 0.320576 0.421305 
0.404054 0.43191 0.41629 0.439046 0.383065 0.5103 0.373346 0.420105 
0.427919 0.473783 0.431793 0.455583 0.395741 0.447261 0.393835 0.421926 
0.447952 0.459223 0.469383 0.456214 0.431732 0.431209 0.426383 0.441302 
0.463095 0.545357 0.477747 0.494861 0.431969 0.446344 0.42831 0.459995 
0.480071 0.530672 0.539419 0.502975 0.471994 0.450324 0.462066 0.491081 
0.433542 0.83341 0.521981 0.586831 0.45984 0.511626 0.444188 0.550864 
0.5295 0.667465 0.831078 0.522756 0.561443 0.478538 0.525555 0.539947 
0.619209 0.620446 0.951807 0.681777 0.55769 0.556352 0.533268 0.548902 
0.566208 0.716991 0.762524 0.757387 0.563488 0.592876 0.547804 0.638207 
0.627196 0.997585 0.614723 0.767689 0.528147 0.795968 0.508773 0.69179 
0.549178 1.07132 0.56758 1.03359 0.519034 0.785202 0.550931 0.766363 
0.649805 0.839658 0.643304 0.861138 0.614007 0.704549 0.623962 0.706709 
0.72388 0.670773 0.846751 0.690256 0.712265 0.633523 0.801104 0.670642 
0.827543 0.589275 0.812071 0.665238 0.715283 0.658274 0.785589 0.641755 
0.738075 0.642928 0.663041 0.714294 0.685487 0.691943 0.70857 0.718232 
0.726334 0.61175 0.72265 0.685951 0.67885 0.775876 0.796528 0.678965 
0.653045 0.681963 0.577801 0.906983 0.617929 0.787929 0.714308 0.765785 
0.66715 0.658035 0.602196 0.81503 0.636745 0.730008 0.666523 0.727634 
0.588827 0.679667 0.577284 0.688919 0.671437 0.720979 0.63238 0.912877 
0.65452 0.647501 0.603194 0.682604 0.649278 0.693966 0.619235 0.798345 
0.646334 0.628555 0.582812 0.615619 0.635329 0.660474 0.662617 0.697909 
0.683097 0.632998 0.594227 0.680417 0.602699 0.668736 0.610881 0.688074 
0.670291 0.599575 0.584035 0.600961 0.616085 0.612572 0.678964 0.651931 
0.977288 0.623131 0.668836 0.553001 0.627234 0.64513 0.67318 0.515071 
0.877954 0.568356 0.656791 0.499287 0.66099 0.540631 0.897379 0.475132 
0.95169 0.407636 0.927097 0.437053 0.682429 0.57052 0.79197 0.4306 
0.794694 0.44982 0.804323 0.456733 0.637652 0.559474 0.701532 0.458095 
0.611132 0.459777 0.683476 0.476756 0.62348 0.496736 0.639391 0.470366 
0.595418 0.440595 0.586598 0.490504 0.598009 0.449879 0.814084 0.404032 
0.547136 0.362706 0.751883 0.424527 0.61188 0.404703 0.700801 0.381544 
0.488401 0.383476 0.602176 0.40289 0.535411 0.434583 0.51395 0.397058 
0.482261 0.351751 0.507348 0.418476 0.526462 0.392239 0.47334 0.356882 
0.434582 0.342671 0.451949 0.369074 0.465839 0.38572 0.394268 0.347266 
0.499135 0.254206 0.61059 0.389114 0.564061 0.306975 0.414511 0.273017 
0.429523 0.270957 0.524209 0.342714 0.472511 0.318068 0.352823 0.277691 
0.320423 0.285678 0.386055 0.340586 0.510608 0.288797 0.335167 0.282125 
0.305425 0.287467 0.320015 0.331261 0.416082 0.301003 0.29511 0.274938 
0.235542 0.306728 0.260137 0.5453 0.288095 0.326761 0.260788 0.294473 
0.269825 0.266418 0.292756 0.42267 0.299305 0.296624 0.265062 0.26062 
0.261756 0.212393 0.549955 0.24922 0.328681 0.26244 0.272548 0.292735 
0.283281 0.224416 0.467022 0.251443 0.314717 0.262984 0.271434 0.269907 
0.264327 0.237762 0.31471 0.237915 0.307445 0.265447 0.278391 0.247482 
0.281183 0.247004 0.301561 0.266567 0.303189 0.273198 0.280075 0.258918 
0.27598 0.248028 0.25911 0.249129 0.340009 0.277291 0.297325 0.252629 
0.297086 0.269636 0.271621 0.360367 0.365482 0.285408 0.311787 0.275041 
0.322165 0.257042 0.30021 0.282536 0.596642 0.257672 0.366235 0.260063 
0.348481 0.286107 0.346246 0.286135 0.519791 0.29861 0.376618 0.299316 
0.350527 0.32158 0.326686 0.334484 0.423866 0.361113 0.383211 0.329373 
0.390226 0.350577 0.394867 0.347891 0.42886 0.380631 0.410937 0.368256 
0.403453 0.387214 0.386792 0.392185 0.418366 0.454444 0.423962 0.402129 
0.459512 0.395387 0.561139 0.393099 0.456102 0.471769 0.460589 0.440033 
0.447878 0.468301 0.498113 0.485806 0.428608 0.73697 0.424215 0.514687 
0.482509 0.523684 0.475514 0.534741 0.451657 0.728568 0.466305 0.561216 
0.527535 0.529204 0.532669 0.525944 0.603293 0.676792 0.525885 0.564192 
0.564322 0.569173 0.545475 0.564865 0.601631 0.651834 0.573177 0.598598 
0.623478 0.544823 0.678071 0.527165 0.765574 0.54317 0.641365 0.578259 
0.630183 0.603877 0.64915 0.59074 0.705491 0.604988 0.647601 0.629392 
0.643828 0.628336 0.620876 0.627324 0.658304 0.600378 0.652221 0.638769 
0.658154 0.649972 0.640843 0.637473 0.66433 0.632435 0.677535 0.664462 
0.693833 0.630259 0.662264 0.599124 0.817458 0.571826 0.704746 0.63773 
0.689003 0.650152 0.664374 0.62134 0.756591 0.618519 0.730118 0.664905 
0.727681 0.631351 0.648564 0.629479 0.637919 0.602702 0.716805 0.63972 
0.76516 0.603839 0.676919 0.598799 0.678696 0.579555 0.924976 0.628978 
1.02549 0.490038 0.696368 0.55898 0.629067 0.528072 0.868381 0.522182 
0.9671 0.518185 0.654433 0.596183 0.581059 0.682701 0.672559 0.546905 
0.675652 0.570237 0.575098 0.58587 0.510206 0.606864 0.63717 0.634891 
0.554932 0.57626 0.521991 0.671352 0.491642 0.555875 0.541865 0.602446 
0.47223 0.524265 0.483869 0.579152 0.436162 0.488249 0.495321 0.506929 
0.42887 0.473638 0.48998 0.446184 0.495384 0.419876 0.445242 0.469257 
0.365099 0.431946 0.416344 0.419153 0.394397 0.375277 0.397775 0.395876 
0.299958 0.435038 0.403218 0.364839 0.352704 0.366132 0.320974 0.459694 
0.27343 0.421366 0.348758 0.33429 0.300161 0.306353 0.3162 0.36413 
0.315649 0.303373 0.563675 0.240801 0.334397 0.279673 0.318545 0.279202 
0.292758 0.253862 0.463285 0.251809 0.29131 0.248743 0.34029 0.251909 
0.282172 0.310202 0.335178 0.259163 0.298227 0.311352 0.341217 0.251723 
0.314477 0.255328 0.332542 0.279195 0.298936 0.263839 0.601561 0.201873 
0.309034 0.30064 0.287957 0.325932 0.270978 0.626304 0.510157 0.276767 
0.329111 0.294594 0.317912 0.331527 0.284035 0.559398 0.449833 0.290912 
0.395886 0.347682 0.331078 0.407748 0.354432 0.519659 0.684656 0.293723 
0.412555 0.364036 0.375067 0.435217 0.361452 0.524075 0.576933 0.349167 
0.499113 0.503722 0.410014 0.437419 0.461075 0.458662 0.539895 0.395884 
0.502261 0.52657 0.450133 0.51396 0.448893 0.513236 0.506569 0.456518 
0.450368 0.804024 0.456342 0.560179 0.56084 0.531001 0.528249 0.549492 
0.530355 0.736216 0.540908 0.611096 0.592681 0.56753 0.563257 0.563079 
0.655175 0.598696 0.678242 0.540938 1.00824 0.500373 0.753035 0.540227 
0.65357 0.667251 0.655322 0.738522 0.836394 0.630635 0.699995 0.615154 
0.684796 0.667151 0.694238 0.73893 0.738905 0.67987 0.693118 0.671998 
0.682981 0.730482 0.677858 0.835849 0.683351 0.738907 0.684473 0.708449 
0.69717 0.741174 0.686748 0.873752 0.663077 0.75599 0.687966 0.744649 
0.656658 0.822367 0.592783 1.09719 0.582687 0.821294 0.641477 0.780925 
0.667974 0.802266 0.585619 1.12334 0.572912 0.815824 0.646983 0.778474 
0.680604 0.738494 0.669186 0.809196 0.632544 0.737163 0.658649 0.721675 
0.678488 0.678614 0.663546 0.639504 0.639299 0.699411 0.648197 0.68919 
0.631537 0.625556 0.636227 0.524034 0.591904 0.636696 0.599634 0.636895 
0.619859 0.562772 0.562118 0.466678 0.504697 0.721415 0.516409 0.603133 
0.529181 0.496914 0.502493 0.379588 0.434702 0.573508 0.457812 0.52296 
0.414941 0.441902 0.408414 0.307463 0.40651 0.396397 0.417699 0.45876 
0.345459 0.352174 0.332389 0.253064 0.282807 0.324884 0.318748 0.36196 
0.244514 0.35656 0.246747 0.188774 0.367204 0.202628 0.281797 0.296102 
0.243771 0.261789 0.221452 0.177604 0.255983 0.197971 0.207899 0.221172 
0.200234 0.201155 0.192044 0.173337 0.205486 0.172653 0.208732 0.205725 
0.195038 0.197803 0.224562 0.166295 0.186032 0.179594 0.178626 0.184594 
0.203785 0.173483 0.242994 0.154115 0.24914 0.153244 0.257736 0.186156 
0.285636 0.1383 0.536379 0.116583 0.283192 0.154371 0.305171 0.160836 
0.339444 0.155134 0.51252 0.142709 0.362869 0.13196 0.598288 0.145475 
0.410388 0.264699 0.404236 0.20899 0.362127 0.209873 0.527172 0.209529 
0.47444 0.274972 0.4702 0.223733 0.517252 0.221341 0.508588 0.327508 
0.846398 0.45832 0.46612 0.306225 0.514636 0.311217 0.520355 0.29616 
0.814096 0.472409 0.579387 0.353102 0.600404 0.313595 0.735511 0.357287 
0.647206 0.537961 0.57766 0.467698 0.598359 0.47093 0.645185 0.576341 
0.698649 0.542307 0.827875 0.445429 0.863105 0.470634 0.679657 0.661426 
0.708271 0.606708 0.782878 0.573832 0.813913 0.60244 0.694505 0.644027 
0.706007 0.709157 0.724484 0.69771 0.735112 0.683661 0.723812 0.762921 
0.787848 0.718389 0.754424 0.737182 0.765439 0.773407 0.72708 0.758057 
0.684607 0.829214 0.711124 0.809621 0.729323 0.805662 0.807113 1.11075 
0.733299 0.79751 0.741526 0.803846 0.779483 0.960509 0.760766 0.97127 
0.80278 0.776869 0.747319 0.778865 0.790244 0.816613 0.936002 0.737307 
0.6931 0.755256 0.703439 0.777254 0.703509 0.846442 0.785904 0.713113 
0.627673 0.850055 0.610382 0.749024 0.650385 0.752559 0.64189 0.64027 
0.549045 0.680821 0.587 0.643303 0.595718 0.587284 0.57535 0.531407 
0.546031 0.464731 0.531815 0.525597 0.538644 0.451623 0.527189 0.381513 
0.330626 0.420851 0.391713 0.427869 0.384645 0.326835 0.357094 0.300391 
0.427582 0.216378 0.31977 0.264847 0.364324 0.212613 0.24908 0.175114 
0.301398 0.168334 0.28771 0.196112 0.258074 0.170286 0.219699 0.158611 
0.22159 0.145305 0.299447 0.163963 0.204163 0.1602 0.181659 0.14539 
0.20643 0.139334 0.270171 0.161707 0.206788 0.122961 0.351063 0.114859 
0.19988 0.142027 0.232183 0.179774 0.21457 0.156055 0.303576 0.130988 
0.227288 0.119784 0.400871 0.18358 0.25715 0.156907 0.253673 0.130387 
0.254621 0.149161 0.352183 0.288149 0.41769 0.161417 0.305556 0.138795 
0.246818 0.226847 0.240679 0.611049 0.388582 0.234771 0.265244 0.181842 
0.286317 0.276397 0.279195 0.612194 0.33702 0.318964 0.343925 0.222235 
0.290981 0.377082 0.240561 0.74554 0.320719 0.398994 0.310834 0.307798 
0.367546 0.435852 0.314417 0.861722 0.330023 0.446811 0.538188 0.340585 
0.430747 0.472001 0.41643 0.674232 0.43604 0.460772 0.523949 0.403487 
0.55052 0.472727 0.529272 0.555639 0.550518 0.445369 0.794225 0.394667 
0.576675 0.523398 0.57134 0.479695 0.598314 0.474723 0.72348 0.472076 
0.640577 0.541259 0.612331 0.506082 0.624921 0.521054 0.881513 0.490202 
0.605568 0.623299 0.594082 0.483043 0.619494 0.531472 0.745678 0.560747 
0.554918 0.660288 0.540789 0.615206 0.484919 0.855496 0.459119 0.683305 
0.554666 0.580531 0.556109 0.475866 0.526378 0.670215 0.483016 0.609118 
0.496029 0.58955 0.438666 0.731191 0.410723 0.581135 0.387271 0.601185 
0.453933 0.460517 0.435162 0.4628 0.412448 0.436827 0.369122 0.474625 
0.395526 0.379723 0.391644 0.258971 0.365707 0.317424 0.290877 0.395279 
0.268305 0.259005 0.245679 0.174597 0.226327 0.209871 0.202942 0.255549 
0.204306 0.198165 0.183515 0.136673 0.170394 0.160024 0.155984 0.194651 
