0 0 0 0 0 0 0 0 
0.0174551 0.0174551 0.0174551 0.0174551 0.0174551 0.0174551 0.0174551 0.0174551 
0.0349101 0.0349101 0.0349101 0.0349101 0.0349101 0.0349101 0.0349101 0.0349101 
0.0523652 0.0523652 0.0523652 0.0523652 0.0523652 0.0523652 0.0523652 0.0523652 
0.0698203 0.0698203 0.0698203 0.0698203 0.0698203 0.0698203 0.0698203 0.0698203 
0.0872753 0.0872753 0.0872753 0.0872753 0.0872753 0.0872753 0.0872753 0.0872753 
0.10473 0.10473 0.10473 0.10473 0.10473 0.10473 0.10473 0.10473 
0.122185 0.122185 0.122185 0.122185 0.122185 0.122185 0.122185 0.122185 
0.139641 0.139641 0.139641 0.139641 0.139641 0.139641 0.139641 0.139641 
0.157096 0.157096 0.157096 0.157096 0.157096 0.157096 0.157096 0.157096 
0.174551 0.174551 0.174551 0.174551 0.174551 0.174551 0.174551 0.174551 
0.192006 0.192006 0.192006 0.192006 0.192006 0.192006 0.192006 0.192006 
0.209461 0.209461 0.209461 0.209461 0.209461 0.209461 0.209461 0.209461 
0.226916 0.226916 0.226916 0.226916 0.226916 0.226916 0.226916 0.226916 
0.244371 0.244371 0.244371 0.244371 0.244371 0.244371 0.244371 0.244371 
0.261826 0.261826 0.261826 0.261826 0.261826 0.261826 0.261826 0.261826 
0.279281 0.279281 0.279281 0.279281 0.279281 0.279281 0.279281 0.279281 
0.296736 0.296736 0.296736 0.296736 0.296736 0.296736 0.296736 0.296736 
0.314191 0.314191 0.314191 0.314191 0.314191 0.314191 0.314191 0.314191 
0.331646 0.331646 0.331646 0.331646 0.331646 0.331646 0.331646 0.331646 
0.349101 0.349101 0.349101 0.349101 0.349101 0.349101 0.349101 0.349101 
0.366556 0.366556 0.366556 0.366556 0.366556 0.366556 0.366556 0.366556 
0.384011 0.384011 0.384011 0.384011 0.384011 0.384011 0.384011 0.384011 
0.401466 0.401466 0.401466 0.401466 0.401466 0.401466 0.401466 0.401466 
0.418922 0.418922 0.418922 0.418922 0.418922 0.418922 0.418922 0.418922 
0.436377 0.436377 0.436377 0.436377 0.436377 0.436377 0.436377 0.436377 
0.453832 0.453832 0.453832 0.453832 0.453832 0.453832 0.453832 0.453832 
0.471287 0.471287 0.471287 0.471287 0.471287 0.471287 0.471287 0.471287 
0.477097 0.513176 0.49276 0.504551 0.495302 0.501456 0.517239 0.48684 
0.508049 0.50814 0.50927 0.508569 0.509905 0.509655 0.511106 0.506839 
0.516044 0.545694 0.528754 0.539945 0.532087 0.537635 0.551445 0.522666 
0.546339 0.54178 0.546327 0.543786 0.547264 0.545643 0.548206 0.541881 
0.554538 0.577462 0.564537 0.574493 0.568469 0.572087 0.585634 0.557263 
0.584369 0.574343 0.583424 0.577821 0.584398 0.579986 0.584121 0.576264 
0.592213 0.609852 0.600526 0.609076 0.60495 0.605996 0.620083 0.591804 
0.622248 0.607333 0.620774 0.611495 0.621485 0.614012 0.619836 0.611033 
0.629913 0.643503 0.636802 0.644156 0.641421 0.640313 0.655338 0.627113 
0.660984 0.641389 0.658737 0.645265 0.658693 0.648642 0.656167 0.646784 
0.668511 0.678919 0.673843 0.680583 0.678363 0.675983 0.692111 0.663974 
0.701391 0.677197 0.698146 0.680129 0.696987 0.685041 0.693932 0.684515 
0.708705 0.717188 0.712515 0.720177 0.716991 0.714602 0.731531 0.704092 
0.744644 0.716252 0.740262 0.71774 0.737878 0.725218 0.734406 0.726365 
0.751425 0.760842 0.753761 0.766158 0.758642 0.759128 0.775448 0.751365 
0.792472 0.761634 0.786506 0.760676 0.782743 0.77286 0.779046 0.77772 
0.797753 0.814972 0.79772 0.825586 0.803815 0.815142 0.827382 0.81414 
0.845722 0.820701 0.836861 0.815457 0.830613 0.836886 0.827841 0.851759 
0.841181 0.895347 0.837852 0.924842 0.846762 0.899131 0.892858 0.926027 
0.895697 0.916663 0.88449 0.90467 0.86862 0.947207 0.868985 0.999215 
0.821997 1.06935 0.828045 1.24897 0.844954 1.07686 1.03097 1.34019 
1.02682 1.04042 0.985462 1.16062 0.873776 1.20603 0.977168 1.47935 
1.09357 1.09316 1.04211 1.14448 0.928266 1.49026 0.94352 1.26813 
1.11803 1.08156 1.10314 1.1007 1.02329 1.33172 1.01761 1.14198 
1.1677 1.07331 1.43221 1.08281 1.10339 1.17101 1.0672 1.0503 
1.24232 1.08513 1.38299 1.16085 1.09932 1.17159 1.09297 1.09175 
1.22557 1.20368 1.1869 1.54672 1.05315 1.23743 1.06688 1.15368 
1.52029 1.10288 1.56788 1.37013 1.15848 1.26793 1.1607 1.35643 
1.69778 1.1752 1.4332 1.23072 1.10431 1.46627 1.22862 1.30007 
1.52248 1.23439 1.27753 1.2613 1.19618 1.76507 1.46959 1.35883 
1.64687 1.20612 1.26664 1.21084 1.25369 1.60425 1.83972 1.39631 
1.4412 1.28748 1.23262 1.34313 1.22292 1.52443 1.73657 1.34692 
1.16134 1.50391 1.11766 1.64031 1.11197 1.45804 1.44191 1.40747 
1.13236 1.7261 1.32994 1.90166 1.33083 1.35648 1.47341 1.39632 
1.13139 1.61539 1.33239 1.72709 1.32335 1.297 1.54839 1.50834 
1.36388 1.30096 1.29066 1.52382 1.20295 1.4042 1.7875 1.77628 
1.6832 1.20149 1.35722 1.29201 1.23255 1.324 1.72022 1.88057 
1.70096 1.24428 1.30121 1.53631 1.15495 1.19045 1.41304 1.67044 
1.2487 1.69885 1.45821 1.35884 1.20146 1.13869 1.16991 1.42426 
1.11371 1.42049 1.71358 1.18125 1.22265 1.01476 1.07221 1.13004 
0.979922 1.15504 1.64199 1.15744 1.55039 1.13641 0.909482 1.01816 
0.883653 1.05255 1.21819 1.43707 1.26406 1.38119 0.858024 0.913472 
0.761111 0.975991 1.12675 1.71035 1.14431 1.24039 0.774718 0.819612 
0.676673 0.85761 1.00734 1.46583 1.03709 1.04945 0.66735 0.747591 
0.674324 0.725478 1.03485 1.08361 1.11003 0.788969 0.726343 0.607773 
0.624471 0.646898 0.951998 0.929783 0.919777 0.597235 0.699501 0.556467 
0.552964 0.663037 0.784896 0.837936 0.64523 0.583417 0.580272 0.53862 
0.53068 0.619589 0.917506 1.06752 0.525239 0.513664 0.454891 0.535789 
0.483704 0.779397 0.704958 0.910735 0.403719 0.484635 0.404304 0.526206 
0.723625 0.582112 0.599472 0.724092 0.320731 0.399611 0.339956 0.588612 
0.952574 0.43244 0.562942 0.45581 0.34603 0.318002 0.402814 0.476842 
0.842439 0.391494 0.663462 0.260693 0.314265 0.249561 0.368033 0.325846 
0.517091 0.403571 0.525826 0.212043 0.34385 0.230602 0.419531 0.311639 
0.306956 0.376028 0.338863 0.183089 0.300979 0.209649 0.324835 0.296192 
0.160838 0.577657 0.280444 0.125651 0.621608 0.144839 0.305762 0.292795 
0.147303 0.427365 0.206731 0.136053 0.544699 0.145321 0.259549 0.246887 
0.194355 0.22686 0.234135 0.127051 0.672952 0.118218 0.301275 0.214684 
0.171112 0.188099 0.187481 0.132578 0.563982 0.134527 0.254355 0.22321 
0.399203 0.111843 0.196704 0.146174 0.302463 0.176885 0.305087 0.207196 
0.523154 0.110728 0.197907 0.143386 0.254517 0.154375 0.31177 0.138258 
0.253792 0.145821 0.213979 0.152583 0.180685 0.203417 0.459208 0.473312 
0.231004 0.107009 0.410291 0.112467 0.260067 0.188026 0.413814 0.392568 
0.228822 0.0887012 0.685389 0.0987187 0.328876 0.265949 0.363504 0.278258 
0.173386 0.116879 0.555021 0.0882835 0.64545 0.423876 0.34739 0.302043 
0.135935 0.16269 0.2958 0.14175 0.567878 0.860889 0.383929 0.512162 
0.120718 0.169959 0.152478 0.180323 0.367705 0.77602 0.448914 0.736818 
0.341371 0.132908 0.134432 0.15628 0.332094 0.548697 0.36839 0.658594 
0.342356 0.135869 0.125736 0.146114 0.305248 0.301507 0.551352 0.430335 
0.312217 0.145578 0.12755 0.148684 0.24804 0.27236 0.50964 0.24813 
0.233166 0.155777 0.122784 0.154071 0.270744 0.185694 0.453296 0.349953 
0.278064 0.142794 0.139955 0.146647 0.329272 0.238056 0.767619 0.248544 
0.200806 0.158956 0.146361 0.128622 0.611896 0.111268 0.690975 0.512106 
0.328138 0.15522 0.138157 0.281645 0.794777 0.248577 0.445156 0.382626 
0.266684 0.201842 0.101783 0.559456 0.645918 0.271086 0.289486 0.279438 
0.315964 0.194873 0.160652 0.432688 0.455639 0.274835 0.219699 0.20504 
0.250442 0.224074 0.161475 0.339869 0.295172 0.389218 0.146783 0.212869 
0.204486 0.253794 0.188214 0.310447 0.295589 0.677238 0.103212 0.234452 
0.211452 0.266005 0.194345 0.285624 0.257223 0.545137 0.134784 0.224979 
0.232216 0.281371 0.25621 0.268961 0.22123 0.323327 0.174922 0.204419 
0.237693 0.339148 0.270183 0.284359 0.234889 0.219052 0.183773 0.224844 
0.264471 0.396908 0.379909 0.293363 0.231831 0.172048 0.249794 0.216439 
0.206852 0.723578 0.387799 0.388264 0.236758 0.188798 0.213703 0.302257 
0.27662 0.852997 0.807974 0.378643 0.297816 0.203461 0.230404 0.301774 
0.278978 0.79187 1.14432 0.625236 0.314588 0.250559 0.249021 0.382737 
0.407644 0.778523 1.3264 0.939125 0.41137 0.352764 0.300242 0.387821 
0.416467 0.856411 1.10135 1.04926 0.418062 0.542704 0.284493 0.596839 
0.770315 1.2645 0.861334 1.03852 0.430523 0.872745 0.421322 0.552346 
0.746891 1.27394 0.833339 1.22949 0.657575 0.799138 0.53213 0.599348 
0.666772 1.12903 0.755013 1.09381 0.655935 0.648349 0.68235 0.597613 
0.825092 0.719613 1.09644 0.824103 0.731751 0.584956 1.02951 0.602618 
1.08959 0.529494 1.0317 0.676468 0.723826 0.60049 1.03112 0.536819 
0.963558 0.501718 0.75353 0.700257 0.686195 0.649265 0.898127 0.56391 
0.774497 0.485984 0.816366 0.772301 0.65416 0.964639 1.07062 0.649958 
0.698308 0.514999 0.648593 1.16251 0.692565 0.891037 0.952267 0.702058 
0.554396 0.572073 0.544368 1.05045 0.622919 0.78571 0.674068 0.933871 
0.570732 0.537154 0.519845 0.748905 0.773372 0.679048 0.706228 1.13649 
0.733922 0.519126 0.525747 0.721301 0.689432 0.643262 0.637805 0.993438 
0.760788 0.512407 0.504954 0.624605 0.582546 0.622641 0.626172 0.846035 
0.690832 0.677309 0.471129 0.918 0.489529 0.720921 0.535373 0.935059 
0.928031 0.727479 0.504763 0.777101 0.491075 0.705083 0.62714 0.992433 
1.30269 1.05693 0.6457 0.691118 0.534681 0.943808 0.806704 0.770167 
1.36336 0.803225 0.944673 0.569094 0.645095 0.862478 1.18973 0.807276 
1.36914 0.751415 1.24352 0.718047 0.711174 1.0099 1.13542 0.737629 
1.22456 0.67695 1.25149 0.827252 0.70315 0.950431 0.973905 0.677629 
0.934164 0.629197 1.12817 0.763731 0.765475 0.741116 1.09088 0.612236 
0.7517 0.57796 1.10665 0.89663 0.752039 0.844644 1.29567 0.736296 
0.718995 0.688768 1.30712 0.925847 0.801999 0.709962 1.17782 0.66243 
0.682839 0.624659 1.15739 0.790486 0.771266 0.759683 0.89674 0.549063 
0.847776 0.484691 1.0716 0.731047 0.840528 0.649798 0.781491 0.415791 
0.754525 0.478447 1.05674 0.745732 0.83512 0.566783 0.665557 0.419005 
0.904096 0.556017 1.15452 0.96818 1.08996 0.529332 0.658763 0.313053 
0.790633 0.543529 1.05367 0.846295 1.04153 0.474019 0.62549 0.235399 
0.50268 0.470368 0.875262 0.785099 1.11544 0.506169 0.562464 0.33191 
0.441625 0.485338 0.612071 0.89658 0.940264 0.510946 0.50707 0.296602 
0.2859 0.484773 0.66305 1.15651 0.707116 0.544795 0.438327 0.407111 
0.336018 0.425826 0.735719 1.01308 0.623351 0.512627 0.417947 0.351039 
0.196026 0.506448 1.05194 0.775408 0.509915 0.484943 0.354801 0.659284 
0.348755 0.455018 0.949207 0.588201 0.52626 0.421311 0.385847 0.47486 
0.334578 0.314343 0.711596 0.406702 0.451157 0.378546 0.387343 0.33577 
0.305771 0.340192 0.411716 0.577078 0.42789 0.396034 0.344876 0.308515 
0.252556 0.283384 0.245399 0.491202 0.423168 0.349914 0.341839 0.267385 
0.272759 0.277559 0.16252 0.63715 0.754156 0.281884 0.362981 0.230186 
0.232183 0.222248 0.136932 0.547135 0.873722 0.247457 0.375973 0.214832 
0.347444 0.180089 0.207103 0.306098 0.749155 0.290788 0.372145 0.17755 
0.254539 0.182101 0.15553 0.233795 0.508889 0.307604 0.335472 0.212878 
0.261637 0.179925 0.234422 0.185595 0.391945 0.327813 0.316693 0.202336 
0.208858 0.17521 0.156742 0.171983 0.303394 0.358277 0.284472 0.247192 
0.226843 0.114331 0.521538 0.115416 0.184294 0.560637 0.238698 0.233033 
0.151562 0.15678 0.384969 0.156657 0.185817 0.781535 0.166092 0.434486 
0.179516 0.184023 0.18703 0.176305 0.164094 0.670823 0.195267 0.3616 
0.191594 0.156465 0.214347 0.117662 0.513436 0.596326 0.243821 0.275833 
0.221295 0.158469 0.157838 0.131968 0.5212 0.375195 0.288617 0.240575 
0.227196 0.105877 0.449788 0.11514 0.655019 0.142061 0.355241 0.265989 
0.246407 0.148731 0.329256 0.141848 0.559919 0.144304 0.329829 0.25044 
0.24043 0.162217 0.194476 0.162508 0.369935 0.137261 0.461523 0.176384 
0.268446 0.169041 0.191922 0.142536 0.407285 0.141023 0.420603 0.211314 
0.266251 0.167301 0.18261 0.0915493 0.663324 0.11001 0.398456 0.198447 
0.329966 0.17141 0.193921 0.125126 0.578129 0.14539 0.454604 0.25046 
0.320503 0.289193 0.144179 0.167659 0.23931 0.335102 0.523784 0.312528 
0.66252 0.18085 0.227322 0.160396 0.262847 0.395627 0.907356 0.453779 
0.752082 0.196557 0.220227 0.171653 0.157837 0.33458 0.821959 0.451097 
0.795204 0.248386 0.254238 0.235739 0.297525 0.595789 0.586941 0.34565 
0.580579 0.280241 0.209384 0.356831 0.155982 0.510309 0.575693 0.527448 
0.397935 0.41297 0.241205 0.652568 0.160275 0.346285 0.441876 0.475566 
0.327784 0.368245 0.251166 0.558814 0.152914 0.290436 0.319162 0.31178 
0.241969 0.578404 0.284287 0.374248 0.441663 0.160247 0.307567 0.328815 
0.214746 0.546035 0.298158 0.337534 0.319943 0.247853 0.221053 0.31599 
0.145847 0.715914 0.351365 0.381347 0.233587 0.274587 0.202004 0.6704 
0.177292 0.753021 0.513027 0.375763 0.169457 0.541631 0.15279 0.580811 
0.281536 0.72383 0.960828 0.492794 0.278686 0.432758 0.301143 0.372042 
0.341259 0.535563 0.92785 0.48512 0.307511 0.444785 0.414192 0.313702 
0.37136 0.695913 0.674444 0.439994 0.420305 0.499247 0.711008 0.26397 
0.355116 0.670566 0.448421 0.689019 0.373873 0.809844 0.958229 0.366123 
0.444433 0.559972 0.459187 0.672344 0.645617 1.14548 1.01627 0.40207 
0.527239 0.538501 0.441101 0.624035 0.594826 1.17263 0.985843 0.39121 
0.55301 0.630953 0.387592 0.929586 0.558096 1.16952 1.15419 0.54514 
0.553221 0.71224 0.400694 0.859276 0.553285 1.10317 1.08055 0.542728 
0.867147 0.957402 0.443648 0.689348 0.559674 0.862564 0.87176 0.404563 
0.706205 1.06021 0.47391 0.712075 0.60497 0.696708 0.724112 0.449191 
0.55775 1.17002 0.559044 0.64643 0.664267 0.65488 0.653154 0.496522 
0.582862 1.08573 0.62276 0.666755 0.996142 0.495824 0.835612 0.408437 
0.649337 0.712582 0.67896 0.608382 1.15933 0.589271 0.962593 0.395228 
0.629784 0.597851 0.601447 0.96385 1.07259 0.636317 0.83569 0.435049 
0.635467 0.524025 0.561621 0.945168 0.770464 0.702441 0.671138 0.479165 
0.568976 0.560105 0.485098 1.09782 0.509396 0.781295 0.543653 0.54585 
0.532429 0.564476 0.473694 1.11796 0.468395 0.776195 0.508931 0.571499 
0.519387 0.59375 0.493075 1.11704 0.500401 0.759698 0.480211 0.588804 
0.518294 0.606987 0.497761 1.11544 0.506844 0.770752 0.479164 0.603226 
0.51239 0.607366 0.474837 0.924526 0.438984 0.775073 0.457762 0.628324 
0.549162 0.660757 0.485335 0.642137 0.479399 0.822955 0.473802 0.626444 
0.545744 0.6137 0.500265 0.421654 0.403324 0.918689 0.419853 0.698727 
0.912664 0.428394 0.585186 0.293946 0.449537 1.08151 0.482891 0.559361 
0.856097 0.440038 0.545596 0.247866 0.41961 0.936903 0.484117 0.522998 
0.618489 0.514649 0.523491 0.224849 0.521192 0.630057 0.574178 0.555088 
0.620931 0.504025 0.482725 0.210153 0.478025 0.512407 0.555971 0.504513 
0.379137 0.888095 0.388631 0.206896 0.785193 0.361835 0.533553 0.574834 
0.674556 0.71611 0.403492 0.211812 0.675677 0.31665 0.558985 0.421489 
0.594616 0.451093 0.459576 0.243343 0.484515 0.325037 0.51934 0.437847 
0.427398 0.634307 0.382559 0.291668 0.295338 0.36028 0.472908 0.451018 
0.508179 0.31161 0.641409 0.173878 0.545418 0.215084 0.58674 0.357274 
0.564906 0.215012 0.794674 0.165906 0.439207 0.174166 0.786632 0.236671 
0.552874 0.175072 0.693897 0.206372 0.371119 0.236705 0.798976 0.274529 
0.624279 0.278258 0.356784 0.242919 0.266273 0.245023 0.762944 0.247683 
0.739214 0.205262 0.248977 0.169948 0.540506 0.165693 0.654352 0.475167 
0.993169 0.561555 0.121874 0.203746 0.429808 0.21478 0.474226 0.487299 
0.825911 0.419458 0.178582 0.21142 0.32067 0.18444 0.68826 0.346572 
0.613248 0.229994 0.241392 0.153078 0.443951 0.18155 0.489429 0.663202 
0.444127 0.127704 0.592422 0.0988361 0.703679 0.115483 0.340643 0.7198 
0.428098 0.129705 0.45037 0.182395 0.500111 0.258428 0.23946 0.577408 
0.314452 0.165669 0.226357 0.263598 0.250255 0.197148 0.28865 0.532067 
0.405255 0.124342 0.184179 0.237143 0.204395 0.238048 0.283344 0.656888 
0.298183 0.147318 0.14256 0.22529 0.142758 0.124834 0.647445 0.890347 
0.215286 0.152108 0.14887 0.17734 0.273117 0.567871 0.562471 0.782217 
0.282982 0.156599 0.158244 0.17084 0.273835 0.36761 0.896266 0.506392 
0.211641 0.237395 0.139104 0.218655 0.136679 0.581564 0.780392 0.343621 
0.125279 0.562525 0.104758 0.268101 0.140393 0.558268 0.535158 0.310707 
0.138462 0.611855 0.142508 0.240508 0.207245 0.286526 0.633806 0.213841 
0.292166 0.332356 0.218274 0.228259 0.289047 0.225772 0.75753 0.169458 
0.249669 0.686543 0.165037 0.260715 0.355224 0.164599 0.673276 0.246477 
0.65494 0.339621 0.438518 0.162889 0.625335 0.16786 0.521574 0.162473 
0.71049 0.140929 0.679401 0.159706 0.740062 0.137191 0.49656 0.154722 
0.462578 0.179185 0.812592 0.263889 0.568721 0.212616 0.503941 0.216057 
0.303989 0.20429 0.75562 0.287294 0.599381 0.201627 0.753472 0.194005 
0.279353 0.208262 0.768095 0.408997 0.597796 0.264019 0.77659 0.193555 
0.227668 0.291595 0.845716 0.465128 0.768077 0.234786 0.555582 0.240204 
0.220627 0.351524 0.771137 1.00467 0.904188 0.345019 0.448897 0.304968 
0.210011 0.392757 0.636064 1.23352 0.950319 0.371446 0.384658 0.342385 
0.232098 0.488221 0.505558 1.14304 0.748637 0.460929 0.43202 0.394434 
0.258107 0.493231 0.474955 1.08863 0.565545 0.458183 0.439917 0.402831 
0.356856 0.504183 0.48112 1.0789 0.502628 0.39714 0.852158 0.353311 
0.397873 0.484284 0.487695 0.931602 0.453292 0.350118 0.844052 0.359325 
0.487389 0.455302 0.562227 0.532852 0.512367 0.38364 0.936701 0.382202 
0.536016 0.402511 0.605991 0.282267 0.537424 0.331911 0.900025 0.363427 
0.564886 0.410824 0.593605 0.195991 0.535846 0.343012 0.938332 0.38144 
0.576105 0.387024 0.561707 0.17467 0.470443 0.379489 0.739166 0.384397 
0.473783 0.476463 0.451875 0.280209 0.35702 0.763684 0.361036 0.519853 
0.402146 0.461089 0.388884 0.325708 0.293363 0.62645 0.255605 0.500794 
0.364555 0.516329 0.231886 0.702388 0.212625 0.464866 0.195011 0.486283 
0.317579 0.437931 0.215172 0.61386 0.211421 0.341609 0.193509 0.40009 
0.351564 0.354391 0.311075 0.208846 0.285996 0.223816 0.19726 0.330218 
0.258521 0.258603 0.241523 0.110311 0.212762 0.164865 0.159582 0.241713 
0.251011 0.249418 0.20905 0.101807 0.18259 0.152793 0.146148 0.222503 
