0 0 0 0 0 0 0 0 
0 0 0 0 0 0 0 0 
0 0 0 0 0 0 0 0 
0 0 0 0 0 0 0 0 
0 0 0 0 0 0 0 0 
0 0 0 0 0 0 0 0 
0 0 0 0 0 0 0 0 
0 0 0 0 0 0 0 0 
0 0 0 0 0 0 0 0 
0 0 0 0 0 0 0 0 
0 0 0 0 0 0 0 0 
0 0 0 0 0 0 0 0 
0 0 0 0 0 0 0 0 
0 0 0 0 0 0 0 0 
0 0 0 0 0 0 0 0 
0 0 0 0 0 0 0 0 
0 0 0 0 0 0 0 0 
0 0 0 0 0 0 0 0 
0 0 0 0 0 0 0 0 
0 0 0 0 0 0 0 0 
0 0 0 0 0 0 0 0 
0 0 0 0 0 0 0 0 
0 0 0 0 0 0 0 0 
0 0 0 0 0 0 0 0 
0 0 0 0 0 0 0 0 
0 0 0 0 0 0 0 0 
0 0 0 0 0 0 0 0 
0 0 0 0 0 0 0 0 
0 0 0 0 0 0 0 0 
0 0 0 0 0 0 0 0 
0 0 0 0 0 0 0 0 
0 0 0 0 0 0 0 0 
0 0 0 0 0 0 0 0 
0 0 0 0 0 0 0 0 
0 0 0 0 0 0 0 0 
0 0 0 0 0 0 0 0 
0 0 0 0 0 0 0 0 
0 0 0 0 0 0 0 0 
0 0 0 0 0 0 0 0 
0 0 0 0 0 0 0 0 
0 0 0 0 0 0 0 0 
0 0 0 0 0 0 0 0 
0 0 0 0 0 0 0 0 
0 0 0 0 0 0 0 0 
0 0 0 0 0 0 0 0 
0 0 0 0 0 0 0 0 
0 0 0 0 0 0 0 0 
0 0 0 0 0 0 0 0 
0.274638 0.0585002 0.383113 0.788303 0.404789 0.428217 0.801166 0.938082 
0.739511 0.102884 0.49188 0.416981 0.292946 0.663023 0.645069 0.863503 
0.570273 0.0373329 0.205053 0.340726 0.503979 0.841177 0.55078 0.497466 
0.169604 0.162707 0.484001 0.211448 0.188239 0.487814 0.205226 0.225913 
0.0821437 0.474662 0.827071 0.527111 0.135036 0.101054 0.0302516 0.0918193 
0.378479 0.21705 0.590155 0.627025 0.267995 0.0481385 0.0376319 0.248263 
0.439088 0.283306 0.737292 0.879002 0.602226 0.17657 0.158605 0.557215 
0.848496 0.527102 0.860077 0.733751 0.351947 0.354538 0.448964 0.848183 
0.959378 0.19116 0.531568 0.32637 0.453967 0.788525 0.615583 0.697479 
0.913691 0.0286511 0.131425 0.263417 0.72394 0.931364 0.889229 0.835655 
0.946889 0.022055 0.0444366 0.175558 0.532075 0.881606 0.948775 0.840867 
0.765308 0.198769 0.218506 0.458729 0.385361 0.733751 0.817786 0.547785 
0.440654 0.696121 0.675608 0.855386 0.63593 0.385901 0.462489 0.202014 
0.148173 0.923709 0.894943 0.957543 0.865291 0.577678 0.714207 0.471813 
0.504579 0.706187 0.691332 0.859868 0.702275 0.704854 0.890953 0.858259 
0.89292 0.23756 0.392735 0.533328 0.566866 0.876363 0.971015 0.973584 
0.976334 0.35396 0.322886 0.58555 0.436538 0.734837 0.93701 0.974124 
0.940429 0.807366 0.741817 0.871469 0.684237 0.436526 0.733474 0.893228 
0.71809 0.954455 0.905357 0.735195 0.469219 0.192007 0.336214 0.496211 
0.252313 0.851394 0.926174 0.76635 0.737817 0.507795 0.329875 0.188675 
0.112317 0.561886 0.862048 0.846765 0.930078 0.868898 0.548355 0.489358 
0.452098 0.29669 0.750848 0.921346 0.906092 0.936674 0.749602 0.31565 
0.175699 0.424772 0.850982 0.958595 0.895155 0.814669 0.452072 0.0965347 
0.0195582 0.205949 0.656225 0.862232 0.797696 0.721745 0.296912 0.036637 
0.00290589 0.246704 0.700085 0.682621 0.840128 0.558195 0.461064 0.0801102 
0.00585357 0.156526 0.369804 0.425843 0.517329 0.254977 0.497893 0.111449 
0.01282 0.288461 0.67484 0.773599 0.47751 0.124433 0.117008 0.0308947 
0.0581512 0.675436 0.910948 0.936397 0.756881 0.279638 0.0604722 0.130045 
0.389583 0.796264 0.731455 0.797866 0.459554 0.108115 0.129593 0.516986 
0.841143 0.550838 0.432317 0.714053 0.291767 0.0815993 0.340948 0.810102 
0.956005 0.507547 0.427735 0.325816 0.086235 0.0239434 0.19012 0.51943 
0.841284 0.62883 0.770007 0.370385 0.0637526 0 0.137939 0.143621 
0.389882 0.257283 0.371537 0.107801 0.111561 0 0.51258 0.13015 
0.0603322 0.546457 0.207396 0 0.511314 0 0.121117 0.0208407 
0 0.865953 0.479655 0 0.830561 0 0 0.00263242 
0 0.540209 0 0 0.747353 0 0 0 
0 0.107234 0 0 0.87031 0 0 0 
0 0 0 0 0.65068 0 0 0 
0.852958 0 0 0 0.187015 0 0 0 
0.852863 0 0 0 0 0 0 0 
0.518706 0 0 0 0 0 0.804366 0.856101 
0.55856 0 0.74597 0 0 0 0.462231 0.559384 
0 0 0.89593 0 0.677633 0.53314 0.265118 0.177636 
0 0 0.755553 0 0.906829 0.885763 0.639926 0.397019 
0 0 0.323428 0 0.875971 0.95735 0.878334 0.806308 
0 0 0 0 0.673426 0.867598 0.859444 0.942563 
0.772791 0 0 0 0.526434 0.533763 0.69134 0.868961 
0.551974 0 0 0 0.151337 0.400395 0.781299 0.583495 
0 0 0 0 0 0.132779 0.494584 0.328773 
0 0 0 0 0 0 0.755422 0.709403 
0 0 0 0 0.504406 0.724368 0.932056 0.835854 
0 0 0 0 0.82965 0 0.882078 0.91343 
0.638849 0 0 0.819064 0.945183 0.80405 0.64628 0.669585 
0 0 0 0.868848 0.842064 0.540446 0.216256 0.22523 
0 0 0 0.534703 0.472203 0.36501 0.0688623 0 
0 0 0 0.207214 0.495447 0.760248 0 0 
0 0 0 0.426638 0.796471 0.908885 0 0 
0 0 0 0 0.454103 0.737538 0 0 
0 0 0 0 0 0.261084 0 0 
0 0 0 0 0 0 0 0 
0 0.41388 0.160344 0 0 0 0 0 
0 0.871401 0.614304 0 0 0 0 0 
0 0.97989 0.911292 0.638111 0 0 0 0 
0 0.933348 0.967761 0.876994 0 0 0 0 
0.344603 0.892453 0.967897 0.94845 0.73177 0 0 0 
0.69317 0.920174 0.903034 0.880386 0.628272 0.654596 0 0.611245 
0.914929 0.978993 0.916985 0.879978 0.780962 0.893988 0.651359 0 
0.690311 0.973798 0.927229 0.955535 0.833879 0.717718 0.397291 0 
0.292592 0.863931 0.859533 0.849401 0.565071 0.431869 0.627947 0.37759 
0.612768 0.775148 0.926293 0.803563 0.42407 0.62899 0.889394 0.74511 
0.890313 0.414051 0.740861 0.454295 0.16978 0.373311 0.656092 0.400155 
0.598365 0.18673 0.531656 0.391853 0.337885 0.663083 0.700726 0.350106 
0.15843 0.424801 0.831014 0.814671 0.749179 0.906075 0.905347 0.642859 
0.175885 0.326407 0.812705 0.933656 0.797128 0.709385 0.68761 0.464781 
0.128729 0.0974478 0.449029 0.765074 0.561491 0.338726 0.518962 0.781421 
0.435055 0.0161025 0.134227 0.441481 0.71851 0.444172 0.748367 0.921813 
0.743855 0.0175722 0.0329548 0.158015 0.292254 0.14661 0.434252 0.748097 
0.452496 0.184503 0.157923 0.446606 0.173954 0.0940955 0.312452 0.505822 
0.529259 0.365738 0.482376 0.808155 0.465738 0.360714 0.414544 0.813346 
0.893874 0.834262 0.507851 0.489105 0.284564 0.536948 0.603625 0.879321 
0.97242 0.94317 0.767675 0.396813 0.524532 0.870104 0.839196 0.798016 
0.941382 0.819522 0.842796 0.569732 0.515932 0.862962 0.942984 0.891652 
0.962859 0.83454 0.947697 0.834506 0.671409 0.886822 0.838974 0.663037 
0.832233 0.636733 0.895495 0.786428 0.432643 0.625622 0.58475 0.310514 
0.372139 0.294517 0.654574 0.581423 0.325449 0.68249 0.835842 0.585426 
0.192366 0.516057 0.833469 0.841484 0.597995 0.838668 0.949646 0.83875 
0.416497 0.802596 0.940934 0.847675 0.481375 0.638766 0.855958 0.618565 
0.437575 0.522808 0.814005 0.554323 0.276221 0.598378 0.503805 0.455619 
0.820337 0.341894 0.745597 0.462565 0.216662 0.198963 0.133096 0.324958 
0.744945 0.548961 0.847084 0.809787 0.650681 0.358714 0.188245 0.608015 
0.910287 0.82069 0.955632 0.938453 0.898149 0.600566 0.194482 0.270111 
0.667014 0.600923 0.880297 0.805439 0.797446 0.422556 0.0800226 0 
0.176428 0.20793 0.582406 0.766065 0.902554 0.658861 0.174158 0 
0.0172677 0.183678 0.606228 0.85349 0.777231 0.373355 0.0601255 0 
0.00149407 0.462447 0.857493 0.951738 0.83878 0.403865 0 0 
0.0035971 0.655433 0.896735 0.884683 0.608506 0.169041 0 0 
0 0.86648 0.959414 0.882004 0.501971 0 0 0.793164 
0.447104 0.632192 0.859566 0.668815 0.21393 0 0 0.450065 
0.0561469 0.198794 0.476462 0.373035 0.0902629 0 0 0.0795384 
0 0 0.292389 0.696815 0.305913 0 0 0 
0 0 0.17485 0.694712 0.594555 0 0 0 
0 0 0 0.896124 0.907258 0.553638 0 0 
0 0 0 0.840103 0.936636 0.521498 0 0 
0.55116 0 0 0.44508 0.790736 0.438943 0 0 
0 0 0 0.0879686 0.371872 0 0 0 
0 0 0 0 0.445233 0 0 0 
0 0 0 0 0.229282 0.30658 0 0 
0 0 0.842406 0 0 0.749367 0 0 
0 0 0.635078 0 0 0.900008 0 0.645203 
0 0 0 0 0 0.864722 0 0 
0 0 0 0 0.84928 0.886127 0 0 
0 0 0 0 0.760179 0.624555 0 0 
0 0 0.782821 0 0.869815 0.212138 0 0.524537 
0 0 0.448169 0 0.63827 0 0 0 
0 0 0 0 0.353971 0 0.636878 0 
0 0 0 0 0.710775 0 0.319993 0 
0 0 0 0 0.88338 0 0.135755 0 
0 0 0 0 0.721833 0 0.347397 0 
0 0.60897 0 0 0.478228 0.80863 0.830615 0.726324 
0.880004 0 0 0 0.371725 0.834064 0.949479 0.921801 
0.975329 0 0 0 0 0.759809 0.860582 0.846581 
0.960451 0 0 0 0.741696 0.903223 0.793537 0.718472 
0.80037 0 0 0.628868 0 0.707549 0.8469 0.861427 
0.584555 0 0.619668 0.870369 0 0.280452 0.462841 0.523408 
0.194294 0.270055 0 0.639275 0 0.0641263 0.0860214 0.116464 
0 0.720029 0 0.466844 0.761698 0 0.0384583 0.170609 
0 0.545979 0.278375 0.16769 0.418361 0.120007 0 0.565369 
0 0.859709 0.586595 0.274072 0.130077 0.383823 0.590767 0.852491 
0 0.919063 0.865297 0.597555 0 0.735319 0 0.574901 
0 0.872176 0.951637 0.845239 0 0.371058 0.150825 0.351759 
0 0.678707 0.84731 0.603555 0.218846 0.461381 0.457487 0.192204 
0 0.825755 0.668393 0.431399 0.360317 0.708883 0.853855 0.531846 
0 0.399848 0.407412 0.748221 0.754775 0.930641 0.956729 0.725804 
0 0.120092 0.392455 0.695464 0.884799 0.969045 0.93926 0.69367 
0.474823 0.0364809 0.210254 0.582591 0.738545 0.925541 0.922519 0.671321 
0.286552 0.173681 0.479462 0.84249 0.791512 0.945614 0.958547 0.837133 
0.606561 0.594146 0.290742 0.501772 0.515695 0.842027 0.847571 0.698955 
0.86923 0.874556 0.503796 0.168169 0.13619 0.39384 0.408892 0.274478 
0.51939 0.876085 0.556793 0.139726 0.0996387 0.088465 0.107804 0.226493 
0.104634 0.951847 0.667144 0.323188 0.45781 0.17403 0.247482 0.0562144 
0.0109776 0.839684 0.514707 0.583604 0.84005 0.531021 0.716044 0 
0 0.403229 0.399667 0.722422 0.88154 0.708574 0.833521 0 
0 0.129393 0.489144 0.855476 0.862868 0.486041 0.571688 0 
0.326175 0.0275697 0.217545 0.625061 0.521223 0.140809 0.11443 0 
0 0 0.344199 0.813544 0.431779 0.0673429 0.0120807 0 
0 0 0.441241 0.871727 0.444376 0.0535805 0 0 
0 0 0.663707 0.952516 0.656561 0 0 0 
0 0 0.63817 0.938688 0.601932 0 0 0 
0 0 0.323351 0.796625 0.337793 0 0 0 
0 0.546651 0 0.332186 0 0.456994 0 0 
0.378092 0.122093 0 0.0449104 0 0.708716 0 0.492348 
0.852403 0 0 0.0594911 0.452226 0.898331 0.474722 0 
0.596014 0 0 0 0 0.698081 0 0 
0.110501 0 0 0 0 0.225565 0.372727 0 
0.0137948 0.469652 0 0 0.425768 0.0763776 0 0 
0 0.897483 0 0 0.875553 0 0 0 
0.778093 0.6716 0 0 0.721111 0 0 0 
0.366728 0.313791 0 0 0.195983 0 0 0 
0.0448288 0.738149 0.380371 0 0.214089 0 0 0 
0.00394707 0.380651 0.815384 0 0.728823 0 0.446341 0 
0.0191939 0.428513 0.917247 0 0.404793 0 0.827129 0 
0.165582 0.247051 0.817161 0 0.230342 0.425627 0.929966 0.50794 
0.618689 0.0504741 0.409663 0 0.305245 0.317269 0.86638 0.606225 
0.90907 0.388412 0.253921 0 0.810449 0 0.794933 0.886068 
0.967013 0.919684 0.33234 0 0.515875 0 0.744441 0.685457 
0.911701 0.678307 0.215235 0 0.30803 0 0.891174 0.614259 
0.624659 0.409944 0.64363 0 0.707878 0.292527 0.79012 0.882175 
0.638312 0.296232 0.862848 0 0.895403 0.35536 0.529637 0.835571 
0.741684 0.117341 0.632333 0 0.722305 0.568034 0.296099 0.623123 
0.615173 0.0214407 0.186698 0 0.238233 0.146402 0.308699 0.65266 
0.857275 0.0379991 0.0190795 0 0.101007 0.224576 0.722998 0.863349 
0.585439 0.00156427 0 0 0.206774 0.462689 0.923977 0.954091 
0.682375 0.000539585 0 0 0.822444 0.907305 0.898507 0.882784 
0.552121 0 0 0 0.518018 0.779484 0.924666 0.766527 
0.143662 0.58728 0 0 0.191712 0.858065 0.788945 0.377757 
0 0.912474 0 0 0.069657 0.546624 0.443807 0.0930613 
0 0.764096 0 0 0.0282251 0.253466 0.683782 0.0983805 
0.452387 0.570844 0.0690364 0 0.135408 0.167339 0.871611 0 
0.659566 0.882721 0.201056 0 0.44868 0 0.664547 0 
0.939864 0.479115 0.562409 0 0.861678 0 0.185136 0.0722282 
0.851264 0.115325 0.852338 0 0.744267 0 0.165467 0.0305667 
0.425507 0 0.866471 0.206487 0.340679 0 0.516762 0 
0.034065 0 0.642879 0.138553 0.351731 0 0.883439 0 
0 0 0.725974 0.301665 0.293865 0 0.732668 0 
0 0 0.904592 0.713252 0.743981 0 0.209432 0 
0 0 0.822744 0.938065 0.927767 0 0.0120556 0 
0 0 0.629944 0.954314 0.907652 0 0 0 
0 0 0.430814 0.89364 0.668351 0 0 0 
0 0 0.541948 0.944426 0.568591 0 0 0 
0 0 0.549543 0.93957 0.551105 0 0.823667 0 
0 0 0.0992927 0.819967 0.162805 0 0.694334 0 
0 0 0 0.412356 0.027128 0 0.885416 0 
0 0 0 0.0545528 0 0 0.845807 0 
0 0 0 0.00200203 0 0 0.904274 0 
0 0 0 0 0 0 0.771772 0 
0 0 0 0 0 0.882928 0.524933 0 
0 0 0 0.118272 0 0.580213 0 0 
0 0 0 0.892672 0 0.0366673 0 0 
0 0 0 0.818983 0 0 0 0 
0 0 0 0.245596 0 0 0 0 
0 0 0 0 0 0 0 0 
0 0 0 0 0 0 0 0 
