0 0 0 0 0 0 0 0 
0 0 0 0 0 0 0 0 
0 0 0 0 0 0 0 0 
0 0 0 0 0 0 0 0 
0 0 0 0 0 0 0 0 
0 0 0 0 0 0 0 0 
0 0 0 0 0 0 0 0 
0 0 0 0 0 0 0 0 
0 0 0 0 0 0 0 0 
0 0 0 0 0 0 0 0 
0 0 0 0 0 0 0 0 
0 0 0 0 0 0 0 0 
0 0 0 0 0 0 0 0 
0 0 0 0 0 0 0 0 
0 0 0 0 0 0 0 0 
0 0 0 0 0 0 0 0 
0 0 0 0 0 0 0 0 
0 0 0 0 0 0 0 0 
0 0 0 0 0 0 0 0 
0 0 0 0 0 0 0 0 
0 0 0 0 0 0 0 0 
0 0 0 0 0 0 0 0 
0 0 0 0 0 0 0 0 
0 0 0 0 0 0 0 0 
0 0 0 0 0 0 0 0 
0 0 0 0 0 0 0 0 
0 0 0 0 0 0 0 0 
0 0 0 0 0 0 0 0 
0 0 0 0 0 0 0 0 
0 0 0 0 0 0 0 0 
0 0 0 0 0 0 0 0 
0 0 0 0 0 0 0 0 
0 0 0 0 0 0 0 0 
0 0 0 0 0 0 0 0 
0 0 0 0 0 0 0 0 
0 0 0 0 0 0 0 0 
0 0 0 0 0 0 0 0 
0 0 0 0 0 0 0 0 
0 0 0 0 0 0 0 0 
0 0 0 0 0 0 0 0 
0 0 0 0 0 0 0 0 
0 0 0 0 0 0 0 0 
0 0 0 0 0 0 0 0 
0 0 0 0 0 0 0 0 
0 0 0 0 0 0 0 0 
0 0 0 0 0 0 0 0 
0 0 0 0 0 0 0 0 
0 0 0 0 0 0 0 0 
0.947201 0.96066 0.967614 0.96124 0.96634 0.963961 0.970494 0.965215 
0.997669 0.998876 0.999121 0.99896 0.999022 0.999001 0.998972 0.99903 
0.999913 0.999971 0.999976 0.999974 0.999973 0.999975 0.999967 0.999977 
0.999997 0.999999 0.999999 0.999999 0.999999 0.999999 0.999999 0.999999 
1 1 1 1 1 1 1 1 
1 1 1 1 1 1 1 1 
1 1 1 1 1 1 1 1 
1 1 1 1 1 1 1 1 
1 1 1 1 1 1 1 1 
1 1 1 1 1 1 1 1 
1 1 1 1 1 1 1 1 
1 1 1 1 1 1 1 1 
1 1 1 1 1 1 1 1 
1 1 1 1 1 1 1 1 
1 1 1 1 1 1 1 1 
1 1 1 1 1 1 1 1 
1 1 1 1 1 1 1 1 
1 1 1 1 1 1 1 1 
1 1 1 1 1 1 1 1 
1 1 1 1 1 1 1 1 
1 1 1 1 1 1 1 1 
1 1 1 1 1 1 1 1 
1 1 1 1 1 1 1 1 
1 1 1 1 1 1 1 1 
1 1 1 1 1 1 1 1 
1 1 1 1 1 1 1 1 
1 1 1 1 1 1 1 1 
1 1 1 1 1 1 1 1 
1 1 1 1 0.999998 0.999984 0.999998 1 
1 1 1 0.999998 0.999951 0.999355 0.999951 0.999997 
0.999999 1 0.999997 0.999948 0.998694 0.97432 0.998696 0.999949 
0.999981 0.999998 0.999953 0.999031 0.973605 0 0.973701 0.999271 
0.999288 0.999957 0.99879 0.973612 0.971631 0 0.973861 0.997951 
0.972968 0.999272 0.97296 0 0.946086 0 0.946016 0.970781 
0 0.99797 0.946708 0 0.948025 0 0 0.91824 
0 0.972956 0 0 0.944537 0 0 0 
0.919096 0.946764 0 0 0.944414 0 0 0 
0 0 0 0 0.943686 0 0 0 
0.946746 0 0 0 0.917464 0 0 0 
0.972296 0 0 0 0 0 0 0 
0.972949 0 0 0 0 0 0.945955 0.971525 
0.972236 0 0.917531 0 0 0 0.972202 0.982216 
0 0 0.944782 0 0.946092 0.972912 0.997931 0.972944 
0 0 0.952655 0 0.975403 0.999034 0.999239 0.972987 
0 0 0.917649 0 0.973043 0.999273 0.999412 0.973647 
0 0 0 0 0.97295 0.999284 0.999965 0.998609 
0.972216 0 0 0 0.972274 0.999219 0.999925 0.998608 
0.972216 0 0 0 0.94667 0.997304 0.999205 0.973638 
0 0 0 0 0 0.947364 0.997412 0.972919 
0 0 0 0 0 0 0.976893 0.972399 
0 0 0 0 0.944521 0.945887 0.99676 0.973505 
0 0 0 0 0.945896 0 0.974177 0.996616 
0.944433 0 0 0.946653 0.996643 0.974244 0.997963 0.97291 
0 0 0 0.972272 0.999183 0.999218 0.997318 0.947356 
0 0 0 0.972931 0.999215 0.997981 0.947382 0 
0 0 0 0.972343 0.998545 0.973602 0 0 
0 0 0 0.948787 0.996703 0.972844 0 0 
0 0 0 0 0.946597 0.970136 0 0 
0 0 0 0 0 0.918222 0 0 
0 0 0 0 0 0 0 0 
0 0.973013 0.946023 0 0 0 0 0 
0 0.99865 0.972908 0 0 0 0 0 
0 0.999995 0.998051 0.946715 0 0 0 0 
0 0.99998 0.999276 0.972936 0 0 0 0 
0.946763 0.999998 0.999932 0.998074 0.953947 0 0 0 
0.972921 1 0.999995 0.999884 0.99743 0.947364 0 0.919626 
0.996669 1 1 0.999994 0.999867 0.997326 0.946772 0 
0.973628 1 1 0.999999 0.99998 0.99933 0.974661 0 
0.973679 1 1 1 0.999998 0.999952 0.998754 0.974322 
0.998697 1 1 1 1 0.999998 0.999953 0.999355 
0.999951 1 1 1 1 1 0.999998 0.999984 
0.999998 1 1 1 1 1 1 1 
1 1 1 1 1 1 1 1 
1 1 1 1 1 1 1 1 
1 1 1 1 1 1 1 1 
1 1 1 1 1 1 1 1 
1 1 1 1 1 1 1 1 
1 1 1 1 1 1 1 1 
1 1 1 1 1 1 1 1 
1 1 1 1 1 1 1 1 
1 1 1 1 1 1 1 1 
1 1 1 1 1 1 1 1 
1 1 1 1 1 1 1 1 
1 1 1 1 1 1 1 1 
1 1 1 1 1 1 1 1 
1 1 1 1 1 1 1 1 
1 1 1 1 1 1 1 1 
1 1 1 1 1 1 1 1 
1 1 1 1 1 1 0.999998 0.999984 
0.999998 1 1 1 1 0.999998 0.999951 0.999355 
0.999953 1 1 1 0.999998 0.99995 0.998695 0.974322 
0.998783 1 1 1 0.999983 0.999321 0.973633 0 
0.976068 1 1 0.999999 0.999979 0.999249 0.972294 0 
0.973078 1 1 0.999998 0.999941 0.998129 0.946701 0 
0.972302 1 0.999999 0.99998 0.999271 0.972948 0 0 
0.946746 0.999999 0.999998 0.999932 0.997986 0.946709 0 0 
0 0.999981 0.999982 0.999321 0.973634 0 0 0.945928 
0.972308 0.999288 0.999958 0.999287 0.972986 0 0 0.970113 
0.972228 0.97297 0.998717 0.999242 0.972967 0 0 0.918348 
0 0 0.97383 0.998613 0.972966 0 0 0 
0 0 0.946749 0.997306 0.973555 0 0 0 
0 0 0 0.973565 0.997304 0.946654 0 0 
0 0 0 0.973021 0.998487 0.971616 0 0 
0.919096 0 0 0.972216 0.997359 0.94748 0 0 
0 0 0 0.946053 0.975318 0 0 0 
0 0 0 0 0.945386 0 0 0 
0 0 0 0 0.948274 0.944537 0 0 
0 0 0.916791 0 0 0.944435 0 0 
0 0 0.916776 0 0 0.944455 0 0.888868 
0 0 0 0 0 0.945237 0 0 
0 0 0 0 0.945986 0.972034 0 0 
0 0 0 0 0.971472 0.971552 0 0 
0 0 0.91665 0 0.970808 0.946086 0 0.893663 
0 0 0.91665 0 0.945166 0 0 0 
0 0 0 0 0.944453 0 0.917445 0 
0 0 0 0 0.944434 0 0.943684 0 
0 0 0 0 0.944457 0 0.944462 0 
0 0 0 0 0.945188 0 0.945977 0 
0 0.919096 0 0 0.970876 0.973517 0.997553 0.975623 
0.972968 0 0 0 0.946635 0.997349 0.999848 0.999399 
0.999287 0 0 0 0 0.974232 0.999352 0.999968 
0.999981 0 0 0 0.918998 0.996656 0.999883 0.999994 
0.999981 0 0 0.920831 0 0.973575 0.999314 0.999931 
0.999287 0 0.91818 0.968764 0 0.972352 0.999177 0.99864 
0.972968 0.946764 0 0.945875 0 0.94775 0.996701 0.973587 
0 0.972975 0 0.971545 0.946632 0 0.946682 0.978971 
0 0.998707 0.974632 0.998555 0.996656 0.94729 0 0.946535 
0 0.999959 0.99934 0.998642 0.97416 0.995348 0.946658 0.97221 
0 0.999988 0.999568 0.973668 0 0.94663 0 0.946036 
0 0.999983 0.999329 0.973663 0 0.972379 0.97294 0.971941 
0 0.999998 0.99995 0.998695 0.974331 0.999002 0.998607 0.972946 
0 1 0.999998 0.999951 0.999355 0.999944 0.999271 0.972985 
0 1 1 0.999998 0.999983 0.999981 0.999321 0.973644 
0 1 1 1 1 0.999998 0.99995 0.998662 
0.972979 1 1 1 1 1 0.999998 0.999949 
0.99929 1 1 1 1 1 1 0.999998 
0.999982 1 1 1 1 1 1 1 
0.999999 1 1 1 1 1 0.999998 0.999987 
0.999981 1 1 1 1 0.999998 0.999954 0.999778 
0.999288 1 1 1 0.999999 0.99995 0.998678 0.973649 
0.972973 1 1 1 0.999983 0.999321 0.973646 0 
0 0.999981 0.999998 0.999999 0.999982 0.999297 0.973011 0 
0 0.999287 0.999949 0.999997 0.999988 0.999581 0.973218 0 
0.919096 0.972968 0.998661 0.999949 0.999982 0.999364 0.972305 0 
0 0 0.973644 0.999321 0.999866 0.997328 0.946672 0 
0 0 0.972984 0.999976 0.997999 0.947382 0 0 
0 0 0.972943 0.998897 0.973601 0 0 0 
0 0 0.972253 0.998486 0.97227 0 0 0 
0 0 0.946631 0.995926 0.946632 0 0 0 
0 0.946018 0 0.945914 0 0.917486 0 0 
0.9474 0.946018 0 0.945167 0 0.945061 0 0.918978 
0.995983 0 0 0.944523 0.945808 0.993881 0.919002 0 
0.973574 0 0 0 0 0.946497 0 0 
0.972313 0 0 0 0 0.969406 0.918259 0 
0.946746 0.946747 0 0 0.946118 0.94521 0 0 
0 0.972322 0 0 0.944553 0 0 0 
0.948874 0.973322 0 0 0.944441 0 0 0 
0.972572 0.97694 0 0 0.944433 0 0 0 
0.972991 0.998094 0.946694 0 0.944433 0 0 0 
0.97299 0.999242 0.97228 0 0.944454 0 0.917488 0 
0.973026 0.999287 0.972952 0 0.945185 0 0.945152 0 
0.973837 0.999289 0.972976 0 0.971503 0.972878 0.997266 0.974283 
0.998714 0.999288 0.972969 0 0.971507 0.972932 0.998585 0.999304 
0.999951 0.999288 0.972969 0 0.945211 0 0.973643 0.999305 
0.999981 0.999289 0.972973 0 0.953489 0 0.973003 0.999291 
0.999981 0.99929 0.97306 0 0.945213 0 0.973646 0.999333 
0.999984 0.999378 0.977868 0 0.971561 0.973589 0.998676 0.999951 
0.999998 0.99929 0.973059 0 0.972914 0.998641 0.999932 0.999997 
1 0.999287 0.972954 0 0.972966 0.999276 0.99998 0.999999 
1 0.999238 0.972275 0 0.972973 0.999341 0.999985 1 
1 0.997968 0.946689 0 0.973035 0.999295 0.999982 0.999999 
1 0.972955 0 0 0.97417 0.999351 0.999989 0.999998 
0.999982 0.946765 0 0 0.973035 0.999291 0.999979 0.99995 
0.999305 0 0 0 0.972971 0.999286 0.999938 0.998677 
0.973143 0.946746 0 0 0.973051 0.99928 0.999535 0.973651 
0 0.972314 0 0 0.974912 0.999333 0.999269 0.972985 
0 0.973629 0 0 0.973053 0.998602 0.998606 0.972934 
0.972251 0.998006 0.946697 0 0.972427 0.97295 0.972242 0 
0.973083 0.999229 0.972302 0 0.945247 0 0.945956 0 
0.973672 0.998706 0.972924 0 0.944479 0 0.971524 0.97291 
0.998612 0.974822 0.972339 0 0.945248 0 0.971504 0.972893 
0.99797 0 0.972257 0.972933 0.972459 0 0.945185 0 
0.947455 0 0.972913 0.997939 0.972953 0 0.944453 0 
0 0 0.972957 0.999608 0.972989 0 0.944413 0 
0 0 0.972995 0.998617 0.973255 0 0.943695 0 
0 0 0.973558 0.998631 0.973087 0 0.926992 0 
0 0 0.972993 0.998579 0.972962 0 0 0 
0 0 0.972951 0.998577 0.972949 0 0 0 
0 0 0.97297 0.998576 0.972948 0 0 0 
0 0 0.972777 0.998561 0.972936 0 0.919594 0 
0 0 0.946711 0.997224 0.972263 0 0.94382 0 
0 0 0 0.971464 0.94607 0 0.952754 0 
0 0 0 0.944435 0 0 0.944515 0 
0 0 0 0.917467 0 0 0.944864 0 
0 0 0 0 0 0 0.94447 0 
0 0 0 0 0 0.944483 0.944436 0 
0 0 0 0.917724 0 0.94489 0 0 
0 0 0 0.943688 0 0.91752 0 0 
0 0 0 0.943662 0 0 0 0 
0 0 0 0.917444 0 0 0 0 
0 0 0 0 0 0 0 0 
0 0 0 0 0 0 0 0 
