0 0 0 0 0 0 0 0 
0 0 0 0 0 0 0 0 
0 0 0 0 0 0 0 0 
0 0 0 0 0 0 0 0 
0 0 0 0 0 0 0 0 
0 0 0 0 0 0 0 0 
0 0 0 0 0 0 0 0 
0 0 0 0 0 0 0 0 
0 0 0 0 0 0 0 0 
0 0 0 0 0 0 0 0 
0 0 0 0 0 0 0 0 
0 0 0 0 0 0 0 0 
0 0 0 0 0 0 0 0 
0 0 0 0 0 0 0 0 
0 0 0 0 0 0 0 0 
0 0 0 0 0 0 0 0 
0 0 0 0 0 0 0 0 
0 0 0 0 0 0 0 0 
0 0 0 0 0 0 0 0 
0 0 0 0 0 0 0 0 
0 0 0 0 0 0 0 0 
0 0 0 0 0 0 0 0 
0 0 0 0 0 0 0 0 
0 0 0 0 0 0 0 0 
0 0 0 0 0 0 0 0 
0 0 0 0 0 0 0 0 
0 0 0 0 0 0 0 0 
0 0 0 0 0 0 0 0 
0 0 0 0 0 0 0 0 
0 0 0 0 0 0 0 0 
0 0 0 0 0 0 0 0 
0 0 0 0 0 0 0 0 
0 0 0 0 0 0 0 0 
0 0 0 0 0 0 0 0 
0 0 0 0 0 0 0 0 
0 0 0 0 0 0 0 0 
0 0 0 0 0 0 0 0 
0 0 0 0 0 0 0 0 
0 0 0 0 0 0 0 0 
0 0 0 0 0 0 0 0 
0 0 0 0 0 0 0 0 
0 0 0 0 0 0 0 0 
0 0 0 0 0 0 0 0 
0 0 0 0 0 0 0 0 
0 0 0 0 0 0 0 0 
0 0 0 0 0 0 0 0 
0 0 0 0 0 0 0 0 
0 0 0 0 0 0 0 0 
0.930942 0.962092 0.964548 0.970269 0.965043 0.960999 0.967175 0.966115 
0.997051 0.998902 0.99895 0.998957 0.998938 0.998916 0.99927 0.99906 
0.999903 0.999971 0.999971 0.999958 0.999971 0.999972 0.999984 0.999977 
0.999997 0.999999 0.999999 0.999998 0.999999 0.999999 1 0.999999 
1 1 1 1 1 1 1 1 
1 1 1 1 1 1 1 1 
1 1 1 1 1 1 1 1 
1 1 1 1 1 1 1 1 
1 1 1 1 1 1 1 1 
1 1 1 1 1 1 1 1 
1 1 1 1 1 1 1 1 
1 1 1 1 1 1 1 1 
1 1 1 1 1 1 1 1 
1 1 1 1 1 1 1 1 
1 1 1 1 1 1 1 1 
1 1 1 1 1 1 1 1 
1 1 1 1 1 1 1 1 
1 1 1 1 1 1 1 1 
1 1 1 1 1 1 1 1 
1 1 1 1 1 1 1 1 
1 1 1 1 1 1 1 1 
1 1 1 1 1 1 1 1 
1 1 1 1 1 1 1 1 
1 1 1 1 1 1 1 1 
1 1 1 1 1 1 1 1 
1 1 1 1 1 1 1 1 
1 1 1 1 1 1 1 1 
1 1 1 1 1 1 1 1 
1 1 1 1 0.999999 0.999984 0.999998 1 
1 1 1 0.999997 0.999984 0.999355 0.999952 0.999998 
0.999999 1 0.999997 0.999934 0.998694 0.974322 0.998717 0.999951 
0.999981 0.999997 0.999933 0.998674 0.973593 0 0.973878 0.99929 
0.999287 0.999948 0.998659 0.973593 0.971752 0 0.972365 0.997883 
0.972968 0.999271 0.972952 0 0.952187 0 0.948842 0.970874 
0 0.997971 0.946708 0 0.945374 0 0 0.918241 
0 0.972964 0 0 0.944508 0 0 0 
0.919834 0.946766 0 0 0.944584 0 0 0 
0 0 0 0 0.943772 0 0 0 
0.946756 0 0 0 0.918647 0 0 0 
0.972298 0 0 0 0 0 0 0 
0.97295 0 0 0 0 0 0.945955 0.971525 
0.972236 0 0.917454 0 0 0 0.972201 0.972216 
0 0 0.943721 0 0.946078 0.972897 0.997926 0.972912 
0 0 0.943669 0 0.978083 0.99867 0.99922 0.972982 
0 0 0.917445 0 0.973083 0.99926 0.999301 0.973644 
0 0 0 0 0.972969 0.999285 0.99993 0.998662 
0.973151 0 0 0 0.97238 0.999233 0.999925 0.998611 
0.972278 0 0 0 0.946699 0.997371 0.999208 0.973638 
0 0 0 0 0 0.948411 0.997377 0.972918 
0 0 0 0 0 0 0.973523 0.972303 
0 0 0 0 0.944513 0.945884 0.996668 0.973523 
0 0 0 0 0.945884 0 0.974197 0.996995 
0.944433 0 0 0.946653 0.996642 0.974245 0.998033 0.979717 
0 0 0 0.972272 0.999184 0.99922 0.997309 0.946759 
0 0 0 0.972929 0.999216 0.997999 0.94757 0 
0 0 0 0.972256 0.99854 0.973606 0 0 
0 0 0 0.94666 0.996609 0.972861 0 0 
0 0 0 0 0.946593 0.970139 0 0 
0 0 0 0 0 0.918244 0 0 
0 0 0 0 0 0 0 0 
0 0.972957 0.946015 0 0 0 0 0 
0 0.998644 0.9729 0 0 0 0 0 
0 0.999915 0.997969 0.946714 0 0 0 0 
0 0.999991 0.999301 0.972939 0 0 0 0 
0.946763 0.999998 0.999935 0.998009 0.947478 0 0 0 
0.972923 1 0.999996 0.999886 0.99746 0.95059 0 0.923976 
0.996801 1 1 0.999994 0.99987 0.997418 0.946692 0 
0.97363 1 1 0.999999 0.99998 0.999257 0.972957 0 
0.973679 1 1 1 0.999998 0.999948 0.998679 0.974322 
0.998697 1 1 1 1 0.999997 0.999951 0.999355 
0.999951 1 1 1 1 1 0.999998 0.999984 
0.999998 1 1 1 1 1 1 1 
1 1 1 1 1 1 1 1 
1 1 1 1 1 1 1 1 
1 1 1 1 1 1 1 1 
1 1 1 1 1 1 1 1 
1 1 1 1 1 1 1 1 
1 1 1 1 1 1 1 1 
1 1 1 1 1 1 1 1 
1 1 1 1 1 1 1 1 
1 1 1 1 1 1 1 1 
1 1 1 1 1 1 1 1 
1 1 1 1 1 1 1 1 
1 1 1 1 1 1 1 1 
1 1 1 1 1 1 1 1 
1 1 1 1 1 1 1 1 
1 1 1 1 1 1 1 1 
1 1 1 1 1 1 1 1 
1 1 1 1 1 1 0.999999 0.999984 
0.999999 1 1 1 1 0.999999 0.999957 0.999355 
0.999953 1 1 1 0.999998 0.999951 0.998698 0.974322 
0.998714 1 1 1 0.999982 0.99932 0.973627 0 
0.973897 1 1 0.999999 0.999979 0.99924 0.972293 0 
0.980276 1 1 0.999999 0.999935 0.998052 0.946691 0 
0.97236 1 0.999999 0.999982 0.999356 0.974893 0 0 
0.946757 0.999999 0.999998 0.999932 0.997989 0.946802 0 0 
0 0.999981 0.999981 0.999321 0.973633 0 0 0.945956 
0.972216 0.999287 0.99993 0.999292 0.973033 0 0 0.970564 
0.972216 0.972968 0.998625 0.999236 0.972973 0 0 0.918335 
0 0 0.972932 0.998559 0.972964 0 0 0 
0 0 0.946688 0.997302 0.973554 0 0 0 
0 0 0 0.973554 0.997299 0.94665 0 0 
0 0 0 0.972946 0.998474 0.971561 0 0 
0.919096 0 0 0.97223 0.997216 0.946648 0 0 
0 0 0 0.945958 0.971471 0 0 0 
0 0 0 0 0.945186 0 0 0 
0 0 0 0 0.944541 0.946309 0 0 
0 0 0.91665 0 0 0.94452 0 0 
0 0 0.91665 0 0 0.944456 0 0.888868 
0 0 0 0 0 0.945174 0 0 
0 0 0 0 0.945932 0.970854 0 0 
0 0 0 0 0.971501 0.971847 0 0 
0 0 0.91665 0 0.970793 0.945949 0 0.888868 
0 0 0.91665 0 0.945165 0 0 0 
0 0 0 0 0.944453 0 0.917445 0 
0 0 0 0 0.944434 0 0.943683 0 
0 0 0 0 0.944453 0 0.944453 0 
0 0 0 0 0.945167 0 0.945924 0 
0 0.9194 0 0 0.970867 0.973546 0.998881 0.975926 
0.972968 0 0 0 0.946633 0.997352 0.999858 0.999403 
0.999287 0 0 0 0 0.974231 0.999348 0.999968 
0.999981 0 0 0 0.918998 0.996656 0.999883 0.999994 
0.999986 0 0 0.919491 0 0.973573 0.999314 0.999947 
0.999403 0 0.91818 0.968736 0 0.972289 0.999189 0.999452 
0.972974 0.946764 0 0.945859 0 0.946658 0.996684 0.973534 
0 0.972976 0 0.971541 0.946634 0 0.946619 0.970882 
0 0.998697 0.974316 0.99853 0.996699 0.947315 0 0.94588 
0 0.999951 0.999306 0.998683 0.974813 0.995652 0.946581 0.970153 
0 0.999981 0.999312 0.973662 0 0.94664 0 0.945908 
0 0.999989 0.999612 0.973669 0 0.972269 0.972934 0.971634 
0 0.999998 0.999956 0.998696 0.974326 0.998738 0.998667 0.974128 
0 1 0.999998 0.999951 0.999356 0.999938 0.999275 0.973052 
0 1 1 0.999998 0.999984 0.999981 0.999321 0.973646 
0 1 1 1 1 0.999998 0.99995 0.998662 
0.972968 1 1 1 1 1 0.999997 0.999949 
0.999288 1 1 1 1 1 1 0.999998 
0.999989 1 1 1 1 1 1 1 
0.999999 1 1 1 1 1 0.999999 0.999984 
0.999981 1 1 1 1 0.999998 0.999953 0.999343 
0.999287 1 1 1 0.999998 0.99995 0.99868 0.973646 
0.972968 1 1 1 0.999983 0.999325 0.973706 0 
0 0.999981 0.999998 0.999999 0.999983 0.999348 0.974014 0 
0 0.999288 0.999949 0.999997 0.999982 0.999299 0.973101 0 
0.919096 0.972972 0.998661 0.999949 0.999977 0.999307 0.974585 0 
0 0 0.973644 0.999316 0.999865 0.997325 0.946763 0 
0 0 0.972983 0.999222 0.997998 0.947382 0 0 
0 0 0.972932 0.998608 0.973591 0 0 0 
0 0 0.972253 0.998479 0.972298 0 0 0 
0 0 0.946633 0.99595 0.946949 0 0 0 
0 0.946018 0 0.945864 0 0.917491 0 0 
0.947482 0.946018 0 0.944474 0 0.945058 0 0.91899 
0.996152 0 0 0.944472 0.945805 0.993872 0.918916 0 
0.979279 0 0 0 0 0.946496 0 0 
0.974176 0 0 0 0 0.969397 0.9182 0 
0.946831 0.947316 0 0 0.944452 0.945126 0 0 
0 0.972342 0 0 0.944434 0 0 0 
0.947177 0.972989 0 0 0.944436 0 0 0 
0.972331 0.973644 0 0 0.944449 0 0 0 
0.972971 0.997989 0.946762 0 0.944437 0 0 0 
0.972987 0.999304 0.973548 0 0.944454 0 0.917711 0 
0.973006 0.99929 0.973018 0 0.945186 0 0.945175 0 
0.973676 0.999288 0.972969 0 0.97151 0.972876 0.997267 0.974294 
0.999064 0.999288 0.972969 0 0.971505 0.972911 0.998587 0.999304 
0.999962 0.99929 0.972989 0 0.945186 0 0.973736 0.999315 
0.999984 0.999307 0.973175 0 0.944475 0 0.973015 0.999291 
0.999982 0.99929 0.972989 0 0.945187 0 0.973645 0.999321 
0.999983 0.999288 0.972969 0 0.971559 0.97359 0.998676 0.99995 
0.999998 0.999288 0.972969 0 0.972914 0.998641 0.999933 0.999997 
1 0.999288 0.972971 0 0.972966 0.999271 0.99998 0.999999 
1 0.999256 0.972473 0 0.972968 0.999287 0.999981 1 
1 0.997971 0.946711 0 0.972969 0.999288 0.999981 0.999999 
1 0.972966 0 0 0.972981 0.999289 0.999981 0.999998 
0.999982 0.946859 0 0 0.973023 0.999294 0.999979 0.999949 
0.999297 0 0 0 0.972975 0.999287 0.999931 0.99866 
0.972969 0.946746 0 0 0.972968 0.999275 0.999302 0.973643 
0 0.972314 0 0 0.972971 0.999366 0.999258 0.972984 
0 0.973628 0 0 0.972912 0.998595 0.998577 0.972932 
0.972243 0.997996 0.946707 0 0.97154 0.972893 0.97224 0 
0.97299 0.999229 0.972308 0 0.945187 0 0.945957 0 
0.973662 0.998721 0.972931 0 0.944475 0 0.971526 0.972916 
0.998613 0.975846 0.972391 0 0.945187 0 0.97152 0.972895 
0.99797 0 0.972262 0.972876 0.97154 0 0.945344 0 
0.947455 0 0.97292 0.997929 0.972905 0 0.944559 0 
0 0 0.972949 0.998568 0.973037 0 0.946339 0 
0 0 0.972949 0.998575 0.972959 0 0.943771 0 
0 0 0.972977 0.998576 0.972949 0 0.917447 0 
0 0 0.973346 0.998602 0.972951 0 0 0 
0 0 0.978197 0.998667 0.973038 0 0 0 
0 0 0.973113 0.998663 0.975185 0 0 0 
0 0 0.9744 0.998616 0.973073 0 0.917445 0 
0 0 0.946779 0.99729 0.979753 0 0.943682 0 
0 0 0 0.971476 0.94601 0 0.944413 0 
0 0 0 0.94467 0 0 0.944448 0 
0 0 0 0.917494 0 0 0.944637 0 
0 0 0 0 0 0 0.949449 0 
0 0 0 0 0 0.94465 0.944553 0 
0 0 0 0.917444 0 0.943706 0 0 
0 0 0 0.943661 0 0.917446 0 0 
0 0 0 0.943661 0 0 0 0 
0 0 0 0.917444 0 0 0 0 
0 0 0 0 0 0 0 0 
0 0 0 0 0 0 0 0 
