0 0 0 0 0 0 0 0 
0 0 0 0 0 0 0 0 
0 0 0 0 0 0 0 0 
0 0 0 0 0 0 0 0 
0 0 0 0 0 0 0 0 
0 0 0 0 0 0 0 0 
0 0 0 0 0 0 0 0 
0 0 0 0 0 0 0 0 
0 0 0 0 0 0 0 0 
0 0 0 0 0 0 0 0 
0 0 0 0 0 0 0 0 
0 0 0 0 0 0 0 0 
0 0 0 0 0 0 0 0 
0 0 0 0 0 0 0 0 
0 0 0 0 0 0 0 0 
0 0 0 0 0 0 0 0 
0 0 0 0 0 0 0 0 
0 0 0 0 0 0 0 0 
0 0 0 0 0 0 0 0 
0 0 0 0 0 0 0 0 
0 0 0 0 0 0 0 0 
0 0 0 0 0 0 0 0 
0 0 0 0 0 0 0 0 
0 0 0 0 0 0 0 0 
0 0 0 0 0 0 0 0 
0 0 0 0 0 0 0 0 
0 0 0 0 0 0 0 0 
0 0 0 0 0 0 0 0 
0 0 0 0 0 0 0 0 
0 0 0 0 0 0 0 0 
0 0 0 0 0 0 0 0 
0 0 0 0 0 0 0 0 
0 0 0 0 0 0 0 0 
0 0 0 0 0 0 0 0 
0 0 0 0 0 0 0 0 
0 0 0 0 0 0 0 0 
0 0 0 0 0 0 0 0 
0 0 0 0 0 0 0 0 
0 0 0 0 0 0 0 0 
0 0 0 0 0 0 0 0 
0 0 0 0 0 0 0 0 
0 0 0 0 0 0 0 0 
0 0 0 0 0 0 0 0 
0 0 0 0 0 0 0 0 
0 0 0 0 0 0 0 0 
0 0 0 0 0 0 0 0 
0 0 0 0 0 0 0 0 
0 0 0 0 0 0 0 0 
0.936397 0.962039 0.959528 0.965278 0.964401 0.963649 0.965269 0.964095 
0.997777 0.998905 0.99889 0.998968 0.998937 0.999089 0.999425 0.999031 
0.99993 0.999971 0.999971 0.999973 0.999982 0.99998 0.999984 0.999976 
0.999998 0.999999 0.999999 0.999999 1 0.999999 0.999999 0.999999 
1 1 1 1 1 1 1 1 
1 1 1 1 1 1 1 1 
1 1 1 1 1 1 1 1 
1 1 1 1 1 1 1 1 
1 1 1 1 1 1 1 1 
1 1 1 1 1 1 1 1 
1 1 1 1 1 1 1 1 
1 1 1 1 1 1 1 1 
1 1 1 1 1 1 1 1 
1 1 1 1 1 1 1 1 
1 1 1 1 1 1 1 1 
1 1 1 1 1 1 1 1 
1 1 1 1 1 1 1 1 
1 1 1 1 1 1 1 1 
1 1 1 1 1 1 1 1 
1 1 1 1 1 1 1 1 
1 1 1 1 1 1 1 1 
1 1 1 1 1 1 1 1 
1 1 1 1 1 1 1 1 
1 1 1 1 1 1 1 1 
1 1 1 1 1 1 1 1 
1 1 1 1 1 1 1 1 
1 1 1 1 1 1 1 1 
1 1 1 1 1 1 1 1 
1 1 1 1 0.999999 0.99999 0.999999 1 
1 1 1 0.999997 0.999957 0.999535 0.999957 0.999998 
0.999999 1 0.999997 0.99994 0.998694 0.974326 0.998694 0.999949 
0.999982 0.999997 0.999941 0.998773 0.973598 0 0.973624 0.999269 
0.999333 0.999951 0.998685 0.973598 0.971577 0 0.972238 0.997921 
0.981833 0.999315 0.973264 0 0.945187 0 0.945935 0.970778 
0 0.998465 0.947879 0 0.944454 0 0 0.91824 
0 0.972973 0 0 0.944433 0 0 0 
0.919096 0.946764 0 0 0.944412 0 0 0 
0 0 0 0 0.943682 0 0 0 
0.946746 0 0 0 0.917445 0 0 0 
0.972296 0 0 0 0 0 0 0 
0.972949 0 0 0 0 0 0.946991 0.974992 
0.972236 0 0.917448 0 0 0 0.972263 0.972316 
0 0 0.943682 0 0.945999 0.972902 0.99793 0.972914 
0 0 0.943671 0 0.972272 0.998602 0.999221 0.972982 
0 0 0.91749 0 0.97306 0.999266 0.999301 0.973643 
0 0 0 0 0.972962 0.999285 0.999929 0.998703 
0.976744 0 0 0 0.972275 0.999227 0.999924 0.99861 
0.972315 0 0 0 0.946678 0.999671 0.999212 0.973638 
0 0 0 0 0 0.947418 0.997324 0.972916 
0 0 0 0 0 0 0.973524 0.972303 
0 0 0 0 0.945901 0.946203 0.996699 0.973509 
0 0 0 0 0.947528 0 0.974182 0.99673 
0.949762 0 0 0.946656 0.996714 0.974246 0.997963 0.972907 
0 0 0 0.972419 0.99919 0.999236 0.997311 0.947204 
0 0 0 0.981135 0.999377 0.998528 0.9474 0 
0 0 0 0.972406 0.998547 0.973678 0 0 
0 0 0 0.946655 0.999953 0.980269 0 0 
0 0 0 0 0.946612 0.970193 0 0 
0 0 0 0 0 0.918221 0 0 
0 0 0 0 0 0 0 0 
0 0.97295 0.946013 0 0 0 0 0 
0 0.998642 0.9729 0 0 0 0 0 
0 0.999915 0.997969 0.946708 0 0 0 0 
0 0.99998 0.99927 0.972935 0 0 0 0 
0.946843 0.999998 0.999932 0.998 0.947384 0 0 0 
0.978986 1 0.999995 0.999884 0.997357 0.947393 0 0.918998 
0.996706 1 1 0.999996 0.999891 0.998326 0.946719 0 
0.973627 1 1 0.999999 0.999979 0.999279 0.972953 0 
0.973691 1 1 1 0.999998 0.999949 0.998678 0.974333 
0.998944 1 1 1 1 0.999998 0.999952 0.999366 
0.999978 1 1 1 1 1 0.999998 0.999985 
1 1 1 1 1 1 1 1 
1 1 1 1 1 1 1 1 
1 1 1 1 1 1 1 1 
1 1 1 1 1 1 1 1 
1 1 1 1 1 1 1 1 
1 1 1 1 1 1 1 1 
1 1 1 1 1 1 1 1 
1 1 1 1 1 1 1 1 
1 1 1 1 1 1 1 1 
1 1 1 1 1 1 1 1 
1 1 1 1 1 1 1 1 
1 1 1 1 1 1 1 1 
1 1 1 1 1 1 1 1 
1 1 1 1 1 1 1 1 
1 1 1 1 1 1 1 1 
1 1 1 1 1 1 1 1 
1 1 1 1 1 1 1 1 
1 1 1 1 1 1 0.999999 0.999987 
0.999999 1 1 1 1 0.999998 0.999954 0.999398 
0.999954 1 1 1 0.999998 0.999952 0.998738 0.974957 
0.99874 1 1 1 0.999982 0.99932 0.973629 0 
0.973664 1 1 0.999999 0.999979 0.999238 0.972293 0 
0.972987 1 1 0.999998 0.999932 0.997966 0.94669 0 
0.972297 1 1 0.999983 0.999283 0.972935 0 0 
0.946746 1 0.999998 0.999935 0.998013 0.946709 0 0 
0 0.999982 0.999982 0.999348 0.973957 0 0 0.945924 
0.972279 0.999299 0.999931 0.999289 0.973017 0 0 0.970099 
0.972225 0.972969 0.998627 0.999236 0.972968 0 0 0.91822 
0 0 0.972966 0.998561 0.972968 0 0 0 
0 0 0.94709 0.997337 0.983405 0 0 0 
0 0 0 0.973556 0.99731 0.946651 0 0 
0 0 0 0.972949 0.99858 0.971569 0 0 
0.919096 0 0 0.972211 0.997309 0.946657 0 0 
0 0 0 0.945954 0.971479 0 0 0 
0 0 0 0 0.945184 0 0 0 
0 0 0 0 0.944454 0.944433 0 0 
0 0 0.91665 0 0 0.944434 0 0 
0 0 0.91665 0 0 0.944453 0 0.888878 
0 0 0 0 0 0.945165 0 0 
0 0 0 0 0.945914 0.970791 0 0 
0 0 0 0 0.971469 0.97147 0 0 
0 0 0.916665 0 0.970824 0.94592 0 0.888868 
0 0 0.916657 0 0.945574 0 0 0 
0 0 0 0 0.944784 0 0.917445 0 
0 0 0 0 0.950276 0 0.943685 0 
0 0 0 0 0.944604 0 0.944453 0 
0 0 0 0 0.945178 0 0.945901 0 
0 0.919096 0 0 0.970958 0.973506 0.997315 0.973668 
0.980532 0 0 0 0.949317 0.997457 0.999837 0.999318 
0.999345 0 0 0 0 0.974364 0.999362 0.999967 
0.999981 0 0 0 0.919406 0.996701 0.999892 1 
0.999981 0 0 0.918179 0 0.973581 0.999627 0.999937 
0.99929 0 0.918178 0.968666 0 0.972289 0.999178 0.99864 
0.972981 0.946764 0 0.945857 0 0.946657 0.996639 0.973518 
0 0.972973 0 0.971555 0.946637 0 0.946613 0.970882 
0 0.998679 0.974327 0.999229 0.996818 0.950906 0 0.94588 
0 0.999949 0.999307 0.998678 0.974176 0.995496 0.946561 0.970151 
0 0.999995 0.999331 0.973944 0 0.946619 0 0.945901 
0 0.999983 0.999324 0.973689 0 0.972256 0.972903 0.971631 
0 0.999998 0.999951 0.998698 0.974322 0.998633 0.998726 0.974267 
0 1 0.999998 0.99999 0.99939 0.999934 0.999279 0.973055 
0 1 1 0.999999 0.999986 0.999981 0.999321 0.973646 
0 1 1 1 1 0.999998 0.999949 0.998661 
0.972968 1 1 1 1 1 0.999999 0.999949 
0.999288 1 1 1 1 1 1 0.999998 
0.999981 1 1 1 1 1 1 1 
0.999999 1 1 1 1 1 0.999998 0.999983 
0.999987 1 1 1 1 0.999998 0.99995 0.999323 
0.999314 1 1 1 0.999999 0.999956 0.998679 0.97367 
0.973259 1 1 1 0.999988 0.999425 0.97365 0 
0 0.999982 0.999998 0.999999 0.999982 0.999295 0.972985 0 
0 0.999293 0.999949 0.999999 0.999981 0.999286 0.97295 0 
0.919096 0.973005 0.998665 0.999951 0.999976 0.999221 0.972274 0 
0 0 0.973645 0.999317 0.999865 0.997321 0.946671 0 
0 0 0.972996 0.999224 0.998 0.947382 0 0 
0 0 0.973041 0.998625 0.973606 0 0 0 
0 0 0.972275 0.998604 0.972282 0 0 0 
0 0 0.946653 0.996186 0.946653 0 0 0 
0 0.946018 0 0.945883 0 0.917485 0 0 
0.947402 0.946018 0 0.944474 0 0.945057 0 0.919082 
0.995997 0 0 0.944482 0.955437 0.993882 0.918916 0 
0.973575 0 0 0 0 0.946498 0 0 
0.972313 0 0 0 0 0.96946 0.918202 0 
0.946746 0.946746 0 0 0.944819 0.946187 0 0 
0 0.972311 0 0 0.944465 0 0 0 
0.946745 0.97311 0 0 0.944511 0 0 0 
0.972297 0.97366 0 0 0.950979 0 0 0 
0.972969 0.998025 0.9472 0 0.944531 0 0 0 
0.972987 0.999282 0.972389 0 0.94446 0 0.917488 0 
0.973005 0.999358 0.974348 0 0.945212 0 0.945177 0 
0.973665 0.999292 0.973039 0 0.971764 0.973102 0.997837 0.975134 
0.998747 0.999288 0.97297 0 0.97153 0.972933 0.998603 0.999354 
0.999953 0.999288 0.97297 0 0.94525 0 0.973736 0.999308 
0.999981 0.999288 0.972968 0 0.951954 0 0.977547 0.999383 
0.999982 0.999288 0.97297 0 0.947651 0 0.973739 0.999323 
0.999983 0.999297 0.973072 0 0.97165 0.973591 0.998677 0.99995 
0.999998 0.999499 0.976827 0 0.972917 0.998641 0.999933 0.999997 
1 0.999336 0.973651 0 0.972984 0.999274 0.999992 1 
1 0.999241 0.972321 0 0.973113 0.99931 0.999984 1 
1 0.997968 0.94669 0 0.973095 0.999473 0.999988 1 
1 0.972955 0 0 0.972983 0.999295 0.999982 0.999999 
0.999981 0.946764 0 0 0.97297 0.999288 0.999979 0.999954 
0.999287 0 0 0 0.972989 0.999288 0.999941 0.998756 
0.972968 0.946746 0 0 0.973191 0.999295 0.999367 0.97366 
0 0.972314 0 0 0.973445 0.999292 0.999279 0.973012 
0 0.973628 0 0 0.972954 0.998597 0.9986 0.981943 
0.972237 0.997995 0.946693 0 0.971545 0.97291 0.97224 0 
0.972985 0.999227 0.97234 0 0.945187 0 0.945958 0 
0.97366 0.998689 0.974097 0 0.944475 0 0.971566 0.972913 
0.998612 0.972954 0.972375 0 0.945187 0 0.972063 0.972935 
0.997971 0 0.973062 0.972929 0.971541 0 0.94523 0 
0.947455 0 0.972966 0.99793 0.972894 0 0.944455 0 
0 0 0.972948 0.998571 0.972946 0 0.944414 0 
0 0 0.972961 0.99913 0.972961 0 0.943786 0 
0 0 0.972948 0.998598 0.972951 0 0.921681 0 
0 0 0.972958 0.999472 0.973046 0 0 0 
0 0 0.97295 0.998668 0.974685 0 0 0 
0 0 0.97293 0.998577 0.973035 0 0 0 
0 0 0.972255 0.998522 0.972929 0 0.917445 0 
0 0 0.946667 0.997216 0.972202 0 0.943683 0 
0 0 0 0.971517 0.945955 0 0.944443 0 
0 0 0 0.945613 0 0 0.944821 0 
0 0 0 0.917541 0 0 0.947406 0 
0 0 0 0 0 0 0.944597 0 
0 0 0 0 0 0.944521 0.94482 0 
0 0 0 0.917774 0 0.944777 0 0 
0 0 0 0.943691 0 0.917524 0 0 
0 0 0 0.943662 0 0 0 0 
0 0 0 0.917444 0 0 0 0 
0 0 0 0 0 0 0 0 
0 0 0 0 0 0 0 0 
