0 0 0 0 0 0 0 0 
0 0 0 0 0 0 0 0 
0 0 0 0 0 0 0 0 
0 0 0 0 0 0 0 0 
0 0 0 0 0 0 0 0 
0 0 0 0 0 0 0 0 
0 0 0 0 0 0 0 0 
0 0 0 0 0 0 0 0 
0 0 0 0 0 0 0 0 
0 0 0 0 0 0 0 0 
0 0 0 0 0 0 0 0 
0 0 0 0 0 0 0 0 
0 0 0 0 0 0 0 0 
0 0 0 0 0 0 0 0 
0 0 0 0 0 0 0 0 
0 0 0 0 0 0 0 0 
0 0 0 0 0 0 0 0 
0 0 0 0 0 0 0 0 
0 0 0 0 0 0 0 0 
0 0 0 0 0 0 0 0 
0 0 0 0 0 0 0 0 
0 0 0 0 0 0 0 0 
0 0 0 0 0 0 0 0 
0 0 0 0 0 0 0 0 
0 0 0 0 0 0 0 0 
0 0 0 0 0 0 0 0 
0 0 0 0 0 0 0 0 
0 0 0 0 0 0 0 0 
0 0 0 0 0 0 0 0 
0 0 0 0 0 0 0 0 
0 0 0 0 0 0 0 0 
0 0 0 0 0 0 0 0 
0 0 0 0 0 0 0 0 
0 0 0 0 0 0 0 0 
0 0 0 0 0 0 0 0 
0 0 0 0 0 0 0 0 
0 0 0 0 0 0 0 0 
0 0 0 0 0 0 0 0 
0 0 0 0 0 0 0 0 
0 0 0 0 0 0 0 0 
0 0 0 0 0 0 0 0 
0 0 0 0 0 0 0 0 
0 0 0 0 0 0 0 0 
0 0 0 0 0 0 0 0 
0 0 0 0 0 0 0 0 
0 0 0 0 0 0 0 0 
0 0 0 0 0 0 0 0 
0 0 0 0 0 0 0 0 
0.932037 0.96233 0.954233 0.964166 0.965225 0.975909 0.968201 0.976134 
0.999102 0.998938 0.998895 0.998939 0.998999 0.999119 0.999133 0.99916 
0.999926 0.999983 0.99997 0.999973 0.999977 0.999976 0.999978 0.999976 
0.999997 1 0.999999 0.999999 0.999999 0.999999 0.999999 0.999999 
1 1 1 1 1 1 1 1 
1 1 1 1 1 1 1 1 
1 1 1 1 1 1 1 1 
1 1 1 1 1 1 1 1 
1 1 1 1 1 1 1 1 
1 1 1 1 1 1 1 1 
1 1 1 1 1 1 1 1 
1 1 1 1 1 1 1 1 
1 1 1 1 1 1 1 1 
1 1 1 1 1 1 1 1 
1 1 1 1 1 1 1 1 
1 1 1 1 1 1 1 1 
1 1 1 1 1 1 1 1 
1 1 1 1 1 1 1 1 
1 1 1 1 1 1 1 1 
1 1 1 1 1 1 1 1 
1 1 1 1 1 1 1 1 
1 1 1 1 1 1 1 1 
1 1 1 1 1 1 1 1 
1 1 1 1 1 1 1 1 
1 1 1 1 1 1 1 1 
1 1 1 1 1 1 1 1 
1 1 1 1 1 1 1 1 
1 1 1 1 1 1 1 1 
1 1 1 1 0.999998 0.999984 0.999998 1 
1 1 1 0.999997 0.999951 0.999355 0.999951 0.999997 
0.999999 1 0.999997 0.999935 0.998693 0.97432 0.998694 0.999949 
0.999983 0.999997 0.999935 0.998687 0.973593 0 0.973626 0.999288 
0.999344 0.999949 0.99867 0.973687 0.97159 0 0.972267 0.999072 
0.973865 0.999271 0.972953 0 0.9452 0 0.945938 0.970796 
0 0.997969 0.946707 0 0.944486 0 0 0.91824 
0 0.972955 0 0 0.944438 0 0 0 
0.919096 0.946764 0 0 0.944412 0 0 0 
0 0 0 0 0.943682 0 0 0 
0.949279 0 0 0 0.917445 0 0 0 
0.972418 0 0 0 0 0 0 0 
0.973277 0 0 0 0 0 0.949917 0.971637 
0.972268 0 0.917449 0 0 0 0.975371 0.972381 
0 0 0.943764 0 0.946049 0.980779 0.99808 0.972925 
0 0 0.945385 0 0.972314 0.998654 0.999784 0.972992 
0 0 0.917545 0 0.973741 0.999304 0.999312 0.973642 
0 0 0 0 0.973003 0.999294 0.999929 0.998612 
0.972283 0 0 0 0.972277 0.99923 0.999927 0.998668 
0.973311 0 0 0 0.946672 0.997403 0.999223 0.97364 
0 0 0 0 0 0.951117 0.997712 0.972935 
0 0 0 0 0 0 0.973563 0.972307 
0 0 0 0 0.944609 0.950847 0.996763 0.973504 
0 0 0 0 0.945884 0 0.974177 0.996613 
0.944433 0 0 0.946652 0.996638 0.974243 0.99796 0.972864 
0 0 0 0.972272 0.999183 0.999216 0.997275 0.946691 
0 0 0 0.972929 0.999215 0.997981 0.94738 0 
0 0 0 0.972257 0.99854 0.973602 0 0 
0 0 0 0.946669 0.996607 0.972839 0 0 
0 0 0 0 0.946592 0.970133 0 0 
0 0 0 0 0 0.918221 0 0 
0 0 0 0 0 0 0 0 
0 0.97295 0.946014 0 0 0 0 0 
0 0.998643 0.972913 0 0 0 0 0 
0 0.999928 0.998261 0.950055 0 0 0 0 
0 0.99998 0.999284 0.973035 0 0 0 0 
0.948058 0.999998 0.999933 0.99808 0.954079 0 0 0 
0.974695 1 0.999995 0.999886 0.997532 0.962259 0 0.919006 
0.996707 1 1 0.999994 0.99987 0.997464 0.947382 0 
0.973679 1 1 0.999999 0.999993 0.999261 0.973011 0 
0.981493 1 1 1 0.999999 0.999961 0.998715 0.982897 
0.998781 1 1 1 1 0.999998 0.999951 0.999389 
0.999952 1 1 1 1 1 0.999998 0.999995 
0.999998 1 1 1 1 1 1 1 
1 1 1 1 1 1 1 1 
1 1 1 1 1 1 1 1 
1 1 1 1 1 1 1 1 
1 1 1 1 1 1 1 1 
1 1 1 1 1 1 1 1 
1 1 1 1 1 1 1 1 
1 1 1 1 1 1 1 1 
1 1 1 1 1 1 1 1 
1 1 1 1 1 1 1 1 
1 1 1 1 1 1 1 1 
1 1 1 1 1 1 1 1 
1 1 1 1 1 1 1 1 
1 1 1 1 1 1 1 1 
1 1 1 1 1 1 1 1 
1 1 1 1 1 1 1 1 
1 1 1 1 1 1 1 1 
1 1 1 1 1 1 0.999999 0.999991 
0.999999 1 1 1 1 0.999998 0.999951 0.999355 
0.999951 1 1 1 0.999999 0.999951 0.998757 0.974321 
0.998699 1 1 1 0.999983 0.999385 0.980912 0 
0.973679 1 1 1 0.999982 0.999359 0.976625 0 
0.972991 1 1 0.999998 0.999935 0.998084 0.950232 0 
0.972393 1 1 0.999993 0.999272 0.972937 0 0 
0.951528 0.999999 0.999998 0.999935 0.998079 0.946709 0 0 
0 0.999981 0.999982 0.999414 0.97737 0 0 0.945949 
0.972217 0.999287 0.99993 0.999289 0.973081 0 0 0.97044 
0.972216 0.972968 0.998626 0.999236 0.972969 0 0 0.918257 
0 0 0.972938 0.998562 0.972979 0 0 0 
0 0 0.946692 0.997341 0.973691 0 0 0 
0 0 0 0.973843 0.997337 0.946653 0 0 
0 0 0 0.972969 0.998477 0.971562 0 0 
0.919096 0 0 0.972204 0.997217 0.946655 0 0 
0 0 0 0.945958 0.971498 0 0 0 
0 0 0 0 0.945194 0 0 0 
0 0 0 0 0.94449 0.944517 0 0 
0 0 0.916652 0 0 0.945894 0 0 
0 0 0.916652 0 0 0.944531 0 0.888868 
0 0 0 0 0 0.945169 0 0 
0 0 0 0 0.946015 0.970802 0 0 
0 0 0 0 0.9749 0.971564 0 0 
0 0 0.91665 0 0.970888 0.945918 0 0.888938 
0 0 0.91665 0 0.945254 0 0 0 
0 0 0 0 0.951197 0 0.917479 0 
0 0 0 0 0.944521 0 0.95237 0 
0 0 0 0 0.944456 0 0.944526 0 
0 0 0 0 0.945208 0 0.946354 0 
0 0.919096 0 0 0.971338 0.973541 0.997352 0.973623 
0.972968 0 0 0 0.946673 0.997352 0.999846 0.99932 
0.999287 0 0 0 0 0.974231 0.999348 0.999966 
0.999981 0 0 0 0.918998 0.996656 0.999884 0.999994 
0.999982 0 0 0.92256 0 0.973574 0.999322 0.999934 
0.999304 0 0.9182 0.968922 0 0.97229 0.999173 0.998655 
0.973127 0.947133 0 0.945879 0 0.946662 0.996644 0.973574 
0 0.97301 0 0.971648 0.953345 0 0.946673 0.971614 
0 0.998681 0.974316 0.998532 0.996837 0.949104 0 0.945949 
0 0.99995 0.999311 0.99864 0.974172 0.995478 0.946572 0.970232 
0 0.999988 0.999451 0.973667 0 0.946625 0 0.947004 
0 0.999988 0.999452 0.97367 0 0.972258 0.972896 0.971626 
0 0.999999 0.999957 0.998733 0.974832 0.998665 0.998592 0.972915 
0 1 0.999998 0.999954 0.999391 0.999934 0.99927 0.972984 
0 1 1 0.999998 0.999985 0.999981 0.999321 0.973644 
0 1 1 1 1 0.999998 0.999949 0.998661 
0.972968 1 1 1 1 1 0.999997 0.999949 
0.999288 1 1 1 1 1 1 0.999998 
0.999981 1 1 1 1 1 1 1 
0.999999 1 1 1 1 1 0.999999 0.999988 
0.999981 1 1 1 1 0.999998 0.999956 0.999466 
0.999287 1 1 1 0.999999 0.99995 0.998678 0.97365 
0.972968 1 1 1 0.999983 0.999321 0.973644 0 
0 0.999982 0.999998 0.999999 0.999981 0.999289 0.972985 0 
0 0.999288 0.999949 0.999997 0.999981 0.999287 0.972952 0 
0.919096 0.972968 0.998661 0.999957 0.999976 0.999222 0.972274 0 
0 0 0.973644 0.999323 0.999866 0.997322 0.946671 0 
0 0 0.972983 0.999227 0.999989 0.947382 0 0 
0 0 0.972933 0.998611 0.973644 0 0 0 
0 0 0.972271 0.99855 0.973114 0 0 0 
0 0 0.946762 0.995989 0.946693 0 0 0 
0 0.946018 0 0.946598 0 0.917485 0 0 
0.9474 0.946018 0 0.944533 0 0.945057 0 0.918978 
0.995983 0 0 0.944475 0.945806 0.993873 0.918917 0 
0.973574 0 0 0 0 0.946585 0 0 
0.972313 0 0 0 0 0.974751 0.918291 0 
0.946746 0.946745 0 0 0.944467 0.945218 0 0 
0 0.972298 0 0 0.944436 0 0 0 
0.946774 0.972992 0 0 0.944433 0 0 0 
0.97237 0.973666 0 0 0.944434 0 0 0 
0.972979 0.997988 0.946691 0 0.944535 0 0 0 
0.972988 0.999241 0.972314 0 0.948049 0 0.917488 0 
0.973006 0.999324 0.973443 0 0.945287 0 0.945151 0 
0.973667 0.99931 0.973026 0 0.971504 0.972874 0.997265 0.974284 
0.998722 0.999555 0.973159 0 0.971504 0.972908 0.998576 0.999302 
0.999952 0.999321 0.973281 0 0.945196 0 0.973642 0.999305 
0.999981 0.999291 0.972998 0 0.944553 0 0.973003 0.99929 
0.999983 0.999292 0.973043 0 0.945197 0 0.973645 0.999321 
0.999983 0.999358 0.974292 0 0.971561 0.973589 0.998676 0.99995 
0.999998 0.999292 0.973041 0 0.972994 0.998644 0.999932 0.999997 
1 0.999286 0.972952 0 0.974739 0.999349 0.999981 0.999999 
1 0.999238 0.972275 0 0.973048 0.999291 0.999981 1 
1 0.997968 0.946689 0 0.972971 0.999288 0.999981 0.999999 
1 0.972955 0 0 0.972976 0.999289 0.999981 0.999998 
0.999981 0.946764 0 0 0.972969 0.999288 0.999979 0.999957 
0.999288 0 0 0 0.97297 0.999286 0.999941 0.998832 
0.972969 0.946746 0 0 0.973057 0.999275 0.999317 0.973654 
0 0.972314 0 0 0.975176 0.999339 0.999256 0.972984 
0 0.973626 0 0 0.97689 0.99869 0.998575 0.97293 
0.972238 0.997984 0.946689 0 0.973164 0.972971 0.97224 0 
0.972986 0.999222 0.972274 0 0.945357 0 0.946011 0 
0.973661 0.998627 0.972915 0 0.946437 0 0.972298 0.972962 
0.998618 0.972965 0.972281 0 0.945287 0 0.971556 0.972902 
0.998098 0 0.972503 0.972911 0.971625 0 0.945188 0 
0.950196 0 0.972937 0.997931 0.972905 0 0.944493 0 
0 0 0.972949 0.998564 0.972948 0 0.944885 0 
0 0 0.972949 0.998577 0.97295 0 0.943734 0 
0 0 0.972954 0.998591 0.972952 0 0.917552 0 
0 0 0.972949 0.998578 0.972967 0 0 0 
0 0 0.972948 0.998591 0.973124 0 0 0 
0 0 0.972932 0.998574 0.972966 0 0 0 
0 0 0.972325 0.998526 0.972929 0 0.91747 0 
0 0 0.94787 0.997278 0.972215 0 0.943695 0 
0 0 0 0.971464 0.946051 0 0.944487 0 
0 0 0 0.944435 0 0 0.944528 0 
0 0 0 0.917467 0 0 0.946229 0 
0 0 0 0 0 0 0.94452 0 
0 0 0 0 0 0.94466 0.94446 0 
0 0 0 0.917486 0 0.943739 0 0 
0 0 0 0.944054 0 0.917652 0 0 
0 0 0 0.943696 0 0 0 0 
0 0 0 0.917446 0 0 0 0 
0 0 0 0 0 0 0 0 
0 0 0 0 0 0 0 0 
