0 0 0 0 0 0 0 0 
0 0 0 0 0 0 0 0 
0 0 0 0 0 0 0 0 
0 0 0 0 0 0 0 0 
0 0 0 0 0 0 0 0 
0 0 0 0 0 0 0 0 
0 0 0 0 0 0 0 0 
0 0 0 0 0 0 0 0 
0 0 0 0 0 0 0 0 
0 0 0 0 0 0 0 0 
0 0 0 0 0 0 0 0 
0 0 0 0 0 0 0 0 
0 0 0 0 0 0 0 0 
0 0 0 0 0 0 0 0 
0 0 0 0 0 0 0 0 
0 0 0 0 0 0 0 0 
0 0 0 0 0 0 0 0 
0 0 0 0 0 0 0 0 
0 0 0 0 0 0 0 0 
0 0 0 0 0 0 0 0 
0 0 0 0 0 0 0 0 
0 0 0 0 0 0 0 0 
0 0 0 0 0 0 0 0 
0 0 0 0 0 0 0 0 
0 0 0 0 0 0 0 0 
0 0 0 0 0 0 0 0 
0 0 0 0 0 0 0 0 
0 0 0 0 0 0 0 0 
0 0 0 0 0 0 0 0 
0 0 0 0 0 0 0 0 
0 0 0 0 0 0 0 0 
0 0 0 0 0 0 0 0 
0 0 0 0 0 0 0 0 
0 0 0 0 0 0 0 0 
0 0 0 0 0 0 0 0 
0 0 0 0 0 0 0 0 
0 0 0 0 0 0 0 0 
0 0 0 0 0 0 0 0 
0 0 0 0 0 0 0 0 
0 0 0 0 0 0 0 0 
0 0 0 0 0 0 0 0 
0 0 0 0 0 0 0 0 
0 0 0 0 0 0 0 0 
0 0 0 0 0 0 0 0 
0 0 0 0 0 0 0 0 
0 0 0 0 0 0 0 0 
0 0 0 0 0 0 0 0 
0 0 0 0 0 0 0 0 
0.916716 0.964547 0.964457 0.961084 0.955387 0.959968 0.965869 0.976426 
0.997263 0.999013 0.999071 0.999078 0.99863 0.998894 0.999023 0.999242 
0.999912 0.999973 0.999979 0.999986 0.999954 0.999971 0.999975 0.999979 
0.999997 0.999999 0.999999 1 0.999998 0.999999 0.999999 0.999999 
1 1 1 1 1 1 1 1 
1 1 1 1 1 1 1 1 
1 1 1 1 1 1 1 1 
1 1 1 1 1 1 1 1 
1 1 1 1 1 1 1 1 
1 1 1 1 1 1 1 1 
1 1 1 1 1 1 1 1 
1 1 1 1 1 1 1 1 
1 1 1 1 1 1 1 1 
1 1 1 1 1 1 1 1 
1 1 1 1 1 1 1 1 
1 1 1 1 1 1 1 1 
1 1 1 1 1 1 1 1 
1 1 1 1 1 1 1 1 
1 1 1 1 1 1 1 1 
1 1 1 1 1 1 1 1 
1 1 1 1 1 1 1 1 
1 1 1 1 1 1 1 1 
1 1 1 1 1 1 1 1 
1 1 1 1 1 1 1 1 
1 1 1 1 1 1 1 1 
1 1 1 1 1 1 1 1 
1 1 1 1 1 1 1 1 
1 1 1 1 1 1 1 1 
1 1 1 1 0.999999 0.999985 0.999999 1 
1 1 1 0.999997 0.999953 0.99937 0.999956 0.999998 
0.999999 1 0.999998 0.999935 0.998696 0.974322 0.998696 0.999949 
0.999981 0.999997 0.999935 0.998683 0.973685 0 0.973662 0.999271 
0.999287 0.999951 0.998696 0.973685 0.973663 0 0.972726 0.997913 
0.972968 0.999307 0.973428 0 0.945337 0 0.945978 0.97078 
0 0.998013 0.946749 0 0.945078 0 0 0.91824 
0 0.981284 0 0 0.944483 0 0 0 
0.919096 0.946805 0 0 0.944514 0 0 0 
0 0 0 0 0.946376 0 0 0 
0.949589 0 0 0 0.91755 0 0 0 
0.972392 0 0 0 0 0 0 0 
0.972951 0 0 0 0 0 0.945959 0.971586 
0.972236 0 0.917444 0 0 0 0.972276 0.973237 
0 0 0.943661 0 0.945995 0.97291 0.998153 0.972987 
0 0 0.943661 0 0.972241 0.998589 0.999232 0.972985 
0 0 0.917444 0 0.972948 0.999252 0.999301 0.973642 
0 0 0 0 0.97295 0.999283 0.999928 0.998611 
0.972216 0 0 0 0.972299 0.999222 0.999999 0.998608 
0.972216 0 0 0 0.946952 0.997334 0.999206 0.973638 
0 0 0 0 0 0.947418 0.997324 0.972916 
0 0 0 0 0 0 0.973521 0.972303 
0 0 0 0 0.944513 0.945884 0.996666 0.973502 
0 0 0 0 0.945883 0 0.974176 0.996614 
0.944433 0 0 0.946652 0.996638 0.974243 0.99796 0.972866 
0 0 0 0.972284 0.999184 0.999216 0.997274 0.946686 
0 0 0 0.973035 0.99924 0.997983 0.94738 0 
0 0 0 0.972335 0.99885 0.973616 0 0 
0 0 0 0.947472 0.99667 0.972842 0 0 
0 0 0 0 0.946607 0.970135 0 0 
0 0 0 0 0 0.918221 0 0 
0 0 0 0 0 0 0 0 
0 0.97295 0.946014 0 0 0 0 0 
0 0.998644 0.972901 0 0 0 0 0 
0 0.999917 0.997979 0.946709 0 0 0 0 
0 0.99998 0.999271 0.972935 0 0 0 0 
0.946767 0.999998 0.999932 0.997999 0.947383 0 0 0 
0.972941 1 0.999995 0.999884 0.997359 0.947411 0 0.919001 
0.996631 1 1 0.999994 0.999897 0.998582 0.946732 0 
0.973627 1 1 0.999999 0.99998 0.999293 0.973072 0 
0.973679 1 1 1 0.999998 0.99995 0.99869 0.97432 
0.998697 1 1 1 1 0.999998 0.99997 0.999355 
0.999951 1 1 1 1 1 0.999999 0.999984 
0.999998 1 1 1 1 1 1 1 
1 1 1 1 1 1 1 1 
1 1 1 1 1 1 1 1 
1 1 1 1 1 1 1 1 
1 1 1 1 1 1 1 1 
1 1 1 1 1 1 1 1 
1 1 1 1 1 1 1 1 
1 1 1 1 1 1 1 1 
1 1 1 1 1 1 1 1 
1 1 1 1 1 1 1 1 
1 1 1 1 1 1 1 1 
1 1 1 1 1 1 1 1 
1 1 1 1 1 1 1 1 
1 1 1 1 1 1 1 1 
1 1 1 1 1 1 1 1 
1 1 1 1 1 1 1 1 
1 1 1 1 1 1 1 1 
1 1 1 1 1 1 0.999998 0.999984 
0.999998 1 1 1 1 0.999998 0.999951 0.999357 
0.999952 1 1 1 0.999998 0.99995 0.998694 0.97432 
0.9987 1 1 1 0.999983 0.99932 0.973626 0 
0.973757 1 1 1 0.999989 0.999243 0.972293 0 
0.974351 1 1 0.999998 0.999937 0.99803 0.946695 0 
0.972392 1 1 0.999981 0.999297 0.973251 0 0 
0.946749 0.999999 0.999998 0.999932 0.997987 0.946739 0 0 
0 0.999981 0.999981 0.99932 0.973628 0 0 0.945934 
0.972302 0.999343 0.99993 0.99929 0.973063 0 0 0.970101 
0.972227 0.980667 0.998681 0.999312 0.974608 0 0 0.91822 
0 0 0.972935 0.998619 0.973532 0 0 0 
0 0 0.946711 0.997791 0.973619 0 0 0 
0 0 0 0.973579 0.997391 0.949191 0 0 
0 0 0 0.972978 0.998479 0.971654 0 0 
0.919096 0 0 0.972636 0.997246 0.946651 0 0 
0 0 0 0.945992 0.971474 0 0 0 
0 0 0 0 0.945184 0 0 0 
0 0 0 0 0.944454 0.944434 0 0 
0 0 0.916653 0 0 0.944434 0 0 
0 0 0.916663 0 0 0.944453 0 0.888868 
0 0 0 0 0 0.945165 0 0 
0 0 0 0 0.945917 0.970791 0 0 
0 0 0 0 0.971485 0.971469 0 0 
0 0 0.91665 0 0.970847 0.945917 0 0.888868 
0 0 0.91665 0 0.945892 0 0 0 
0 0 0 0 0.944651 0 0.917456 0 
0 0 0 0 0.944453 0 0.943685 0 
0 0 0 0 0.944455 0 0.944453 0 
0 0 0 0 0.945177 0 0.945901 0 
0 0.919096 0 0 0.970933 0.973569 0.997322 0.973609 
0.972968 0 0 0 0.946643 0.997356 0.999834 0.999317 
0.999287 0 0 0 0 0.974232 0.999347 0.999966 
0.999981 0 0 0 0.918998 0.996656 0.999883 0.999994 
0.999981 0 0 0.918179 0 0.973573 0.999314 0.999933 
0.999289 0 0.918178 0.968668 0 0.972289 0.999205 0.998657 
0.972968 0.946764 0 0.945873 0 0.946685 0.997876 0.973591 
0 0.972973 0 0.971544 0.946656 0 0.946827 0.971384 
0 0.998679 0.974314 0.99855 0.99886 0.947314 0 0.946089 
0 0.999949 0.999306 0.99864 0.974184 0.995349 0.946724 0.976483 
0 0.999982 0.999314 0.973662 0 0.946629 0 0.948781 
0 0.999983 0.999323 0.973663 0 0.972351 0.972919 0.971658 
0 0.999998 0.99995 0.998695 0.974319 0.998648 0.999355 0.972927 
0 1 0.999998 0.999951 0.999354 0.999932 0.999283 0.972984 
0 1 1 0.999998 0.999984 0.999982 0.999336 0.973645 
0 1 1 1 1 0.999998 0.999951 0.998661 
0.972968 1 1 1 1 1 0.999998 0.999949 
0.999287 1 1 1 1 1 1 0.999998 
0.999981 1 1 1 1 1 1 0.999999 
0.999999 1 1 1 1 1 0.999998 0.999983 
0.999981 1 1 1 1 0.999998 0.999952 0.999321 
0.999288 1 1 1 0.999998 0.999954 0.998763 0.973645 
0.972968 1 1 1 0.999985 0.999413 0.975934 0 
0 0.999981 0.999998 0.999999 0.999983 0.999384 0.977739 0 
0 0.999287 0.999949 0.999997 0.999981 0.999287 0.973045 0 
0.919096 0.972968 0.998661 0.999949 0.999975 0.999221 0.972275 0 
0 0 0.973644 0.999316 0.999865 0.997321 0.946671 0 
0 0 0.972983 0.999222 0.997997 0.947382 0 0 
0 0 0.972931 0.998604 0.973589 0 0 0 
0 0 0.972254 0.998481 0.972271 0 0 0 
0 0 0.946632 0.995925 0.946632 0 0 0 
0 0.946022 0 0.945865 0 0.917485 0 0 
0.947401 0.946043 0 0.944485 0 0.945058 0 0.918979 
0.996001 0 0 0.944474 0.945807 0.993888 0.918943 0 
0.973752 0 0 0 0 0.946636 0 0 
0.972375 0 0 0 0 0.969412 0.9182 0 
0.946754 0.946746 0 0 0.944452 0.945127 0 0 
0 0.972298 0 0 0.944433 0 0 0 
0.949216 0.972991 0 0 0.944433 0 0 0 
0.972389 0.973645 0 0 0.944433 0 0 0 
0.972971 0.997988 0.946787 0 0.944433 0 0 0 
0.972987 0.999333 0.97631 0 0.944454 0 0.917488 0 
0.973005 0.999295 0.973128 0 0.945185 0 0.945153 0 
0.973665 0.999368 0.974841 0 0.971503 0.972876 0.997367 0.978887 
0.998798 0.999292 0.97305 0 0.971503 0.972908 0.998579 0.999405 
0.999967 0.999289 0.97297 0 0.945186 0 0.973642 0.999306 
0.999982 0.99929 0.972968 0 0.944478 0 0.973005 0.99929 
0.999982 0.999315 0.97297 0 0.945209 0 0.973658 0.999323 
0.999983 0.99929 0.972968 0 0.971562 0.973589 0.998678 0.99995 
0.999998 0.999288 0.972968 0 0.972914 0.998641 0.999932 0.999997 
1 0.999288 0.972963 0 0.972966 0.999271 0.99998 0.999999 
1 0.99925 0.972398 0 0.972971 0.999288 0.999994 1 
1 0.99797 0.946704 0 0.972969 0.999288 0.999981 0.999999 
1 0.973045 0 0 0.972983 0.999289 0.999981 0.999998 
0.999981 0.952112 0 0 0.973109 0.999302 0.99998 0.999957 
0.999287 0 0 0 0.972983 0.999288 0.999947 0.998825 
0.972968 0.946746 0 0 0.97297 0.999277 0.999555 0.973943 
0 0.972319 0 0 0.973059 0.999261 0.999262 0.973011 
0 0.973653 0 0 0.975722 0.998771 0.998592 0.972933 
0.972238 0.99799 0.946703 0 0.971682 0.972904 0.972238 0 
0.972993 0.999222 0.972275 0 0.945873 0 0.945956 0 
0.973716 0.998625 0.972913 0 0.94468 0 0.971525 0.972924 
0.998621 0.972951 0.972255 0 0.945296 0 0.971517 0.973006 
0.997983 0 0.972254 0.972962 0.973677 0 0.945188 0 
0.947456 0 0.972913 0.997931 0.972984 0 0.944513 0 
0 0 0.972947 0.998561 0.972968 0 0.945302 0 
0 0 0.972948 0.998574 0.972951 0 0.943742 0 
0 0 0.972949 0.998574 0.972948 0 0.917447 0 
0 0 0.972961 0.998576 0.972948 0 0 0 
0 0 0.973049 0.998586 0.972949 0 0 0 
0 0 0.972943 0.998576 0.972948 0 0 0 
0 0 0.972259 0.998546 0.97293 0 0.917446 0 
0 0 0.94667 0.997258 0.972208 0 0.943688 0 
0 0 0 0.972017 0.945999 0 0.944413 0 
0 0 0 0.94448 0 0 0.944432 0 
0 0 0 0.917469 0 0 0.944433 0 
0 0 0 0 0 0 0.944435 0 
0 0 0 0 0 0.944412 0.944433 0 
0 0 0 0.917444 0 0.943682 0 0 
0 0 0 0.943661 0 0.917445 0 0 
0 0 0 0.943661 0 0 0 0 
0 0 0 0.917444 0 0 0 0 
0 0 0 0 0 0 0 0 
0 0 0 0 0 0 0 0 
