0 0 0 0 0 0 0 0 
0 0 0 0 0 0 0 0 
0 0 0 0 0 0 0 0 
0 0 0 0 0 0 0 0 
0 0 0 0 0 0 0 0 
0 0 0 0 0 0 0 0 
0 0 0 0 0 0 0 0 
0 0 0 0 0 0 0 0 
0 0 0 0 0 0 0 0 
0 0 0 0 0 0 0 0 
0 0 0 0 0 0 0 0 
0 0 0 0 0 0 0 0 
0 0 0 0 0 0 0 0 
0 0 0 0 0 0 0 0 
0 0 0 0 0 0 0 0 
0 0 0 0 0 0 0 0 
0 0 0 0 0 0 0 0 
0 0 0 0 0 0 0 0 
0 0 0 0 0 0 0 0 
0 0 0 0 0 0 0 0 
0 0 0 0 0 0 0 0 
0 0 0 0 0 0 0 0 
0 0 0 0 0 0 0 0 
0 0 0 0 0 0 0 0 
0 0 0 0 0 0 0 0 
0 0 0 0 0 0 0 0 
0 0 0 0 0 0 0 0 
0 0 0 0 0 0 0 0 
0 0 0 0 0 0 0 0 
0 0 0 0 0 0 0 0 
0 0 0 0 0 0 0 0 
0 0 0 0 0 0 0 0 
0 0 0 0 0 0 0 0 
0 0 0 0 0 0 0 0 
0 0 0 0 0 0 0 0 
0 0 0 0 0 0 0 0 
0 0 0 0 0 0 0 0 
0 0 0 0 0 0 0 0 
0 0 0 0 0 0 0 0 
0 0 0 0 0 0 0 0 
0 0 0 0 0 0 0 0 
0 0 0 0 0 0 0 0 
0 0 0 0 0 0 0 0 
0 0 0 0 0 0 0 0 
0 0 0 0 0 0 0 0 
0 0 0 0 0 0 0 0 
0 0 0 0 0 0 0 0 
0 0 0 0 0 0 0 0 
0.187762 0.0347362 0.280106 0.679719 0.29763 0.31446 0.733624 0.92377 
0.6479 0.0645577 0.386869 0.304288 0.195336 0.556064 0.525169 0.810687 
0.454306 0.0207148 0.13219 0.243066 0.390359 0.786235 0.431575 0.3819 
0.107307 0.103767 0.373531 0.13531 0.119701 0.378028 0.132901 0.153433 
0.0484325 0.36772 0.768315 0.411804 0.0829365 0.0622351 0.0163208 0.0541539 
0.276752 0.141357 0.470352 0.513263 0.180855 0.0269956 0.0207845 0.168317 
0.322149 0.192364 0.639551 0.832858 0.493405 0.11255 0.0986535 0.43881 
0.783339 0.415872 0.807795 0.638024 0.243209 0.249667 0.332807 0.788287 
0.940142 0.124094 0.420279 0.223204 0.334916 0.710639 0.49271 0.581642 
0.868645 0.0159872 0.0823169 0.178032 0.629811 0.90179 0.836708 0.758562 
0.922466 0.0122372 0.0248704 0.110624 0.412543 0.828783 0.927111 0.770903 
0.671292 0.129684 0.142325 0.346657 0.270283 0.637885 0.745356 0.427062 
0.327771 0.590197 0.563596 0.797815 0.520476 0.270228 0.344316 0.127336 
0.0910534 0.8912 0.846971 0.940331 0.809899 0.453982 0.614936 0.351215 
0.386338 0.602011 0.579863 0.801813 0.591187 0.593518 0.841102 0.793062 
0.843328 0.155772 0.283963 0.411226 0.444296 0.82427 0.958262 0.960431 
0.964855 0.249668 0.219408 0.469501 0.31441 0.635867 0.908633 0.962126 
0.91095 0.72698 0.64108 0.821347 0.581271 0.316858 0.635286 0.827262 
0.615738 0.933656 0.860811 0.631408 0.347918 0.118623 0.234407 0.382832 
0.169205 0.783667 0.892459 0.667664 0.640135 0.388446 0.231248 0.119223 
0.0682537 0.442732 0.80147 0.772603 0.89902 0.813887 0.425977 0.378728 
0.346001 0.200839 0.652053 0.883459 0.855771 0.909693 0.661375 0.219276 
0.115577 0.31755 0.790348 0.941048 0.84328 0.735743 0.33602 0.0579868 
0.0105444 0.133124 0.541582 0.801652 0.707684 0.623104 0.201929 0.0201753 
0.00141405 0.167647 0.604155 0.56993 0.779393 0.438453 0.351721 0.0483965 
0.00305146 0.100626 0.261068 0.307305 0.390292 0.167847 0.393819 0.0703124 
0.00696201 0.196466 0.567578 0.688668 0.358043 0.0750352 0.0734946 0.0169327 
0.0342653 0.567397 0.875572 0.911051 0.672149 0.194279 0.0347696 0.0801049 
0.281723 0.714306 0.627859 0.715728 0.34321 0.0650669 0.0795757 0.399983 
0.77455 0.429598 0.312289 0.62282 0.201224 0.0482247 0.244037 0.740341 
0.937443 0.388268 0.31292 0.218012 0.0520818 0.0127689 0.124426 0.401625 
0.774713 0.519543 0.695216 0.269325 0.0376577 0 0.0872718 0.0883159 
0.281961 0.169828 0.269605 0.0656715 0.0698153 0 0.415029 0.082649 
0.0357013 0.427138 0.133592 0 0.406031 0 0.0779166 0.011575 
0 0.815643 0.372961 0 0.784353 0 0 0.00155975 
0 0.422665 0 0 0.664626 0 0 0 
0 0.0660915 0 0 0.839517 0 0 0 
0 0 0 0 0.555901 0 0 0 
0.805967 0 0 0 0.12519 0 0 0 
0.798453 0 0 0 0 0 0 0 
0.395813 0 0 0 0 0 0.746731 0.811082 
0.447401 0 0.674483 0 0 0 0.349696 0.449355 
0 0 0.876026 0 0.582572 0.417554 0.174673 0.112899 
0 0 0.682707 0 0.877611 0.83673 0.525674 0.288733 
0 0 0.23357 0 0.829345 0.939393 0.821994 0.735706 
0 0 0 0 0.566141 0.810458 0.792473 0.919526 
0.693163 0 0 0 0.417253 0.410475 0.577125 0.816921 
0.436967 0 0 0 0.0961344 0.292493 0.70468 0.468633 
0 0 0 0 0 0.0829938 0.376895 0.227204 
0 0 0 0 0 0 0.669688 0.614905 
0 0 0 0 0.39138 0.639829 0.904829 0.771205 
0 0 0 0 0.76726 0 0.839305 0.87896 
0.539798 0 0 0.758634 0.923841 0.734447 0.530777 0.568623 
0 0 0 0.824968 0.776848 0.420359 0.139519 0.15245 
0 0 0 0.422945 0.352451 0.258064 0.0410656 0 
0 0 0 0.132811 0.374858 0.681592 0 0 
0 0 0 0.323181 0.722605 0.883494 0 0 
0 0 0 0 0.342415 0.654265 0 0 
0 0 0 0 0 0.182102 0 0 
0 0 0 0 0 0 0 0 
0 0.303385 0.101655 0 0 0 0 0 
0 0.815682 0.502439 0 0 0 0 0 
0 0.972155 0.872356 0.531 0 0 0 0 
0 0.896785 0.952683 0.830519 0 0 0 0 
0.24561 0.83628 0.95259 0.925909 0.647117 0 0 0 
0.589376 0.876872 0.851188 0.823385 0.503942 0.554338 0 0.512451 
0.881799 0.968807 0.8724 0.81964 0.686854 0.853814 0.542286 0 
0.586665 0.961054 0.887856 0.936975 0.762476 0.616555 0.284805 0 
0.19626 0.797283 0.789275 0.781481 0.442324 0.310486 0.517261 0.267255 
0.485732 0.685807 0.896497 0.726313 0.307532 0.51816 0.849401 0.650728 
0.845248 0.302978 0.649227 0.336555 0.103699 0.26229 0.545648 0.28364 
0.481904 0.118209 0.412457 0.278751 0.233129 0.554355 0.595556 0.24456 
0.0995416 0.317687 0.765633 0.73736 0.651384 0.868002 0.868438 0.536647 
0.114351 0.230063 0.729309 0.907844 0.713122 0.603699 0.57956 0.34482 
0.0784558 0.0588636 0.334718 0.679507 0.437367 0.2312 0.394431 0.701775 
0.322955 0.00851633 0.083701 0.328199 0.63024 0.328874 0.658958 0.892309 
0.652527 0.00956105 0.0178691 0.0984848 0.203345 0.0897262 0.319415 0.658692 
0.334576 0.123045 0.0990192 0.338947 0.10951 0.0548954 0.21794 0.383213 
0.407106 0.259835 0.367198 0.745387 0.353586 0.258627 0.29983 0.739123 
0.844425 0.765662 0.383065 0.372082 0.188421 0.418555 0.48199 0.824914 
0.959883 0.918384 0.677989 0.280737 0.40667 0.818713 0.76655 0.704125 
0.909449 0.735794 0.77356 0.446646 0.380737 0.800224 0.917997 0.839967 
0.945253 0.761758 0.925932 0.764086 0.559168 0.839531 0.768551 0.545951 
0.760002 0.522974 0.851898 0.702043 0.312721 0.507855 0.462236 0.207608 
0.26535 0.198334 0.540181 0.458775 0.219155 0.572842 0.768894 0.458523 
0.122406 0.397324 0.762849 0.775968 0.478349 0.771815 0.929674 0.776632 
0.308533 0.725563 0.917226 0.785156 0.359698 0.519775 0.799055 0.499644 
0.321079 0.403425 0.739051 0.432707 0.183356 0.491021 0.385647 0.336145 
0.749623 0.238118 0.653078 0.34177 0.138967 0.128294 0.0804571 0.222462 
0.64238 0.429406 0.780295 0.730952 0.540023 0.255246 0.120224 0.499925 
0.874359 0.747986 0.93705 0.91 0.856656 0.478803 0.12665 0.182006 
0.557448 0.485191 0.830599 0.717082 0.711926 0.30639 0.0468427 0 
0.1137 0.134202 0.461633 0.668865 0.863373 0.544751 0.114286 0 
0.00957209 0.116792 0.487186 0.788908 0.685888 0.264645 0.0353386 0 
0.000787572 0.348751 0.797432 0.931857 0.773748 0.297934 0 0 
0.00228705 0.541122 0.847691 0.829924 0.490727 0.108313 0 0 
0 0.80907 0.942812 0.831627 0.387614 0 0 0.738325 
0.343645 0.518544 0.803672 0.560445 0.13979 0 0 0.346064 
0.0289922 0.129702 0.362746 0.26406 0.0530602 0 0 0.0494096 
0 0 0.201606 0.604277 0.212284 0 0 0 
0 0 0.112773 0.590922 0.481664 0 0 0 
0 0 0 0.861334 0.870076 0.443706 0 0 
0 0 0 0.781709 0.914462 0.404343 0 0 
0.446207 0 0 0.331557 0.716196 0.331081 0 0 
0 0 0 0.0519033 0.269653 0 0 0 
0 0 0 0 0.346073 0 0 0 
0 0 0 0 0.157273 0.217097 0 0 
0 0 0.81043 0 0 0.674881 0 0 
0 0 0.540461 0 0 0.88018 0 0.563859 
0 0 0 0 0 0.824167 0 0 
0 0 0 0 0.80446 0.847947 0 0 
0 0 0 0 0.67235 0.51545 0 0 
0 0 0.73045 0 0.83604 0.134972 0 0.431468 
0 0 0.34571 0 0.539486 0 0 0 
0 0 0 0 0.253381 0 0.550313 0 
0 0 0 0 0.625716 0 0.230848 0 
0 0 0 0 0.858367 0 0.0874856 0 
0 0 0 0 0.637769 0 0.251954 0 
0 0.508515 0 0 0.361636 0.740518 0.760486 0.624749 
0.832363 0 0 0 0.269499 0.764391 0.928018 0.88335 
0.963621 0 0 0 0 0.667948 0.79483 0.772853 
0.942202 0 0 0 0.669007 0.864111 0.69131 0.594115 
0.714205 0 0 0.533007 0 0.610587 0.784118 0.807917 
0.468317 0 0.522571 0.83258 0 0.192914 0.349165 0.410475 
0.126286 0.184321 0 0.53914 0 0.0397979 0.0519469 0.0724248 
0 0.629355 0 0.354732 0.696552 0 0.0233466 0.112468 
0 0.420687 0.190897 0.103528 0.313784 0.0747416 0 0.46129 
0 0.79837 0.468386 0.185484 0.0794652 0.277592 0.486163 0.809172 
0 0.877874 0.806457 0.483668 0 0.664318 0 0.469298 
0 0.811742 0.931714 0.791582 0 0.268852 0.0934603 0.25711 
0 0.562191 0.783514 0.486121 0.142197 0.348156 0.345048 0.122601 
0 0.755867 0.557873 0.311956 0.250922 0.60472 0.796718 0.416881 
0 0.290359 0.291928 0.659582 0.657381 0.899103 0.939416 0.631357 
0 0.0746357 0.287624 0.588717 0.833655 0.955039 0.909717 0.583463 
0.367347 0.019878 0.134876 0.461501 0.632952 0.887672 0.884452 0.557653 
0.192372 0.110796 0.368163 0.785839 0.70392 0.92039 0.94047 0.768527 
0.489523 0.477496 0.192698 0.386614 0.394457 0.778832 0.783328 0.589143 
0.816268 0.821297 0.387635 0.105327 0.082941 0.287914 0.299969 0.181754 
0.401692 0.816211 0.438075 0.0858035 0.0603893 0.0458127 0.0647488 0.157626 
0.0641667 0.932862 0.558741 0.222154 0.347993 0.109349 0.168339 0.0332645 
0.00587556 0.772481 0.391169 0.464071 0.780598 0.407818 0.627701 0 
0 0.283491 0.286138 0.619957 0.829191 0.602771 0.777765 0 
0 0.0803567 0.376601 0.798587 0.808314 0.364796 0.463279 0 
0.237866 0.0152592 0.140487 0.509181 0.40299 0.0860398 0.0713613 0 
0 0 0.243895 0.746208 0.318478 0.039469 0.00642381 0 
0 0 0.326443 0.822493 0.327936 0.0311049 0 0 
0 0 0.558281 0.93856 0.550445 0 0 0 
0 0 0.530114 0.919025 0.489359 0 0 0 
0 0 0.225914 0.727885 0.238735 0 0 0 
0 0.440235 0 0.240122 0 0.355353 0 0 
0.272039 0.0762978 0 0.0263668 0 0.621475 0 0.387917 
0.797471 0 0 0.035172 0.347382 0.867882 0.369765 0 
0.481632 0 0 0 0 0.611614 0 0 
0.0675992 0 0 0 0 0.149844 0.283187 0 
0.00792995 0.354201 0 0 0.322425 0.0454517 0 0 
0 0.86854 0 0 0.851442 0 0 0 
0.710111 0.564306 0 0 0.640794 0 0 0 
0.262788 0.211997 0 0 0.1291 0 0 0 
0.0257325 0.649138 0.27395 0 0.143071 0 0 0 
0.00200942 0.2696 0.756946 0 0.657815 0 0.343381 0 
0.0108945 0.318501 0.900244 0 0.303506 0 0.777198 0 
0.106368 0.164966 0.760804 0 0.154341 0.316553 0.911546 0.387803 
0.503428 0.0240553 0.306057 0 0.211908 0.219323 0.814788 0.477299 
0.86924 0.279572 0.173153 0 0.763187 0 0.715981 0.837367 
0.951109 0.89919 0.234229 0 0.408677 0 0.651965 0.568387 
0.871809 0.568057 0.136529 0 0.215654 0 0.859407 0.487716 
0.503792 0.299535 0.542587 0 0.619002 0.195739 0.708833 0.834787 
0.521752 0.203831 0.826637 0 0.8717 0.244214 0.408834 0.768991 
0.644501 0.0711095 0.533578 0 0.63385 0.459158 0.197617 0.507677 
0.492797 0.0111995 0.124842 0 0.161756 0.0887542 0.210172 0.537269 
0.798575 0.0244281 0.0106177 0 0.0628271 0.146413 0.626015 0.806296 
0.461976 0.000672605 0 0 0.13255 0.341762 0.894975 0.937064 
0.575123 0.000333355 0 0 0.767413 0.870748 0.84506 0.830072 
0.437004 0 0 0 0.402454 0.684911 0.89295 0.681332 
0.0859491 0.472342 0 0 0.120333 0.808404 0.707192 0.270818 
0 0.887867 0 0 0.032666 0.434719 0.326367 0.0547139 
0 0.675104 0 0 0.0147919 0.169123 0.587721 0.0465468 
0.341566 0.445231 0.0391628 0 0.0874815 0.103884 0.84014 0 
0.547556 0.845294 0.126461 0 0.343647 0 0.572192 0 
0.927887 0.362283 0.452138 0 0.830156 0 0.121443 0.0377347 
0.795069 0.0651329 0.811085 0 0.668511 0 0.108638 0.0142761 
0.313806 0 0.829329 0.132683 0.24282 0 0.410105 0 
0.0181032 0 0.537977 0.0812222 0.258975 0 0.861575 0 
0 0 0.636412 0.203509 0.202299 0 0.655055 0 
0 0 0.877663 0.605454 0.657862 0 0.141206 0 
0 0 0.75424 0.910152 0.907249 0 0.00608271 0 
0 0 0.516661 0.936922 0.876742 0 0 0 
0 0 0.31441 0.849133 0.558603 0 0 0 
0 0 0.425544 0.915778 0.450271 0 0 0 
0 0 0.437556 0.922575 0.438118 0 0.782819 0 
0 0 0.0534002 0.764295 0.0990288 0 0.598244 0 
0 0 0 0.310833 0.0127026 0 0.859493 0 
0 0 0 0.0325797 0 0 0.796604 0 
0 0 0 0.000860259 0 0 0.886696 0 
0 0 0 0 0 0 0.700956 0 
0 0 0 0 0 0.863421 0.400485 0 
0 0 0 0.0712844 0 0.478243 0 0 
0 0 0 0.880007 0 0.0186343 0 0 
0 0 0 0.769289 0 0 0 0 
0 0 0 0.168513 0 0 0 0 
0 0 0 0 0 0 0 0 
0 0 0 0 0 0 0 0 
