0 0 0 0 0 0 0 0 
0 0 0 0 0 0 0 0 
0 0 0 0 0 0 0 0 
0 0 0 0 0 0 0 0 
0 0 0 0 0 0 0 0 
0 0 0 0 0 0 0 0 
0 0 0 0 0 0 0 0 
0 0 0 0 0 0 0 0 
0 0 0 0 0 0 0 0 
0 0 0 0 0 0 0 0 
0 0 0 0 0 0 0 0 
0 0 0 0 0 0 0 0 
0 0 0 0 0 0 0 0 
0 0 0 0 0 0 0 0 
0 0 0 0 0 0 0 0 
0 0 0 0 0 0 0 0 
0 0 0 0 0 0 0 0 
0 0 0 0 0 0 0 0 
0 0 0 0 0 0 0 0 
0 0 0 0 0 0 0 0 
0 0 0 0 0 0 0 0 
0 0 0 0 0 0 0 0 
0 0 0 0 0 0 0 0 
0 0 0 0 0 0 0 0 
0 0 0 0 0 0 0 0 
0 0 0 0 0 0 0 0 
0 0 0 0 0 0 0 0 
0 0 0 0 0 0 0 0 
0 0 0 0 0 0 0 0 
0 0 0 0 0 0 0 0 
0 0 0 0 0 0 0 0 
0 0 0 0 0 0 0 0 
0 0 0 0 0 0 0 0 
0 0 0 0 0 0 0 0 
0 0 0 0 0 0 0 0 
0 0 0 0 0 0 0 0 
0 0 0 0 0 0 0 0 
0 0 0 0 0 0 0 0 
0 0 0 0 0 0 0 0 
0 0 0 0 0 0 0 0 
0 0 0 0 0 0 0 0 
0 0 0 0 0 0 0 0 
0 0 0 0 0 0 0 0 
0 0 0 0 0 0 0 0 
0 0 0 0 0 0 0 0 
0 0 0 0 0 0 0 0 
0 0 0 0 0 0 0 0 
0 0 0 0 0 0 0 0 
0.934596 0.962025 0.963583 0.969385 0.964856 0.961115 0.966053 0.942443 
0.999162 0.998926 0.998913 0.998993 0.999046 0.999367 0.999094 0.99867 
0.999934 0.999971 0.999974 0.999973 0.999975 0.99998 0.999979 0.999972 
0.999998 0.999999 0.999999 0.999999 0.999999 0.999999 0.999999 1 
1 1 1 1 1 1 1 1 
1 1 1 1 1 1 1 1 
1 1 1 1 1 1 1 1 
1 1 1 1 1 1 1 1 
1 1 1 1 1 1 1 1 
1 1 1 1 1 1 1 1 
1 1 1 1 1 1 1 1 
1 1 1 1 1 1 1 1 
1 1 1 1 1 1 1 1 
1 1 1 1 1 1 1 1 
1 1 1 1 1 1 1 1 
1 1 1 1 1 1 1 1 
1 1 1 1 1 1 1 1 
1 1 1 1 1 1 1 1 
1 1 1 1 1 1 1 1 
1 1 1 1 1 1 1 1 
1 1 1 1 1 1 1 1 
1 1 1 1 1 1 1 1 
1 1 1 1 1 1 1 1 
0.999999 1 1 1 1 1 1 1 
0.999999 1 1 1 1 1 1 1 
1 1 1 1 1 1 1 1 
0.999999 1 1 1 1 1 1 1 
1 1 1 1 1 1 1 1 
1 1 1 1 0.999998 0.999984 0.999998 1 
1 1 1 0.999997 0.999951 0.999355 0.999951 0.999997 
0.999999 1 0.999997 0.999934 0.998693 0.97432 0.998694 0.999949 
0.999981 0.999997 0.999934 0.998674 0.973591 0 0.973624 0.999277 
0.999287 0.99995 0.998671 0.97359 0.971578 0 0.972246 0.998009 
0.972967 0.999285 0.973109 0 0.945195 0 0.945937 0.970888 
0 0.998031 0.947842 0 0.944455 0 0 0.921999 
0 0.972957 0 0 0.944433 0 0 0 
0 0.946763 0 0 0.944412 0 0 0 
0 0 0 0 0.943682 0 0 0 
0.947737 0 0 0 0.917445 0 0 0 
0.972358 0 0 0 0 0 0 0 
0.972966 0 0 0 0 0 0.95568 0.971541 
0.972239 0 0.917444 0 0 0 0.975279 0.972314 
0 0 0.943661 0 0.946009 0.973024 0.998199 0.973018 
0 0 0.943661 0 0.972241 0.998603 0.99932 0.975434 
0 0 0.917444 0 0.972976 0.999254 0.999304 0.973734 
0 0 0 0 0.981967 0.999312 0.99993 0.998659 
0.973028 0 0 0 0.972612 0.999246 0.999926 0.998611 
0.972273 0 0 0 0.946702 0.997314 0.999206 0.973638 
0 0 0 0 0 0.947364 0.997327 0.972922 
0 0 0 0 0 0 0.973602 0.972346 
0 0 0 0 0.944513 0.945886 0.996778 0.973512 
0 0 0 0 0.945883 0 0.978398 0.996717 
0.944433 0 0 0.946652 0.996677 0.982625 0.998113 0.972892 
0 0 0 0.972272 0.999185 0.999269 0.997442 0.946958 
0 0 0 0.972932 0.99922 0.998 0.947396 0 
0 0 0 0.972275 0.998569 0.973607 0 0 
0 0 0 0.946654 0.996608 0.97284 0 0 
0 0 0 0 0.946592 0.970133 0 0 
0 0 0 0 0 0.918221 0 0 
0 0 0 0 0 0 0 0 
0 0.97295 0.946013 0 0 0 0 0 
0 0.998642 0.972899 0 0 0 0 0 
0 0.999915 0.997966 0.946707 0 0 0 0 
0 0.99998 0.99927 0.972944 0 0 0 0 
0.946795 0.999998 0.99994 0.998127 0.947406 0 0 0 
0.973256 1 0.999996 0.999904 0.997533 0.947379 0 0.918999 
0.996655 1 1 0.999996 0.99988 0.997363 0.947252 0 
0.973628 1 1 0.999999 0.999979 0.99926 0.972995 0 
0.97368 1 1 1 0.999998 0.999949 0.998769 0.979202 
0.998787 1 1 1 1 0.999998 0.999953 0.999449 
0.999953 1 1 1 1 1 0.999998 0.999985 
1 1 1 1 1 1 1 1 
1 1 1 1 1 1 1 1 
1 1 1 1 1 1 1 1 
1 1 1 1 1 1 1 1 
1 1 1 1 1 1 1 1 
1 1 1 1 1 1 1 1 
1 1 1 1 1 1 1 1 
1 1 1 1 1 1 1 1 
1 1 1 1 1 1 1 1 
1 1 1 1 1 1 1 1 
1 1 1 1 1 1 1 1 
1 1 1 1 1 1 1 1 
1 1 1 1 1 1 1 1 
1 1 1 1 1 1 1 1 
1 1 1 1 1 1 1 1 
1 1 1 1 1 1 1 1 
1 1 1 1 1 1 1 1 
1 1 1 1 1 1 0.999998 0.999984 
0.999999 1 1 1 1 0.999998 0.999952 0.999355 
0.999952 1 1 1 0.999998 0.999952 0.998706 0.974325 
0.998697 1 1 1 0.999983 0.999995 0.973814 0 
0.973662 1 1 1 0.999986 0.999438 0.975942 0 
0.972986 1 1 0.999998 0.999949 0.998182 0.946803 0 
0.972295 1 1 0.999987 0.999457 0.973059 0 0 
0.946741 1 0.999998 0.999938 0.998075 0.946724 0 0 
0 0.999986 0.999982 0.999403 0.975743 0 0 0.946011 
0.974847 0.999765 0.999935 0.99929 0.973071 0 0 0.970103 
0.972312 0.972973 0.998626 0.999244 0.972969 0 0 0.91822 
0 0 0.973032 0.998709 0.972973 0 0 0 
0 0 0.951978 0.997401 0.97357 0 0 0 
0 0 0 0.97357 0.997518 0.946678 0 0 
0 0 0 0.972945 0.998488 0.971564 0 0 
0.919096 0 0 0.972301 0.997226 0.946649 0 0 
0 0 0 0.950522 0.971667 0 0 0 
0 0 0 0 0.9452 0 0 0 
0 0 0 0 0.944547 0.946645 0 0 
0 0 0.91665 0 0 0.944526 0 0 
0 0 0.91665 0 0 0.944455 0 0.890183 
0 0 0 0 0 0.945166 0 0 
0 0 0 0 0.945916 0.970798 0 0 
0 0 0 0 0.971473 0.971519 0 0 
0 0 0.91665 0 0.970836 0.954642 0 0.888868 
0 0 0.91665 0 0.945309 0 0 0 
0 0 0 0 0.947152 0 0.917583 0 
0 0 0 0 0.944576 0 0.956819 0 
0 0 0 0 0.944457 0 0.944589 0 
0 0 0 0 0.945167 0 0.945911 0 
0 0.919096 0 0 0.970863 0.973511 0.997418 0.973958 
0.972969 0 0 0 0.946633 0.997349 0.999842 0.999347 
0.999306 0 0 0 0 0.974233 0.999348 0.999967 
0.999983 0 0 0 0.919 0.996734 0.99989 0.999995 
0.999981 0 0 0.92098 0 0.975325 0.999391 0.999937 
0.999287 0 0.918282 0.972651 0 0.972369 0.999175 0.998638 
0.972968 0.946788 0 0.945958 0 0.946654 0.996638 0.973519 
0 0.972977 0 0.971542 0.946632 0 0.946613 0.970882 
0 0.998679 0.974314 0.998526 0.996654 0.947292 0 0.94588 
0 0.999949 0.999307 0.99864 0.974162 0.995391 0.946559 0.970151 
0 0.999983 0.999333 0.973663 0 0.947319 0 0.945899 
0 0.999983 0.999324 0.973663 0 0.972303 0.972896 0.971561 
0 0.999998 0.99995 0.998695 0.974318 0.998627 0.998593 0.972925 
0 1 0.999998 0.999951 0.999354 0.999931 0.999271 0.972986 
0 1 1 0.999998 0.999983 0.999986 0.999322 0.973644 
0 1 1 1 1 0.999998 0.99995 0.998661 
0.972968 1 1 1 1 1 0.999997 0.999949 
0.999287 1 1 1 1 1 1 0.999998 
0.999981 1 1 1 1 1 1 1 
0.999999 1 1 1 1 1 0.999999 0.999985 
0.999984 1 1 1 1 0.999998 0.999958 0.999402 
0.999287 1 1 1 0.999999 0.999956 0.99883 0.980977 
0.972967 1 1 1 0.999983 0.999322 0.973651 0 
0 0.999981 0.999998 0.999999 0.999981 0.999289 0.972985 0 
0 0.999287 0.999949 0.999998 0.999981 0.999286 0.972951 0 
0.919096 0.972967 0.998661 0.999956 0.999977 0.999243 0.972323 0 
0 0 0.973644 0.999321 0.999886 0.997745 0.947385 0 
0 0 0.972983 0.999233 0.997999 0.947403 0 0 
0 0 0.972943 0.999436 0.973601 0 0 0 
0 0 0.972263 0.998492 0.972304 0 0 0 
0 0 0.946715 0.995991 0.947042 0 0 0 
0 0.947447 0 0.94597 0 0.917485 0 0 
0.9474 0.946103 0 0.947708 0 0.945057 0 0.918978 
0.995983 0 0 0.944577 0.945808 0.993873 0.918916 0 
0.973574 0 0 0 0 0.946505 0 0 
0.972312 0 0 0 0 0.969518 0.918641 0 
0.946745 0.946745 0 0 0.944535 0.951404 0 0 
0 0.972297 0 0 0.944434 0 0 0 
0.946747 0.972987 0 0 0.944433 0 0 0 
0.972339 0.973644 0 0 0.944433 0 0 0 
0.973526 0.997992 0.946689 0 0.944433 0 0 0 
0.973029 0.999443 0.972282 0 0.944454 0 0.917497 0 
0.973007 0.999293 0.97295 0 0.945188 0 0.945154 0 
0.973663 0.99929 0.972967 0 0.971588 0.973161 0.997291 0.974283 
0.998696 0.999288 0.972968 0 0.972468 0.972995 0.99859 0.999305 
0.99995 0.999288 0.972968 0 0.945291 0 0.973645 0.999321 
0.999982 0.99929 0.972968 0 0.945005 0 0.973004 0.999291 
0.999981 0.999307 0.97297 0 0.94523 0 0.97365 0.999322 
0.999983 0.999309 0.972971 0 0.971561 0.973594 0.998739 0.999955 
0.999998 0.999291 0.972983 0 0.972914 0.998645 0.999988 0.999998 
1 0.999301 0.97309 0 0.972969 0.999318 0.999983 1 
1 0.999239 0.97229 0 0.972968 0.99929 0.999981 0.999999 
1 0.997968 0.946689 0 0.972967 0.999288 0.999981 0.999999 
1 0.972951 0 0 0.972968 0.999288 0.999981 0.999998 
0.999981 0.946749 0 0 0.972968 0.999288 0.999979 0.999948 
0.999287 0 0 0 0.972968 0.999294 0.999931 0.998661 
0.972967 0.946773 0 0 0.972975 0.999539 0.99931 0.973643 
0 0.972318 0 0 0.972966 0.999259 0.999252 0.972983 
0 0.973627 0 0 0.972912 0.998589 0.998573 0.97293 
0.972238 0.997985 0.946692 0 0.97154 0.972892 0.972236 0 
0.972989 0.999223 0.972279 0 0.945188 0 0.945956 0 
0.973686 0.998669 0.972915 0 0.944566 0 0.971528 0.972934 
0.998619 0.981256 0.972298 0 0.947304 0 0.971504 0.972898 
0.997982 0 0.972253 0.972878 0.971628 0 0.945185 0 
0.947458 0 0.972912 0.997927 0.972896 0 0.944456 0 
0 0 0.972947 0.998561 0.972946 0 0.944413 0 
0 0 0.972957 0.998607 0.972951 0 0.943681 0 
0 0 0.972989 0.998582 0.972948 0 0.917443 0 
0 0 0.972954 0.998575 0.972948 0 0 0 
0 0 0.973039 0.998576 0.972948 0 0 0 
0 0 0.977823 0.998668 0.972948 0 0 0 
0 0 0.972353 0.998604 0.972933 0 0.917475 0 
0 0 0.946669 0.997219 0.972202 0 0.943965 0 
0 0 0 0.971451 0.945952 0 0.944478 0 
0 0 0 0.944433 0 0 0.944895 0 
0 0 0 0.917463 0 0 0.945003 0 
0 0 0 0 0 0 0.944478 0 
0 0 0 0 0 0.944412 0.944434 0 
0 0 0 0.917617 0 0.943682 0 0 
0 0 0 0.943679 0 0.917444 0 0 
0 0 0 0.943665 0 0 0 0 
0 0 0 0.917461 0 0 0 0 
0 0 0 0 0 0 0 0 
0 0 0 0 0 0 0 0 
