0 0 0 0 0 0 0 0 
0 0 0 0 0 0 0 0 
0 0 0 0 0 0 0 0 
0 0 0 0 0 0 0 0 
0 0 0 0 0 0 0 0 
0 0 0 0 0 0 0 0 
0 0 0 0 0 0 0 0 
0 0 0 0 0 0 0 0 
0 0 0 0 0 0 0 0 
0 0 0 0 0 0 0 0 
0 0 0 0 0 0 0 0 
0 0 0 0 0 0 0 0 
0 0 0 0 0 0 0 0 
0 0 0 0 0 0 0 0 
0 0 0 0 0 0 0 0 
0 0 0 0 0 0 0 0 
0 0 0 0 0 0 0 0 
0 0 0 0 0 0 0 0 
0 0 0 0 0 0 0 0 
0 0 0 0 0 0 0 0 
0 0 0 0 0 0 0 0 
0 0 0 0 0 0 0 0 
0 0 0 0 0 0 0 0 
0 0 0 0 0 0 0 0 
0 0 0 0 0 0 0 0 
0 0 0 0 0 0 0 0 
0 0 0 0 0 0 0 0 
0 0 0 0 0 0 0 0 
0 0 0 0 0 0 0 0 
0 0 0 0 0 0 0 0 
0 0 0 0 0 0 0 0 
0 0 0 0 0 0 0 0 
0 0 0 0 0 0 0 0 
0 0 0 0 0 0 0 0 
0 0 0 0 0 0 0 0 
0 0 0 0 0 0 0 0 
0 0 0 0 0 0 0 0 
0 0 0 0 0 0 0 0 
0 0 0 0 0 0 0 0 
0 0 0 0 0 0 0 0 
0 0 0 0 0 0 0 0 
0 0 0 0 0 0 0 0 
0 0 0 0 0 0 0 0 
0 0 0 0 0 0 0 0 
0 0 0 0 0 0 0 0 
0 0 0 0 0 0 0 0 
0 0 0 0 0 0 0 0 
0 0 0 0 0 0 0 0 
0.831332 0.532065 0.869555 0.951892 0.891718 0.901032 0.945296 0.960764 
0.971572 0.660585 0.928108 0.927746 0.897536 0.964896 0.969988 0.984054 
0.951486 0.495508 0.831271 0.897932 0.937044 0.979658 0.951295 0.935782 
0.795568 0.778149 0.926187 0.850652 0.827527 0.922519 0.827437 0.827328 
0.666093 0.930493 0.977826 0.943801 0.770482 0.683771 0.473739 0.69457 
0.900438 0.844558 0.958509 0.961917 0.866617 0.566077 0.508368 0.844199 
0.934952 0.878621 0.974262 0.986252 0.949542 0.805115 0.792224 0.947537 
0.985631 0.947564 0.983675 0.9728 0.917366 0.913515 0.932242 0.983992 
0.996175 0.803293 0.934244 0.906362 0.938474 0.977359 0.967428 0.978171 
0.994116 0.418137 0.735727 0.864892 0.969526 0.992816 0.991372 0.988734 
0.995336 0.364241 0.555085 0.810467 0.947556 0.989266 0.99918 0.987069 
0.980429 0.810809 0.838076 0.927572 0.928548 0.974358 0.982368 0.951945 
0.928148 0.968855 0.968828 0.984731 0.96588 0.929943 0.937923 0.847378 
0.791821 0.993397 0.991022 0.995306 0.98719 0.962169 0.978945 0.941253 
0.941918 0.971579 0.973964 0.986903 0.97697 0.977586 0.991003 0.988414 
0.990491 0.86311 0.92079 0.953985 0.960098 0.988488 0.997092 0.997761 
0.997919 0.909415 0.908415 0.958825 0.941929 0.976568 0.99401 0.997524 
0.995197 0.982652 0.977976 0.986828 0.969941 0.941684 0.974761 0.988416 
0.976784 0.995801 0.992338 0.979255 0.942121 0.849006 0.904497 0.936481 
0.859481 0.988338 0.993674 0.98357 0.976824 0.94413 0.900244 0.830146 
0.731957 0.95545 0.988238 0.989935 0.993734 0.987084 0.963379 0.933364 
0.915897 0.89077 0.978267 0.999932 0.996214 0.995154 0.972723 0.885111 
0.781711 0.919023 0.984699 0.995827 0.992673 0.984198 0.928035 0.682296 
0.340423 0.832806 0.966387 0.988462 0.985785 0.972944 0.880762 0.488248 
0.108839 0.845235 0.96524 0.973295 0.983474 0.963266 0.921832 0.622329 
0.153318 0.781412 0.915073 0.936261 0.945819 0.873001 0.917244 0.678635 
0.258612 0.879209 0.966528 0.977819 0.938216 0.76185 0.708125 0.470969 
0.56028 0.96851 0.990374 0.992791 0.971246 0.853305 0.613759 0.744755 
0.906627 0.982513 0.978285 0.981857 0.929912 0.725985 0.753514 0.935649 
0.9836 0.956995 0.938824 0.965316 0.869115 0.661411 0.882565 0.977125 
0.995134 0.949049 0.932133 0.892799 0.661322 0.406672 0.803313 0.939365 
0.983732 0.960253 0.969865 0.891517 0.583796 0 0.73796 0.78716 
0.90785 0.876783 0.899525 0.700597 0.683206 0 0.889284 0.721591 
0.559567 0.949487 0.822888 0 0.885899 0 0.660529 0.337584 
0 0.982479 0.886833 0 0.932346 0 0 0.057532 
0 0.923134 0 0 0.929137 0 0 0 
0 0.681647 0 0 0.93657 0 0 0 
0 0 0 0 0.909406 0 0 0 
0.940192 0 0 0 0.734918 0 0 0 
0.962348 0 0 0 0 0 0 0 
0.930955 0 0 0 0 0 0.931681 0.958622 
0.931252 0 0.903207 0 0 0 0.911192 0.923382 
0 0 0.938519 0 0.921442 0.925785 0.880209 0.797118 
0 0 0.924014 0 0.966072 0.987761 0.963584 0.896304 
0 0 0.818445 0 0.965395 0.995119 0.989728 0.958318 
0 0 0 0 0.947831 0.988276 0.991811 0.99293 
0.954917 0 0 0 0.91768 0.953755 0.976162 0.986454 
0.930484 0 0 0 0.753495 0.911198 0.975126 0.935236 
0 0 0 0 0 0.718175 0.936605 0.883987 
0 0 0 0 0 0 0.954253 0.947319 
0 0 0 0 0.89829 0.925985 0.990239 0.963284 
0 0 0 0 0.934861 0 0.966233 0.988029 
0.914887 0 0 0.937433 0.991371 0.958649 0.963991 0.940763 
0 0 0 0.969667 0.984824 0.949209 0.840963 0.794673 
0 0 0 0.92208 0.942057 0.906699 0.586079 0 
0 0 0 0.824427 0.943237 0.95096 0 0 
0 0 0 0.87469 0.974702 0.965389 0 0 
0 0 0 0 0.89009 0.944015 0 0 
0 0 0 0 0 0.789578 0 0 
0 0 0 0 0 0 0 0 
0 0.902539 0.751572 0 0 0 0 0 
0 0.986315 0.940485 0 0 0 0 0 
0 0.997648 0.990015 0.920727 0 0 0 0 
0 0.995888 0.999114 0.965611 0 0 0 0 
0.864002 0.993461 0.99734 0.993508 0.929332 0 0 0 
0.948612 0.995217 0.994186 0.991123 0.968982 0.921117 0 0.888892 
0.98799 0.999134 0.995961 0.992186 0.984347 0.986428 0.917387 0 
0.948181 0.997922 0.995462 0.995656 0.986223 0.973431 0.905057 0 
0.878453 0.990918 0.991132 0.988081 0.95917 0.940461 0.960569 0.901466 
0.961794 0.980508 0.992279 0.980714 0.931259 0.961738 0.98678 0.975079 
0.988634 0.923609 0.973462 0.935433 0.829845 0.919903 0.966661 0.931149 
0.956191 0.824881 0.947657 0.926465 0.908553 0.966377 0.972367 0.90965 
0.790728 0.918687 0.981798 0.983388 0.978255 0.990229 0.989401 0.966306 
0.788651 0.88532 0.978794 0.992542 0.983458 0.974615 0.972225 0.936882 
0.754167 0.674097 0.921155 0.975589 0.958982 0.916499 0.953217 0.97681 
0.925219 0.318846 0.73951 0.922821 0.965613 0.930394 0.974144 0.990856 
0.978047 0.318379 0.488643 0.79759 0.875274 0.791883 0.927838 0.974244 
0.939965 0.786927 0.78597 0.915563 0.814401 0.717644 0.889461 0.94909 
0.953824 0.909966 0.935659 0.974406 0.929687 0.904503 0.9317 0.982019 
0.990986 0.983409 0.952057 0.944472 0.896315 0.949884 0.964637 0.989961 
0.997436 0.994558 0.978971 0.931508 0.948477 0.986238 0.987816 0.987422 
0.996194 0.988843 0.987377 0.960448 0.954458 0.988808 0.994704 0.991752 
0.99675 0.987204 0.99469 0.985936 0.971446 0.989261 0.986834 0.971444 
0.984734 0.965043 0.989628 0.980916 0.938604 0.966643 0.961677 0.907585 
0.913241 0.893234 0.96816 0.961452 0.91404 0.971554 0.984639 0.954241 
0.828237 0.947908 0.985357 0.985573 0.961974 0.985524 0.994458 0.98233 
0.919839 0.981239 0.993587 0.985197 0.945315 0.969125 0.994603 0.965354 
0.935253 0.949989 0.982897 0.955237 0.888236 0.95061 0.941496 0.94024 
0.982012 0.909062 0.976972 0.940733 0.854466 0.833029 0.779329 0.902816 
0.98681 0.95423 0.987039 0.983358 0.962822 0.906156 0.824513 0.949968 
0.989917 0.9836 0.995359 0.994552 0.989187 0.952715 0.823961 0.854548 
0.961573 0.957887 0.988203 0.986834 0.983193 0.925142 0.651996 0 
0.779777 0.83566 0.957925 0.982621 0.989911 0.957467 0.759542 0 
0.300475 0.815852 0.959957 0.987936 0.980969 0.908028 0.555164 0 
0.0493492 0.93292 0.986164 0.995761 0.989772 0.893419 0 0 
0.0532747 0.969797 0.991846 0.990791 0.957576 0.759365 0 0 
0 0.988006 0.999013 0.98795 0.918999 0 0 0.926014 
0.894629 0.961274 0.987553 0.964261 0.816166 0 0 0.881616 
0.578807 0.801841 0.932207 0.912228 0.68159 0 0 0.56645 
0 0 0.863447 0.960896 0.861859 0 0 0 
0 0 0.762102 0.965162 0.935224 0 0 0 
0 0 0 0.966251 0.987602 0.906352 0 0 
0 0 0 0.960572 0.990429 0.925239 0 0 
0.88272 0 0 0.903074 0.973162 0.884475 0 0 
0 0 0 0.644579 0.879615 0 0 0 
0 0 0 0 0.87166 0 0 0 
0 0 0 0 0.793026 0.835218 0 0 
0 0 0.909238 0 0 0.931702 0 0 
0 0 0.889713 0 0 0.94011 0 0.863083 
0 0 0 0 0 0.93937 0 0 
0 0 0 0 0.938144 0.963098 0 0 
0 0 0 0 0.955692 0.935952 0 0 
0 0 0.902015 0 0.954589 0.802425 0 0.842571 
0 0 0.856333 0 0.913413 0 0 0 
0 0 0 0 0.861291 0 0.883738 0 
0 0 0 0 0.921035 0 0.833129 0 
0 0 0 0 0.937769 0 0.706793 0 
0 0 0 0 0.924497 0 0.848085 0 
0 0.889391 0 0 0.917315 0.958505 0.981377 0.956091 
0.966931 0 0 0 0.867693 0.982448 0.994864 0.993594 
0.997316 0 0 0 0 0.958976 0.989715 0.990621 
0.996562 0 0 0 0.904011 0.987829 0.985776 0.980583 
0.984849 0 0 0.890234 0 0.947616 0.984497 0.984956 
0.954636 0 0.889007 0.957577 0 0.845217 0.925936 0.933978 
0.797521 0.834942 0 0.915787 0 0.542182 0.672344 0.703254 
0 0.94702 0 0.908863 0.923997 0 0.430911 0.750892 
0 0.95659 0.855602 0.818707 0.903378 0.696195 0 0.898278 
0 0.987569 0.955561 0.883676 0.748062 0.903091 0.908498 0.955829 
0 0.994246 0.98738 0.936295 0 0.919879 0 0.905048 
0 0.990695 0.99452 0.964438 0 0.883902 0.772783 0.86862 
0 0.975873 0.986227 0.958506 0.832426 0.932026 0.9258 0.811233 
0 0.985375 0.969495 0.937841 0.917156 0.97539 0.983451 0.923651 
0 0.916435 0.930171 0.974639 0.979305 0.993683 0.994658 0.952572 
0 0.720158 0.909104 0.972257 0.99187 0.997161 0.99489 0.97336 
0.909459 0.510101 0.838385 0.958377 0.980991 0.994572 0.993906 0.971729 
0.887756 0.791666 0.928489 0.98117 0.983295 0.995083 0.995967 0.98589 
0.961273 0.955112 0.898722 0.93866 0.945351 0.983015 0.987597 0.973471 
0.986469 0.987485 0.939806 0.80846 0.774698 0.905552 0.91576 0.885305 
0.940857 0.99031 0.950269 0.777169 0.704678 0.684309 0.728964 0.809862 
0.686484 0.994514 0.967223 0.900626 0.920254 0.813204 0.838247 0.542514 
0.23502 0.984247 0.952393 0.959476 0.982392 0.950066 0.94421 0 
0 0.917939 0.928429 0.97575 0.989666 0.978467 0.958828 0 
0 0.73318 0.930405 0.991383 0.985326 0.940722 0.922182 0 
0.822977 0.40299 0.839312 0.961718 0.943776 0.772594 0.683286 0 
0 0 0.880938 0.977162 0.922006 0.604911 0.253287 0 
0 0 0.911496 0.984044 0.925862 0.523026 0 0 
0 0 0.944757 0.991911 0.944123 0 0 0 
0 0 0.939894 0.99006 0.93614 0 0 0 
0 0 0.854126 0.969064 0.861554 0 0 0 
0 0.895528 0 0.833588 0 0.858368 0 0 
0.876113 0.704528 0 0.471698 0 0.922732 0 0.868503 
0.979314 0 0 0.529976 0.871204 0.985743 0.865257 0 
0.930753 0 0 0 0 0.918203 0 0 
0.695752 0 0 0 0 0.821867 0.831664 0 
0.245039 0.896841 0 0 0.865634 0.605132 0 0 
0 0.963385 0 0 0.934055 0 0 0 
0.931306 0.946189 0 0 0.917908 0 0 0 
0.88403 0.886968 0 0 0.772667 0 0 0 
0.501247 0.968855 0.878046 0 0.784604 0 0 0 
0.126039 0.920692 0.953316 0 0.914575 0 0.857224 0 
0.315037 0.923261 0.963462 0 0.867402 0 0.934233 0 
0.76896 0.851258 0.950726 0 0.827679 0.90013 0.98607 0.92835 
0.958717 0.612823 0.88362 0 0.863419 0.874888 0.987297 0.970541 
0.991366 0.909746 0.840843 0 0.926327 0 0.960475 0.989378 
0.997036 0.983844 0.873591 0 0.893778 0 0.955494 0.976318 
0.99232 0.967394 0.842712 0 0.843901 0 0.964632 0.96937 
0.972849 0.924589 0.936919 0 0.940971 0.872457 0.977689 0.988253 
0.969295 0.875421 0.955401 0 0.960425 0.917771 0.950721 0.984606 
0.97858 0.720445 0.922742 0 0.944491 0.943828 0.899454 0.966433 
0.968185 0.376077 0.749963 0 0.817959 0.795993 0.895705 0.969622 
0.986717 0.38208 0.303426 0 0.682223 0.84613 0.968928 0.987168 
0.963981 0.0610976 0 0 0.81383 0.937295 0.990629 0.994444 
0.971568 0.0113764 0 0 0.952183 0.988971 0.99322 0.989282 
0.947049 0 0 0 0.921505 0.982623 0.992372 0.97007 
0.753495 0.91548 0 0 0.802717 0.978584 0.978006 0.888357 
0 0.97281 0 0 0.61107 0.936408 0.929161 0.683284 
0 0.958593 0 0 0.44757 0.852678 0.954265 0.703866 
0.906384 0.95165 0.599114 0 0.713694 0.779375 0.953002 0 
0.946914 0.979702 0.810033 0 0.87476 0 0.912135 0 
0.969088 0.936445 0.925083 0 0.933729 0 0.777392 0.631896 
0.97321 0.717689 0.950317 0 0.924065 0 0.757456 0.489158 
0.904847 0 0.955033 0.814181 0.874157 0 0.890151 0 
0.454943 0 0.93566 0.793953 0.868055 0 0.935877 0 
0 0 0.947876 0.892435 0.86278 0 0.919233 0 
0 0 0.965541 0.975663 0.950238 0 0.765803 0 
0 0 0.961543 0.993213 0.968585 0 0.235367 0 
0 0 0.94285 0.993533 0.967314 0 0 0 
0 0 0.912854 0.987776 0.948372 0 0 0 
0 0 0.929121 0.990199 0.935478 0 0 0 
0 0 0.92065 0.988514 0.924231 0 0.908876 0 
0 0 0.68943 0.961958 0.773319 0 0.923793 0 
0 0 0 0.86762 0.435979 0 0.946897 0 
0 0 0 0.493023 0 0 0.93758 0 
0 0 0 0.108319 0 0 0.940468 0 
0 0 0 0 0 0 0.929178 0 
0 0 0 0 0 0.934838 0.902371 0 
0 0 0 0.661709 0 0.89096 0 0 
0 0 0 0.928168 0 0.437467 0 0 
0 0 0 0.927479 0 0 0 0 
0 0 0 0.786749 0 0 0 0 
0 0 0 0 0 0 0 0 
0 0 0 0 0 0 0 0 
