0 0 0 0 0 0 0 0 
0 0 0 0 0 0 0 0 
0 0 0 0 0 0 0 0 
0 0 0 0 0 0 0 0 
0 0 0 0 0 0 0 0 
0 0 0 0 0 0 0 0 
0 0 0 0 0 0 0 0 
0 0 0 0 0 0 0 0 
0 0 0 0 0 0 0 0 
0 0 0 0 0 0 0 0 
0 0 0 0 0 0 0 0 
0 0 0 0 0 0 0 0 
0 0 0 0 0 0 0 0 
0 0 0 0 0 0 0 0 
0 0 0 0 0 0 0 0 
0 0 0 0 0 0 0 0 
0 0 0 0 0 0 0 0 
0 0 0 0 0 0 0 0 
0 0 0 0 0 0 0 0 
0 0 0 0 0 0 0 0 
0 0 0 0 0 0 0 0 
0 0 0 0 0 0 0 0 
0 0 0 0 0 0 0 0 
0 0 0 0 0 0 0 0 
0 0 0 0 0 0 0 0 
0 0 0 0 0 0 0 0 
0 0 0 0 0 0 0 0 
0 0 0 0 0 0 0 0 
0 0 0 0 0 0 0 0 
0 0 0 0 0 0 0 0 
0 0 0 0 0 0 0 0 
0 0 0 0 0 0 0 0 
0 0 0 0 0 0 0 0 
0 0 0 0 0 0 0 0 
0 0 0 0 0 0 0 0 
0 0 0 0 0 0 0 0 
0 0 0 0 0 0 0 0 
0 0 0 0 0 0 0 0 
0 0 0 0 0 0 0 0 
0 0 0 0 0 0 0 0 
0 0 0 0 0 0 0 0 
0 0 0 0 0 0 0 0 
0 0 0 0 0 0 0 0 
0 0 0 0 0 0 0 0 
0 0 0 0 0 0 0 0 
0 0 0 0 0 0 0 0 
0 0 0 0 0 0 0 0 
0 0 0 0 0 0 0 0 
0.932743 0.96148 0.95351 0.96295 0.961423 0.966317 0.973934 0.967461 
0.997407 0.999246 0.998774 0.999062 0.998755 0.999087 0.999349 0.999129 
0.999916 0.999981 0.999972 0.99998 0.99997 0.999976 0.99998 0.999977 
0.999998 0.999999 0.999999 0.999999 0.999999 0.999999 0.999999 0.999999 
1 1 1 1 1 1 1 1 
1 1 1 1 1 1 1 1 
1 1 1 1 1 1 1 1 
1 1 1 1 1 1 1 1 
1 1 1 1 1 1 1 1 
1 1 1 1 1 1 1 1 
1 1 1 1 1 1 1 1 
1 1 1 1 1 1 1 1 
1 1 1 1 1 1 1 1 
1 1 1 1 1 1 1 1 
1 1 1 1 1 1 1 1 
1 1 1 1 1 1 1 1 
1 1 1 1 1 1 1 1 
1 1 1 1 1 1 1 1 
1 1 1 1 1 1 1 1 
1 1 1 1 1 1 1 1 
1 1 1 1 1 1 1 1 
1 1 1 1 1 1 1 1 
1 1 1 1 1 1 1 1 
1 1 1 1 1 1 1 1 
1 1 1 1 1 1 1 1 
1 1 1 1 1 1 1 1 
1 1 1 1 1 1 1 1 
1 1 1 1 1 1 1 1 
1 1 1 1 0.999999 0.999984 0.999998 1 
1 1 1 0.999997 0.999951 0.999355 0.999951 0.999997 
0.999999 1 0.999998 0.999938 0.998693 0.97432 0.998695 0.999949 
0.999981 0.999997 0.99994 0.998764 0.973598 0 0.973639 0.999269 
0.999293 0.999951 0.998732 0.974776 0.971654 0 0.972371 0.997896 
0.982749 0.999271 0.972955 0 0.945294 0 0.945952 0.970779 
0 0.997969 0.946707 0 0.944791 0 0 0.91824 
0 0.972955 0 0 0.944464 0 0 0 
0.919096 0.946764 0 0 0.944413 0 0 0 
0 0 0 0 0.943682 0 0 0 
0.946747 0 0 0 0.917447 0 0 0 
0.972392 0 0 0 0 0 0 0 
0.976952 0 0 0 0 0 0.945958 0.97158 
0.972335 0 0.917462 0 0 0 0.972255 0.973026 
0 0 0.943821 0 0.946021 0.972902 0.997931 0.972969 
0 0 0.944503 0 0.972506 0.998637 0.999224 0.972985 
0 0 0.917525 0 0.982757 0.999268 0.999309 0.973643 
0 0 0 0 0.972961 0.999376 0.999936 0.998608 
0.972216 0 0 0 0.97228 0.999345 0.99993 0.998608 
0.972216 0 0 0 0.94667 0.99731 0.999205 0.973638 
0 0 0 0 0 0.947364 0.997342 0.972918 
0 0 0 0 0 0 0.973796 0.972329 
0 0 0 0 0.944514 0.945885 0.99669 0.973505 
0 0 0 0 0.945884 0 0.974177 0.996614 
0.944433 0 0 0.946652 0.996639 0.974243 0.997961 0.972871 
0 0 0 0.972272 0.999183 0.999217 0.997281 0.946748 
0 0 0 0.97293 0.999215 0.997981 0.94738 0 
0 0 0 0.972274 0.998542 0.973602 0 0 
0 0 0 0.946848 0.996623 0.97284 0 0 
0 0 0 0 0.946593 0.970133 0 0 
0 0 0 0 0 0.918221 0 0 
0 0 0 0 0 0 0 0 
0 0.972956 0.946015 0 0 0 0 0 
0 0.998644 0.9729 0 0 0 0 0 
0 0.999921 0.997972 0.946708 0 0 0 0 
0 0.99998 0.999271 0.972937 0 0 0 0 
0.946763 0.999998 0.999933 0.99804 0.947982 0 0 0 
0.97292 1 0.999995 0.999887 0.997396 0.947366 0 0.919063 
0.996634 1 1 0.999994 0.999868 0.997382 0.954239 0 
0.973627 1 1 0.999999 0.999979 0.999269 0.97315 0 
0.973679 1 1 1 0.999998 0.99995 0.998692 0.97432 
0.998697 1 1 1 1 0.999999 0.999952 0.999355 
0.999951 1 1 1 1 1 0.999998 0.999984 
0.999998 1 1 1 1 1 1 1 
1 1 1 1 1 1 1 1 
1 1 1 1 1 1 1 1 
1 1 1 1 1 1 1 1 
1 1 1 1 1 1 1 1 
1 1 1 1 1 1 1 1 
1 1 1 1 1 1 1 1 
1 1 1 1 1 1 1 1 
1 1 1 1 1 1 1 1 
1 1 1 1 1 1 1 1 
1 1 1 1 1 1 1 1 
1 1 1 1 1 1 1 1 
1 1 1 1 1 1 1 1 
1 1 1 1 1 1 1 1 
1 1 1 1 1 1 1 1 
1 1 1 1 1 1 1 1 
1 1 1 1 1 1 1 1 
1 1 1 1 1 1 0.999998 0.999984 
0.999998 1 1 1 1 0.999998 0.999951 0.999355 
0.999952 1 1 1 0.999998 0.99995 0.998695 0.974321 
0.998715 1 1 1 0.999983 0.999327 0.973629 0 
0.973858 1 1 1 0.999987 0.999548 0.972387 0 
0.973007 1 1 0.999999 0.999959 0.998069 0.948793 0 
0.972298 1 1 0.999985 0.999271 0.972938 0 0 
0.946745 0.999999 0.999998 0.999932 0.997984 0.946707 0 0 
0 0.999981 0.999981 0.99932 0.973627 0 0 0.946015 
0.972225 0.999288 0.999932 0.999286 0.972985 0 0 0.974244 
0.972218 0.972968 0.998636 0.999237 0.972969 0 0 0.918334 
0 0 0.973006 0.998572 0.973042 0 0 0 
0 0 0.946702 0.997472 0.975198 0 0 0 
0 0 0 0.977092 0.997468 0.946654 0 0 
0 0 0 0.973045 0.998481 0.97157 0 0 
0.919096 0 0 0.972208 0.997247 0.946726 0 0 
0 0 0 0.945985 0.971789 0 0 0 
0 0 0 0 0.945248 0 0 0 
0 0 0 0 0.944811 0.944466 0 0 
0 0 0.916666 0 0 0.944435 0 0 
0 0 0.916664 0 0 0.944454 0 0.888868 
0 0 0 0 0 0.945179 0 0 
0 0 0 0 0.945928 0.970894 0 0 
0 0 0 0 0.971468 0.971481 0 0 
0 0 0.91665 0 0.970795 0.945931 0 0.889444 
0 0 0.91665 0 0.945231 0 0 0 
0 0 0 0 0.945499 0 0.917445 0 
0 0 0 0 0.944499 0 0.943684 0 
0 0 0 0 0.944456 0 0.94455 0 
0 0 0 0 0.945253 0 0.950817 0 
0 0.919096 0 0 0.976654 0.973588 0.997436 0.973773 
0.972968 0 0 0 0.946717 0.99735 0.99999 0.999333 
0.999287 0 0 0 0 0.974231 0.999348 0.999967 
0.999981 0 0 0 0.918998 0.996657 0.999888 0.999995 
0.999983 0 0 0.918546 0 0.973579 0.999425 0.999955 
0.999368 0 0.918268 0.970493 0 0.9723 0.99918 0.998717 
0.974689 0.950781 0 0.945946 0 0.946754 0.996652 0.97361 
0 0.973144 0 0.971642 0.950101 0 0.946707 0.979832 
0 0.998686 0.97434 0.998533 0.996753 0.947328 0 0.94604 
0 0.99995 0.99931 0.998641 0.974197 0.996072 0.946615 0.970328 
0 0.999993 0.999325 0.973663 0 0.946655 0 0.945926 
0 0.999983 0.999324 0.973663 0 0.972269 0.9729 0.971592 
0 0.999998 0.999951 0.99877 0.980682 0.998728 0.998594 0.972918 
0 1 0.999998 0.999952 0.999429 0.999934 0.99927 0.972984 
0 1 1 0.999998 0.999986 0.999981 0.999321 0.973644 
0 1 1 1 1 0.999999 0.999949 0.998661 
0.972969 1 1 1 1 1 0.999997 0.999949 
0.999288 1 1 1 1 1 1 0.999998 
0.999981 1 1 1 1 1 1 1 
0.999999 1 1 1 1 1 0.999998 0.999985 
0.999981 1 1 1 1 0.999998 0.999952 0.999354 
0.999288 1 1 1 0.999998 0.99995 0.998678 0.973647 
0.972968 1 1 1 0.999983 0.999321 0.973645 0 
0 0.99999 0.999998 0.999999 0.999981 0.999291 0.972989 0 
0 0.999288 0.999949 0.999997 0.999983 0.999309 0.972973 0 
0.919096 0.972968 0.998661 0.999953 0.999977 0.999233 0.972279 0 
0 0 0.973648 0.999393 0.99987 0.997323 0.946671 0 
0 0 0.972987 0.999282 0.998002 0.947382 0 0 
0 0 0.972936 0.99864 0.973592 0 0 0 
0 0 0.972337 0.998764 0.972283 0 0 0 
0 0 0.948022 0.996055 0.946635 0 0 0 
0 0.946018 0 0.953853 0 0.917485 0 0 
0.9474 0.946018 0 0.944588 0 0.945058 0 0.918978 
0.995983 0 0 0.944481 0.945806 0.993873 0.918925 0 
0.973574 0 0 0 0 0.946496 0 0 
0.972313 0 0 0 0 0.969399 0.918206 0 
0.946746 0.946746 0 0 0.944608 0.945144 0 0 
0 0.972302 0 0 0.944455 0 0 0 
0.947 0.973032 0 0 0.944435 0 0 0 
0.973169 0.973913 0 0 0.944433 0 0 0 
0.973027 0.99801 0.946691 0 0.944433 0 0 0 
0.97299 0.99924 0.972355 0 0.944454 0 0.917488 0 
0.973008 0.999371 0.97901 0 0.945185 0 0.945151 0 
0.973689 0.999446 0.973137 0 0.971503 0.972875 0.997265 0.974293 
0.999058 0.999376 0.974962 0 0.971506 0.97291 0.998577 0.999303 
0.999961 0.999386 0.976681 0 0.945243 0 0.973642 0.999305 
0.999981 0.999291 0.973068 0 0.945307 0 0.973003 0.99929 
0.999981 0.999291 0.973003 0 0.945244 0 0.973645 0.999322 
0.999983 0.999319 0.973367 0 0.971561 0.973589 0.998676 0.99995 
0.999999 0.999291 0.973001 0 0.972914 0.998641 0.999932 0.999997 
1 0.999286 0.972951 0 0.972966 0.999272 0.99998 0.999999 
1 0.999238 0.972275 0 0.972969 0.999291 0.999982 1 
1 0.997968 0.946689 0 0.97298 0.999289 0.999981 0.999999 
1 0.972955 0 0 0.973066 0.999298 0.999982 0.999998 
0.999981 0.946764 0 0 0.97298 0.999289 0.999979 0.999948 
0.99929 0 0 0 0.972969 0.999286 0.999938 0.998663 
0.972984 0.946746 0 0 0.972985 0.999279 0.999506 0.973651 
0 0.972314 0 0 0.973125 0.999268 0.999261 0.972984 
0 0.973627 0 0 0.972938 0.998592 0.998576 0.972931 
0.972239 0.997986 0.94669 0 0.971615 0.972902 0.972237 0 
0.972993 0.999223 0.972276 0 0.945197 0 0.945968 0 
0.973662 0.998641 0.972917 0 0.944478 0 0.98104 0.972923 
0.998629 0.973123 0.972367 0 0.945259 0 0.971516 0.972911 
0.998462 0 0.975299 0.973038 0.972536 0 0.945186 0 
0.947474 0 0.973008 0.99794 0.972962 0 0.944548 0 
0 0 0.972954 0.998635 0.972959 0 0.949495 0 
0 0 0.972956 0.998594 0.972975 0 0.94384 0 
0 0 0.973009 0.998798 0.972974 0 0.918445 0 
0 0 0.972955 0.998589 0.973037 0 0 0 
0 0 0.97295 0.998658 0.975098 0 0 0 
0 0 0.972936 0.998576 0.973034 0 0 0 
0 0 0.972298 0.998528 0.972932 0 0.917674 0 
0 0 0.946674 0.997219 0.972269 0 0.94376 0 
0 0 0 0.971514 0.947006 0 0.945185 0 
0 0 0 0.944436 0 0 0.944493 0 
0 0 0 0.917467 0 0 0.944475 0 
0 0 0 0 0 0 0.944441 0 
0 0 0 0 0 0.947052 0.944531 0 
0 0 0 0.917577 0 0.943982 0 0 
0 0 0 0.947862 0 0.919385 0 0 
0 0 0 0.943762 0 0 0 0 
0 0 0 0.917445 0 0 0 0 
0 0 0 0 0 0 0 0 
0 0 0 0 0 0 0 0 
