0 0 0 0 0 0 0 0 
0 0 0 0 0 0 0 0 
0 0 0 0 0 0 0 0 
0 0 0 0 0 0 0 0 
0 0 0 0 0 0 0 0 
0 0 0 0 0 0 0 0 
0 0 0 0 0 0 0 0 
0 0 0 0 0 0 0 0 
0 0 0 0 0 0 0 0 
0 0 0 0 0 0 0 0 
0 0 0 0 0 0 0 0 
0 0 0 0 0 0 0 0 
0 0 0 0 0 0 0 0 
0 0 0 0 0 0 0 0 
0 0 0 0 0 0 0 0 
0 0 0 0 0 0 0 0 
0 0 0 0 0 0 0 0 
0 0 0 0 0 0 0 0 
0 0 0 0 0 0 0 0 
0 0 0 0 0 0 0 0 
0 0 0 0 0 0 0 0 
0 0 0 0 0 0 0 0 
0 0 0 0 0 0 0 0 
0 0 0 0 0 0 0 0 
0 0 0 0 0 0 0 0 
0 0 0 0 0 0 0 0 
0 0 0 0 0 0 0 0 
0 0 0 0 0 0 0 0 
0 0 0 0 0 0 0 0 
0 0 0 0 0 0 0 0 
0 0 0 0 0 0 0 0 
0 0 0 0 0 0 0 0 
0 0 0 0 0 0 0 0 
0 0 0 0 0 0 0 0 
0 0 0 0 0 0 0 0 
0 0 0 0 0 0 0 0 
0 0 0 0 0 0 0 0 
0 0 0 0 0 0 0 0 
0 0 0 0 0 0 0 0 
0 0 0 0 0 0 0 0 
0 0 0 0 0 0 0 0 
0 0 0 0 0 0 0 0 
0 0 0 0 0 0 0 0 
0 0 0 0 0 0 0 0 
0 0 0 0 0 0 0 0 
0 0 0 0 0 0 0 0 
0 0 0 0 0 0 0 0 
0 0 0 0 0 0 0 0 
0.924459 0.960282 0.963121 0.971747 0.963724 0.960863 0.970678 0.966319 
0.996978 0.998898 0.998896 0.998095 0.99892 0.998947 0.999861 0.999068 
0.999904 0.999971 0.99997 0.999925 0.999971 0.999973 0.999981 0.999976 
0.999997 0.999999 0.999999 0.999998 0.999999 0.999999 0.999999 0.999999 
1 1 1 1 1 1 1 1 
1 1 1 1 1 1 1 1 
1 1 1 1 1 1 1 1 
1 1 1 1 1 1 1 1 
1 1 1 1 1 1 1 1 
1 1 1 1 1 1 1 1 
1 1 1 1 1 1 1 1 
1 1 1 1 1 1 1 1 
1 1 1 1 1 1 1 1 
1 1 1 1 1 1 1 1 
1 1 1 1 1 1 1 1 
1 1 1 1 1 1 1 1 
1 1 1 1 1 1 1 1 
1 1 1 1 1 1 1 1 
1 1 1 1 1 1 1 1 
1 1 1 1 1 1 1 1 
1 1 1 1 1 1 1 1 
1 1 1 1 1 1 1 1 
1 1 1 1 1 1 1 1 
1 1 1 1 1 1 1 1 
1 1 1 1 1 1 1 1 
1 1 1 1 1 1 1 1 
1 1 1 1 1 1 1 1 
1 1 1 1 1 1 1 1 
1 1 1 1 0.999998 0.999984 0.999998 1 
1 1 1 0.999997 0.999951 0.999355 0.999953 0.999998 
0.999999 1 0.999997 0.999934 0.998694 0.974325 0.998757 0.999952 
0.999981 0.999997 0.999933 0.998674 0.973591 0 0.974757 0.99933 
0.999287 0.999948 0.998659 0.97359 0.971638 0 0.972337 0.997885 
0.972968 0.999272 0.972953 0 0.95274 0 0.945943 0.970778 
0 0.997974 0.946708 0 0.947594 0 0 0.91824 
0 0.972996 0 0 0.944586 0 0 0 
0.921963 0.94677 0 0 0.94511 0 0 0 
0 0 0 0 0.943837 0 0 0 
0.946789 0 0 0 0.92209 0 0 0 
0.972302 0 0 0 0 0 0 0 
0.97295 0 0 0 0 0 0.945955 0.971525 
0.972236 0 0.917472 0 0 0 0.972201 0.972216 
0 0 0.94391 0 0.945995 0.972896 0.997926 0.972913 
0 0 0.943686 0 0.972262 0.99859 0.99922 0.972983 
0 0 0.917446 0 0.973183 0.999274 0.999302 0.973644 
0 0 0 0 0.97301 0.999288 0.999929 0.998705 
0.976116 0 0 0 0.972745 0.999259 0.999926 0.99861 
0.972319 0 0 0 0.946766 0.997433 0.999209 0.973638 
0 0 0 0 0 0.951767 0.997414 0.972917 
0 0 0 0 0 0 0.973522 0.972303 
0 0 0 0 0.944514 0.945884 0.996667 0.973534 
0 0 0 0 0.945886 0 0.974209 0.998129 
0.944433 0 0 0.946655 0.996657 0.974248 0.997979 0.972897 
0 0 0 0.972272 0.999186 0.999227 0.997405 0.946696 
0 0 0 0.972929 0.999217 0.998031 0.948172 0 
0 0 0 0.97226 0.998542 0.973615 0 0 
0 0 0 0.946688 0.99662 0.972937 0 0 
0 0 0 0 0.946596 0.970154 0 0 
0 0 0 0 0 0.918308 0 0 
0 0 0 0 0 0 0 0 
0 0.97298 0.946018 0 0 0 0 0 
0 0.998651 0.972901 0 0 0 0 0 
0 0.999916 0.997975 0.946738 0 0 0 0 
0 0.999986 0.99942 0.972947 0 0 0 0 
0.946763 0.999998 0.999939 0.99803 0.947773 0 0 0 
0.97292 1 0.999996 0.999886 0.997385 0.947365 0 0.925465 
0.996707 1 1 0.999994 0.999868 0.997323 0.946693 0 
0.973627 1 1 1 0.999986 0.999258 0.972974 0 
0.97368 1 1 1 0.999998 0.999949 0.998682 0.974329 
0.998698 1 1 1 1 0.999998 0.999951 0.999356 
0.999952 1 1 1 1 1 0.999998 0.999984 
0.999998 1 1 1 1 1 1 1 
1 1 1 1 1 1 1 1 
1 1 1 1 1 1 1 1 
1 1 1 1 1 1 1 1 
1 1 1 1 1 1 1 1 
1 1 1 1 1 1 1 1 
1 1 1 1 1 1 1 1 
1 1 1 1 1 1 1 1 
1 1 1 1 1 1 1 1 
1 1 1 1 1 1 1 1 
1 1 1 1 1 1 1 1 
1 1 1 1 1 1 1 1 
1 1 1 1 1 1 1 1 
1 1 1 1 1 1 1 1 
1 1 1 1 1 1 1 1 
1 1 1 1 1 1 1 1 
1 1 1 1 1 1 1 1 
1 1 1 1 1 1 0.999999 0.999984 
0.999999 1 1 1 1 0.999998 0.999977 0.999356 
0.999959 1 1 1 0.999998 0.999952 0.998709 0.974324 
0.998746 1 1 1 0.999982 0.99932 0.973628 0 
0.974443 1 1 0.999999 0.999979 0.999239 0.972293 0 
0.97304 1 1 0.999998 0.999932 0.99802 0.94669 0 
0.972305 1 0.999999 0.999981 0.999324 0.981817 0 0 
0.946791 0.999999 0.999998 0.999932 0.997988 0.946766 0 0 
0 0.999981 0.999981 0.999322 0.973648 0 0 0.946006 
0.972216 0.999287 0.99993 0.999306 0.973199 0 0 0.972167 
0.972216 0.972968 0.998625 0.999237 0.972988 0 0 0.918587 
0 0 0.972932 0.998559 0.972965 0 0 0 
0 0 0.946688 0.997302 0.973555 0 0 0 
0 0 0 0.973555 0.997299 0.94665 0 0 
0 0 0 0.972956 0.998475 0.971561 0 0 
0.919096 0 0 0.972327 0.997226 0.946649 0 0 
0 0 0 0.94597 0.971473 0 0 0 
0 0 0 0 0.945184 0 0 0 
0 0 0 0 0.944506 0.952278 0 0 
0 0 0.91665 0 0 0.944486 0 0 
0 0 0.91665 0 0 0.944456 0 0.888868 
0 0 0 0 0 0.945192 0 0 
0 0 0 0 0.945976 0.971005 0 0 
0 0 0 0 0.971552 0.973163 0 0 
0 0 0.91665 0 0.970794 0.945997 0 0.888868 
0 0 0.91665 0 0.945165 0 0 0 
0 0 0 0 0.944453 0 0.917445 0 
0 0 0 0 0.944434 0 0.943683 0 
0 0 0 0 0.944453 0 0.944454 0 
0 0 0 0 0.945168 0 0.945901 0 
0 0.920275 0 0 0.970875 0.973603 0.997325 0.973609 
0.972968 0 0 0 0.946634 0.997359 0.999835 0.999317 
0.999287 0 0 0 0 0.974232 0.999348 0.999966 
0.999981 0 0 0 0.918998 0.996656 0.999883 0.999994 
0.999985 0 0 0.923269 0 0.973573 0.999315 0.999937 
0.999807 0 0.918179 0.968762 0 0.972291 0.999197 0.99864 
0.972974 0.946764 0 0.945858 0 0.946669 0.996856 0.973534 
0 0.97298 0 0.971541 0.946634 0 0.94663 0.970883 
0 0.998767 0.97432 0.99853 0.996748 0.947337 0 0.94588 
0 0.999955 0.999307 0.998732 0.977061 0.996696 0.946603 0.970155 
0 0.999981 0.999306 0.973662 0 0.946663 0 0.945927 
0 0.999983 0.999322 0.973662 0 0.972287 0.973057 0.971671 
0 0.999998 0.99995 0.998695 0.974332 0.999162 0.998708 0.978402 
0 1 0.999998 0.999952 0.99936 0.999944 0.999273 0.973074 
0 1 1 0.999998 0.999984 0.999981 0.999321 0.973645 
0 1 1 1 1 0.999998 0.99995 0.998664 
0.972968 1 1 1 1 1 0.999998 0.999949 
0.999287 1 1 1 1 1 1 0.999998 
0.999981 1 1 1 1 1 1 1 
0.999999 1 1 1 1 1 0.999999 0.999988 
0.999981 1 1 1 1 0.999998 0.999963 0.999426 
0.999287 1 1 1 0.999998 0.99995 0.998679 0.973649 
0.972968 1 1 1 0.999983 0.999323 0.973738 0 
0 0.999981 0.999998 0.999999 0.999982 0.999383 0.977624 0 
0 0.99929 0.999949 0.999997 0.999983 0.999319 0.973046 0 
0.919096 0.972984 0.998663 0.999949 0.999976 0.999223 0.972275 0 
0 0 0.973644 0.999317 0.999865 0.997322 0.946671 0 
0 0 0.972983 0.999224 0.997998 0.947382 0 0 
0 0 0.972934 0.998626 0.973594 0 0 0 
0 0 0.972254 0.998489 0.972342 0 0 0 
0 0 0.946634 0.995993 0.947955 0 0 0 
0 0.946018 0 0.945864 0 0.917506 0 0 
0.947728 0.946019 0 0.944474 0 0.94506 0 0.919009 
0.996366 0 0 0.944472 0.945805 0.993872 0.918916 0 
0.973643 0 0 0 0 0.946496 0 0 
0.980365 0 0 0 0 0.969397 0.918201 0 
0.946792 0.949137 0 0 0.944452 0.945126 0 0 
0 0.972401 0 0 0.944434 0 0 0 
0.948555 0.97299 0 0 0.944443 0 0 0 
0.972379 0.973644 0 0 0.944501 0 0 0 
0.972971 0.997986 0.946774 0 0.944444 0 0 0 
0.972987 0.99932 0.978018 0 0.944455 0 0.918347 0 
0.973006 0.999288 0.973033 0 0.945191 0 0.945212 0 
0.973668 0.999288 0.972968 0 0.971536 0.972881 0.997269 0.974282 
0.998703 0.999288 0.972969 0 0.97151 0.972921 0.99861 0.999305 
0.999951 0.999291 0.973026 0 0.945186 0 0.974063 0.999337 
0.999994 0.999343 0.973897 0 0.944475 0 0.973038 0.999293 
0.999982 0.999291 0.973026 0 0.945187 0 0.973646 0.999322 
0.999983 0.999288 0.97297 0 0.97156 0.973595 0.998677 0.99995 
0.999998 0.999288 0.97297 0 0.972914 0.998642 0.999935 0.999997 
1 0.999291 0.973012 0 0.972966 0.999271 0.99998 0.999999 
1 0.999291 0.973161 0 0.972968 0.999287 0.999982 1 
1 0.997973 0.946749 0 0.972973 0.999288 0.999981 0.999999 
1 0.972987 0 0 0.973019 0.999293 0.999982 0.999998 
0.999984 0.947162 0 0 0.973212 0.99931 0.99998 0.999951 
0.999328 0 0 0 0.972991 0.999288 0.999931 0.998661 
0.972971 0.946746 0 0 0.972969 0.999274 0.999302 0.973643 
0 0.972314 0 0 0.972972 0.999808 0.999258 0.972984 
0 0.973631 0 0 0.972912 0.998595 0.998591 0.972937 
0.972262 0.998035 0.946755 0 0.971541 0.972896 0.972252 0 
0.973005 0.999243 0.972423 0 0.945187 0 0.945959 0 
0.973665 0.998637 0.972965 0 0.944476 0 0.97153 0.972937 
0.998616 0.972951 0.972433 0 0.945187 0 0.97155 0.972899 
0.997971 0 0.972277 0.972877 0.971541 0 0.945837 0 
0.947457 0 0.972945 0.997934 0.972928 0 0.944551 0 
0 0 0.972954 0.99859 0.973354 0 0.952469 0 
0 0 0.97295 0.998577 0.972982 0 0.943733 0 
0 0 0.97302 0.998578 0.972949 0 0.917446 0 
0 0 0.974336 0.998643 0.972951 0 0 0 
0 0 0.97302 0.998578 0.972952 0 0 0 
0 0 0.972962 0.998575 0.972948 0 0 0 
0 0 0.981965 0.998558 0.972929 0 0.917445 0 
0 0 0.94676 0.997291 0.972209 0 0.943682 0 
0 0 0 0.971518 0.945955 0 0.944415 0 
0 0 0 0.945412 0 0 0.944475 0 
0 0 0 0.917534 0 0 0.944879 0 
0 0 0 0 0 0 0.944473 0 
0 0 0 0 0 0.945394 0.944497 0 
0 0 0 0.917444 0 0.943745 0 0 
0 0 0 0.943661 0 0.917447 0 0 
0 0 0 0.943661 0 0 0 0 
0 0 0 0.917444 0 0 0 0 
0 0 0 0 0 0 0 0 
0 0 0 0 0 0 0 0 
