0 0 0 0 0 0 0 0 
0 0 0 0 0 0 0 0 
0 0 0 0 0 0 0 0 
0 0 0 0 0 0 0 0 
0 0 0 0 0 0 0 0 
0 0 0 0 0 0 0 0 
0 0 0 0 0 0 0 0 
0 0 0 0 0 0 0 0 
0 0 0 0 0 0 0 0 
0 0 0 0 0 0 0 0 
0 0 0 0 0 0 0 0 
0 0 0 0 0 0 0 0 
0 0 0 0 0 0 0 0 
0 0 0 0 0 0 0 0 
0 0 0 0 0 0 0 0 
0 0 0 0 0 0 0 0 
0 0 0 0 0 0 0 0 
0 0 0 0 0 0 0 0 
0 0 0 0 0 0 0 0 
0 0 0 0 0 0 0 0 
0 0 0 0 0 0 0 0 
0 0 0 0 0 0 0 0 
0 0 0 0 0 0 0 0 
0 0 0 0 0 0 0 0 
0 0 0 0 0 0 0 0 
0 0 0 0 0 0 0 0 
0 0 0 0 0 0 0 0 
0 0 0 0 0 0 0 0 
0 0 0 0 0 0 0 0 
0 0 0 0 0 0 0 0 
0 0 0 0 0 0 0 0 
0 0 0 0 0 0 0 0 
0 0 0 0 0 0 0 0 
0 0 0 0 0 0 0 0 
0 0 0 0 0 0 0 0 
0 0 0 0 0 0 0 0 
0 0 0 0 0 0 0 0 
0 0 0 0 0 0 0 0 
0 0 0 0 0 0 0 0 
0 0 0 0 0 0 0 0 
0 0 0 0 0 0 0 0 
0 0 0 0 0 0 0 0 
0 0 0 0 0 0 0 0 
0 0 0 0 0 0 0 0 
0 0 0 0 0 0 0 0 
0 0 0 0 0 0 0 0 
0 0 0 0 0 0 0 0 
0 0 0 0 0 0 0 0 
0.884715 0.725364 0.908529 0.949503 0.9224 0.9113 0.946767 0.958601 
0.986512 0.828824 0.965627 0.970011 0.958838 0.984522 0.987474 0.992264 
0.979158 0.726508 0.925721 0.95747 0.973167 0.990516 0.979546 0.972091 
0.910011 0.898683 0.967142 0.938812 0.927522 0.964289 0.923199 0.92304 
0.843375 0.969284 0.989763 0.980554 0.899919 0.848258 0.715707 0.858233 
0.955334 0.934854 0.982704 0.983963 0.940924 0.781399 0.739694 0.929352 
0.973571 0.949687 0.988928 0.993717 0.977429 0.914122 0.907753 0.976937 
0.993723 0.976647 0.99247 0.98831 0.967441 0.964405 0.971822 0.992894 
0.998294 0.909494 0.969939 0.962464 0.975457 0.990134 0.987227 0.991656 
0.997649 0.657006 0.874748 0.942482 0.986579 0.996743 0.996466 0.995582 
0.99801 0.608568 0.771723 0.917346 0.978021 0.995362 0.999208 0.994665 
0.991942 0.912355 0.92894 0.969043 0.972146 0.989264 0.992506 0.980185 
0.970001 0.986189 0.986681 0.999909 0.986215 0.973055 0.980707 0.937691 
0.911327 0.996939 0.996192 0.999699 0.994555 0.985288 0.990998 0.976329 
0.975585 0.987903 0.989493 0.994451 0.991006 0.991298 0.996273 0.995147 
0.995867 0.944043 0.968026 0.981805 0.984419 0.995095 0.998694 0.999026 
0.999108 0.963237 0.963934 0.983244 0.977732 0.99041 0.997363 0.998904 
0.999869 0.992597 0.990953 0.994294 0.987492 0.976655 0.989362 0.994766 
0.989853 0.998156 0.999951 0.999335 0.976927 0.939547 0.961266 0.972691 
0.940382 0.995196 0.997331 0.993685 0.990463 0.976982 0.95938 0.928795 
0.880194 0.982064 0.995058 0.996132 0.997313 0.994425 0.984862 0.971585 
0.961982 0.960952 0.991058 0.999581 0.998487 0.997696 0.98798 0.949934 
0.897139 0.965921 0.993197 0.998191 0.997062 0.993303 0.96849 0.844553 
0.574926 0.929193 0.985695 0.99517 0.99438 0.9885 0.947007 0.71538 
0.261275 0.933045 0.984556 0.989283 0.992869 0.984357 0.964409 0.803196 
0.330247 0.90455 0.965175 0.975046 0.977782 0.947729 0.960464 0.836667 
0.481339 0.949449 0.985691 0.99057 0.974057 0.896237 0.86126 0.712734 
0.766483 0.986779 0.995745 0.99919 0.986881 0.933462 0.813748 0.881681 
0.957256 0.992759 0.991289 0.992304 0.969659 0.876522 0.889458 0.970798 
0.99251 0.983118 0.976227 0.984386 0.941686 0.837578 0.946954 0.989311 
0.997713 0.979877 0.972833 0.954075 0.842 0.646126 0.909268 0.97327 
0.992625 0.983271 0.986008 0.949574 0.777419 0 0.867267 0.90697 
0.958206 0.950248 0.955662 0.847958 0.834007 0 0.930871 0.864099 
0.75804 0.978434 0.910243 0 0.917897 0 0.801497 0.564397 
0 0.990864 0.920973 0 0.938914 0 0 0.139713 
0 0.950999 0 0 0.938245 0 0 0 
0 0.824419 0 0 0.940824 0 0 0 
0 0 0 0 0.927955 0 0 0 
0.944109 0 0 0 0.833204 0 0 0 
0.968142 0 0 0 0 0 0 0 
0.956656 0 0 0 0 0 0.939616 0.965659 
0.955559 0 0.911544 0 0 0 0.947068 0.9511 
0 0 0.941297 0 0.944555 0.953581 0.950349 0.898248 
0 0 0.93482 0 0.969557 0.993846 0.984356 0.941105 
0 0 0.874294 0 0.969805 0.997412 0.995306 0.967031 
0 0 0 0 0.962841 0.994602 0.996592 0.996082 
0.965024 0 0 0 0.94872 0.981131 0.990652 0.993247 
0.955487 0 0 0 0.860709 0.96023 0.997745 0.95798 
0 0 0 0 0 0.843161 0.971452 0.937198 
0 0 0 0 0 0 0.965424 0.961786 
0 0 0 0 0.925803 0.937566 0.993827 0.969323 
0 0 0 0 0.941064 0 0.970747 0.992776 
0.932174 0 0 0.942992 0.994276 0.967565 0.983643 0.958784 
0 0 0 0.970541 0.992975 0.978357 0.930075 0.880001 
0 0 0 0.951534 0.976416 0.958693 0.765836 0 
0 0 0 0.910825 0.976022 0.963588 0 0 
0 0 0 0.915813 0.986882 0.96934 0 0 
0 0 0 0 0.923535 0.958298 0 0 
0 0 0 0 0 0.861095 0 0 
0 0 0 0 0 0 0 0 
0 0.943753 0.859779 0 0 0 0 0 
0 0.993236 0.95846 0 0 0 0 0 
0 0.998877 0.994553 0.93639 0 0 0 0 
0 0.998399 0.998995 0.969929 0 0 0 0 
0.912973 0.997506 0.99886 0.996061 0.940034 0 0 0 
0.962941 0.998168 0.997771 0.99637 0.986588 0.936707 0 0.90646 
0.992783 0.999592 0.998407 0.996945 0.993818 0.992517 0.93438 0 
0.963119 0.999135 0.998227 0.998107 0.994298 0.988613 0.946062 0 
0.936114 0.996431 0.996568 0.995095 0.983928 0.977057 0.982953 0.945464 
0.983749 0.991887 0.996549 0.991692 0.981819 0.984176 0.99398 0.989118 
0.994922 0.968554 0.988584 0.973686 0.931011 0.967917 0.986267 0.973055 
0.981113 0.926506 0.978184 0.97096 0.96333 0.985965 0.988528 0.963196 
0.90924 0.9655 0.991838 0.992986 0.999397 0.995695 0.995269 0.984111 
0.905831 0.950028 0.990222 0.996581 0.993272 0.989671 0.988709 0.973645 
0.890829 0.839204 0.964023 0.989252 0.98386 0.967598 0.981651 0.989853 
0.968316 0.557349 0.874163 0.966183 0.989378 0.971263 0.988867 0.995875 
0.990449 0.558605 0.723932 0.910192 0.946464 0.916835 0.970053 0.995532 
0.976466 0.899406 0.903901 0.962277 0.921161 0.875304 0.953762 0.979763 
0.981887 0.96738 0.972823 0.988124 0.970195 0.959738 0.97256 0.992301 
0.996197 0.992828 0.98123 0.977558 0.95923 0.979513 0.986026 0.995821 
0.999901 0.997611 0.991269 0.973483 0.979208 0.993923 0.995066 0.995253 
0.998505 0.995696 0.994814 0.984526 0.982418 0.995331 0.997704 0.996628 
0.998592 0.994803 0.997645 0.994211 0.988599 0.995385 0.994561 0.988615 
0.993421 0.98568 0.995514 0.999186 0.97624 0.986787 0.984826 0.963955 
0.964423 0.957267 0.987005 0.984834 0.966835 0.988459 0.99342 0.980594 
0.927947 0.978982 0.99381 0.993881 0.984786 0.993899 0.997511 0.992104 
0.966592 0.991999 0.997094 0.993606 0.978375 0.987793 0.996819 0.986208 
0.974266 0.979963 0.992743 0.98196 0.955311 0.978526 0.975411 0.976326 
0.992306 0.963741 0.990076 0.976284 0.940632 0.930009 0.906206 0.960488 
0.994111 0.981638 0.994549 0.992996 0.98405 0.960911 0.925903 0.977468 
0.995395 0.99302 0.997905 0.99764 0.995117 0.979349 0.923176 0.924281 
0.982004 0.982235 0.994838 0.994868 0.992974 0.967555 0.822026 0 
0.883096 0.930603 0.98258 0.993113 0.995481 0.98016 0.873241 0 
0.529252 0.921478 0.983117 0.994958 0.99199 0.958627 0.744263 0 
0.131165 0.972066 0.993933 0.998045 0.994478 0.939182 0 0 
0.123989 0.987897 0.9966 0.996078 0.980771 0.863893 0 0 
0 0.994853 0.999189 0.994309 0.950724 0 0 0.936234 
0.93584 0.983032 0.994146 0.984035 0.905159 0 0 0.926301 
0.770775 0.898777 0.970501 0.96256 0.839364 0 0 0.733691 
0 0 0.926796 0.981589 0.925171 0 0 0 
0 0 0.864959 0.983013 0.957567 0 0 0 
0 0 0 0.970292 0.992933 0.930157 0 0 
0 0 0 0.967475 0.994707 0.952913 0 0 
0.904009 0 0 0.94186 0.986273 0.921015 0 0 
0 0 0 0.801482 0.931146 0 0 0 
0 0 0 0 0.912716 0 0 0 
0 0 0 0 0.877813 0.897301 0 0 
0 0 0.913323 0 0 0.938237 0 0 
0 0 0.905408 0 0 0.942563 0 0.877613 
0 0 0 0 0 0.942791 0 0 
0 0 0 0 0.942657 0.967437 0 0 
0 0 0 0 0.964982 0.956366 0 0 
0 0 0.909964 0 0.962754 0.884705 0 0.868385 
0 0 0.890951 0 0.931586 0 0 0 
0 0 0 0 0.909985 0 0.908407 0 
0 0 0 0 0.934295 0 0.894645 0 
0 0 0 0 0.941385 0 0.834362 0 
0 0 0 0 0.936452 0 0.902811 0 
0 0.906828 0 0 0.949319 0.967094 0.990288 0.966849 
0.97061 0 0 0 0.913978 0.990938 0.997631 0.996986 
0.998462 0 0 0 0 0.968266 0.995639 0.996328 
0.998529 0 0 0 0.912768 0.992937 0.998279 0.992724 
0.99388 0 0 0.906502 0 0.962304 0.992869 0.993195 
0.980385 0 0.905986 0.963636 0 0.915637 0.966563 0.969362 
0.896613 0.900307 0 0.933252 0 0.733153 0.838817 0.847703 
0 0.961724 0 0.94514 0.936082 0 0.64767 0.866532 
0 0.982013 0.924761 0.924066 0.954637 0.830955 0 0.924255 
0 0.994696 0.981003 0.950374 0.875093 0.955104 0.93038 0.963483 
0 0.997641 0.994196 0.958247 0 0.934241 0 0.928453 
0 0.996272 0.997194 0.96942 0 0.942423 0.886645 0.926826 
0 0.990777 0.994144 0.98203 0.915648 0.971086 0.96736 0.904822 
0 0.993468 0.987593 0.975716 0.966702 0.989544 0.992155 0.952256 
0 0.964361 0.972261 0.989249 0.991479 0.997248 0.997234 0.965019 
0 0.868886 0.96069 0.988479 0.996458 0.998791 0.999697 0.988544 
0.946271 0.738352 0.929455 0.982785 0.99259 0.997781 0.997477 0.98839 
0.954312 0.905671 0.968791 0.991415 0.993139 0.997843 0.998208 0.99407 
0.984152 0.980568 0.960016 0.974053 0.976977 0.9923 0.994298 0.989051 
0.993965 0.994439 0.974602 0.918487 0.902248 0.958136 0.963847 0.953248 
0.973699 0.995913 0.97876 0.903436 0.865362 0.85465 0.878677 0.91129 
0.84498 0.997493 0.986324 0.959293 0.9644 0.919971 0.925942 0.742903 
0.446813 0.993103 0.981389 0.991625 0.991998 0.978976 0.960262 0 
0 0.965103 0.971687 0.990172 0.99558 0.990599 0.966668 0 
0 0.87368 0.969196 0.995474 0.993463 0.974795 0.949636 0 
0.877643 0.630422 0.927481 0.983728 0.975933 0.898264 0.829504 0 
0 0 0.935175 0.98918 0.96524 0.797194 0.469128 0 
0 0 0.952953 0.992295 0.965255 0.719999 0 0 
0 0 0.961495 0.99543 0.961387 0 0 0 
0 0 0.958802 0.994471 0.957441 0 0 0 
0 0 0.908236 0.983253 0.911395 0 0 0 
0 0.923179 0 0.901526 0 0.892273 0 0 
0.918582 0.83623 0 0.678566 0 0.935577 0 0.902517 
0.988496 0 0 0.720931 0.910282 0.989104 0.896295 0 
0.954159 0 0 0 0 0.93367 0 0 
0.839226 0 0 0 0 0.904193 0.879307 0 
0.470337 0.926849 0 0 0.908165 0.776337 0 0 
0 0.968232 0 0 0.939211 0 0 0 
0.939764 0.962119 0 0 0.93197 0 0 0 
0.932007 0.946217 0 0 0.868004 0 0 0 
0.714336 0.985374 0.918586 0 0.87354 0 0 0 
0.293946 0.968308 0.963628 0 0.930052 0 0.891897 0 
0.54806 0.968036 0.968212 0 0.911716 0 0.940132 0 
0.878233 0.934541 0.962032 0 0.910831 0.942303 0.99189 0.956306 
0.981609 0.811971 0.932123 0 0.926213 0.932692 0.9932 0.999822 
0.996299 0.960225 0.917302 0 0.936111 0 0.968386 0.995274 
0.998752 0.991583 0.931252 0 0.922931 0 0.966149 0.990607 
0.999553 0.985717 0.919402 0 0.902606 0 0.975852 0.988082 
0.98956 0.969337 0.957141 0 0.957862 0.932813 0.989621 0.994892 
0.988045 0.946496 0.964196 0 0.966847 0.966761 0.98011 0.993498 
0.99142 0.865991 0.947963 0 0.95994 0.975041 0.96035 0.993406 
0.987756 0.617149 0.858826 0 0.904302 0.913589 0.957483 0.987644 
0.99438 0.605589 0.520869 0 0.838261 0.934044 0.986098 0.994463 
0.986076 0.156092 0 0 0.904157 0.973365 0.995629 0.997436 
0.988468 0.0314671 0 0 0.962908 0.994582 0.997222 0.995335 
0.976759 0 0 0 0.95126 0.992484 0.996619 0.988971 
0.874512 0.934487 0 0 0.898207 0.989114 0.989876 0.937001 
0 0.972029 0 0 0.792779 0.969783 0.969156 0.839306 
0 0.967579 0 0 0.680009 0.932764 0.977243 0.850446 
0.94429 0.977004 0.77402 0 0.848904 0.887589 0.962135 0 
0.96262 0.98951 0.901291 0 0.913604 0 0.930251 0 
0.977924 0.972185 0.952192 0 0.939281 0 0.892413 0.80606 
0.984754 0.855443 0.960558 0 0.935754 0 0.871858 0.713548 
0.951174 0 0.963525 0.905053 0.930427 0 0.920623 0 
0.674973 0 0.956325 0.912413 0.927423 0 0.940226 0 
0 0 0.962045 0.955226 0.927204 0 0.932334 0 
0 0 0.969605 0.989033 0.963083 0 0.85537 0 
0 0 0.968304 0.996255 0.970991 0 0.429024 0 
0 0 0.960946 0.996288 0.970531 0 0 0 
0 0 0.949248 0.993806 0.963263 0 0 0 
0 0 0.955191 0.994606 0.958055 0 0 0 
0 0 0.949261 0.993466 0.951847 0 0.91373 0 
0 0 0.828076 0.978342 0.881401 0 0.935822 0 
0 0 0 0.917779 0.655323 0 0.945095 0 
0 0 0 0.685017 0 0 0.941753 0 
0 0 0 0.237206 0 0 0.942664 0 
0 0 0 0 0 0 0.937998 0 
0 0 0 0 0 0.939619 0.927476 0 
0 0 0 0.793366 0 0.916148 0 0 
0 0 0 0.934429 0 0.637335 0 0 
0 0 0 0.935683 0 0 0 0 
0 0 0 0.859355 0 0 0 0 
0 0 0 0 0 0 0 0 
0 0 0 0 0 0 0 0 
