0 0 0 0 0 0 0 0 
0 0 0 0 0 0 0 0 
0 0 0 0 0 0 0 0 
0 0 0 0 0 0 0 0 
0 0 0 0 0 0 0 0 
0 0 0 0 0 0 0 0 
0 0 0 0 0 0 0 0 
0 0 0 0 0 0 0 0 
0 0 0 0 0 0 0 0 
0 0 0 0 0 0 0 0 
0 0 0 0 0 0 0 0 
0 0 0 0 0 0 0 0 
0 0 0 0 0 0 0 0 
0 0 0 0 0 0 0 0 
0 0 0 0 0 0 0 0 
0 0 0 0 0 0 0 0 
0 0 0 0 0 0 0 0 
0 0 0 0 0 0 0 0 
0 0 0 0 0 0 0 0 
0 0 0 0 0 0 0 0 
0 0 0 0 0 0 0 0 
0 0 0 0 0 0 0 0 
0 0 0 0 0 0 0 0 
0 0 0 0 0 0 0 0 
0 0 0 0 0 0 0 0 
0 0 0 0 0 0 0 0 
0 0 0 0 0 0 0 0 
0 0 0 0 0 0 0 0 
0 0 0 0 0 0 0 0 
0 0 0 0 0 0 0 0 
0 0 0 0 0 0 0 0 
0 0 0 0 0 0 0 0 
0 0 0 0 0 0 0 0 
0 0 0 0 0 0 0 0 
0 0 0 0 0 0 0 0 
0 0 0 0 0 0 0 0 
0 0 0 0 0 0 0 0 
0 0 0 0 0 0 0 0 
0 0 0 0 0 0 0 0 
0 0 0 0 0 0 0 0 
0 0 0 0 0 0 0 0 
0 0 0 0 0 0 0 0 
0 0 0 0 0 0 0 0 
0 0 0 0 0 0 0 0 
0 0 0 0 0 0 0 0 
0 0 0 0 0 0 0 0 
0 0 0 0 0 0 0 0 
0 0 0 0 0 0 0 0 
0.939927 0.961778 0.961312 0.964217 0.968439 0.964107 0.965111 0.965106 
0.998098 0.998911 0.998893 0.998965 0.998979 0.999179 0.999739 0.999026 
0.999935 0.999971 0.999972 0.999973 0.999988 0.999981 0.999982 0.999976 
0.999998 0.999999 0.999999 0.999999 1 0.999999 0.999999 0.999999 
1 1 1 1 1 1 1 1 
1 1 1 1 1 1 1 1 
1 1 1 1 1 1 1 1 
1 1 1 1 1 1 1 1 
1 1 1 1 1 1 1 1 
1 1 1 1 1 1 1 1 
1 1 1 1 1 1 1 1 
1 1 1 1 1 1 1 1 
1 1 1 1 1 1 1 1 
1 1 1 1 1 1 1 1 
1 1 1 1 1 1 1 1 
1 1 1 1 1 1 1 1 
1 1 1 1 1 1 1 1 
1 1 1 1 1 1 1 1 
1 1 1 1 1 1 1 1 
1 1 1 1 1 1 1 1 
1 1 1 1 1 1 1 1 
1 1 1 1 1 1 1 1 
1 1 1 1 1 1 1 1 
1 1 1 1 1 1 1 1 
1 1 1 1 1 1 1 1 
1 1 1 1 1 1 1 1 
1 1 1 1 1 1 1 1 
1 1 1 1 1 1 1 1 
1 1 1 1 0.999998 0.999989 0.999998 1 
1 1 1 0.999997 0.999957 0.99966 0.999957 0.999998 
0.999999 1 0.999997 0.999943 0.998694 0.974326 0.998694 0.999949 
0.999982 0.999998 0.999943 0.998842 0.9736 0 0.973624 0.99927 
0.999307 0.999952 0.998696 0.973601 0.971577 0 0.972238 0.997895 
0.973169 0.999327 0.973441 0 0.945187 0 0.945935 0.970778 
0 0.998782 0.948582 0 0.944454 0 0 0.91824 
0 0.972975 0 0 0.944433 0 0 0 
0.919096 0.946764 0 0 0.944412 0 0 0 
0 0 0 0 0.943682 0 0 0 
0.946746 0 0 0 0.917445 0 0 0 
0.972296 0 0 0 0 0 0 0 
0.97295 0 0 0 0 0 0.94755 0.977238 
0.972236 0 0.91745 0 0 0 0.972279 0.972305 
0 0 0.943694 0 0.946002 0.972905 0.99793 0.972913 
0 0 0.943676 0 0.972291 0.998611 0.999222 0.972982 
0 0 0.917515 0 0.973133 0.999272 0.999302 0.973642 
0 0 0 0 0.972969 0.999285 0.999928 0.99867 
0.97952 0 0 0 0.972275 0.99922 0.999924 0.998609 
0.97228 0 0 0 0.946671 0.997313 0.999205 0.973638 
0 0 0 0 0 0.947439 0.997327 0.972917 
0 0 0 0 0 0 0.973525 0.972303 
0 0 0 0 0.946708 0.946368 0.996714 0.973511 
0 0 0 0 0.948506 0 0.974184 0.996695 
0.952811 0 0 0.946655 0.99673 0.974245 0.997964 0.972922 
0 0 0 0.972364 0.999188 0.999237 0.997325 0.94752 
0 0 0 0.975535 0.999322 0.998903 0.9474 0 
0 0 0 0.972352 0.998544 0.97362 0 0 
0 0 0 0.946654 0.996608 0.97284 0 0 
0 0 0 0 0.946622 0.970137 0 0 
0 0 0 0 0 0.918221 0 0 
0 0 0 0 0 0 0 0 
0 0.97295 0.946013 0 0 0 0 0 
0 0.998642 0.9729 0 0 0 0 0 
0 0.999916 0.997972 0.946709 0 0 0 0 
0 0.999981 0.999271 0.972935 0 0 0 0 
0.946763 0.999998 0.999932 0.998 0.947385 0 0 0 
0.97292 1 0.999995 0.999884 0.997357 0.947388 0 0.918997 
0.996628 1 1 0.999996 0.999886 0.999019 0.946715 0 
0.973627 1 1 0.999999 0.999978 0.999274 0.972953 0 
0.973693 1 1 1 0.999998 0.999948 0.998678 0.974335 
0.999115 1 1 1 1 0.999998 0.999952 0.999373 
0.999992 1 1 1 1 1 0.999999 0.999985 
0.999999 1 1 1 1 1 1 1 
1 1 1 1 1 1 1 1 
1 1 1 1 1 1 1 1 
1 1 1 1 1 1 1 1 
1 1 1 1 1 1 1 1 
1 1 1 1 1 1 1 1 
1 1 1 1 1 1 1 1 
1 1 1 1 1 1 1 1 
1 1 1 1 1 1 1 1 
1 1 1 1 1 1 1 1 
1 1 1 1 1 1 1 1 
1 1 1 1 1 1 1 1 
1 1 1 1 1 1 1 1 
1 1 1 1 1 1 1 1 
1 1 1 1 1 1 1 1 
1 1 1 1 1 1 1 1 
1 1 1 1 1 1 1 1 
1 1 1 1 1 1 0.999999 0.999989 
0.999999 1 1 1 1 0.999998 0.999955 0.999414 
0.999955 1 1 1 0.999998 0.999952 0.998754 0.975372 
0.998756 1 1 1 0.999982 0.99932 0.97363 0 
0.973664 1 1 0.999999 0.999979 0.999239 0.972294 0 
0.972987 1 1 0.999998 0.999933 0.997967 0.94669 0 
0.972297 1 1 0.999986 0.999291 0.972936 0 0 
0.946747 1 0.999998 0.999935 0.998025 0.946709 0 0 
0 0.999983 0.999982 0.999359 0.974172 0 0 0.945928 
0.972318 0.999306 0.999932 0.99929 0.97303 0 0 0.9701 
0.972229 0.97297 0.998629 0.999236 0.972969 0 0 0.91822 
0 0 0.972979 0.998562 0.972964 0 0 0 
0 0 0.947335 0.997345 0.973556 0 0 0 
0 0 0 0.973556 0.997308 0.946651 0 0 
0 0 0 0.972952 0.998651 0.971571 0 0 
0.919096 0 0 0.972214 0.997373 0.946661 0 0 
0 0 0 0.945954 0.971483 0 0 0 
0 0 0 0 0.945184 0 0 0 
0 0 0 0 0.944454 0.944433 0 0 
0 0 0.91665 0 0 0.944434 0 0 
0 0 0.91665 0 0 0.944453 0 0.888883 
0 0 0 0 0 0.945165 0 0 
0 0 0 0 0.945914 0.970791 0 0 
0 0 0 0 0.97147 0.971473 0 0 
0 0 0.916674 0 0.970837 0.945922 0 0.888868 
0 0 0.91666 0 0.945817 0 0 0 
0 0 0 0 0.944853 0 0.917445 0 
0 0 0 0 0.95386 0 0.943686 0 
0 0 0 0 0.944571 0 0.944453 0 
0 0 0 0 0.945181 0 0.945901 0 
0 0.919096 0 0 0.970962 0.973505 0.997315 0.973611 
0.972968 0 0 0 0.950965 0.997471 0.999837 0.999318 
0.999287 0 0 0 0 0.974447 0.999369 0.999967 
0.999981 0 0 0 0.919638 0.99672 0.99989 0.999994 
0.999981 0 0 0.91818 0 0.973579 0.999845 0.999935 
0.999291 0 0.918178 0.968666 0 0.97229 0.999175 0.998641 
0.97299 0.946764 0 0.945857 0 0.946659 0.996639 0.973518 
0 0.972973 0 0.971548 0.946637 0 0.946613 0.970882 
0 0.998679 0.974321 0.999714 0.996837 0.953131 0 0.94588 
0 0.999949 0.999308 0.998683 0.97418 0.995521 0.946561 0.970151 
0 0.999982 0.999341 0.974128 0 0.946619 0 0.945901 
0 0.999983 0.999325 0.9737 0 0.972256 0.972905 0.971648 
0 0.999998 0.999951 0.998699 0.974323 0.998635 0.998789 0.975148 
0 1 0.999998 0.999955 0.999415 0.999935 0.999281 0.973072 
0 1 1 0.999999 0.999987 0.999981 0.999321 0.973645 
0 1 1 1 1 0.999998 0.999949 0.998661 
0.972968 1 1 1 1 1 0.999997 0.999949 
0.999289 1 1 1 1 1 1 0.999998 
0.999981 1 1 1 1 1 1 1 
0.999999 1 1 1 1 1 0.999998 0.999983 
0.999991 1 1 1 1 0.999998 0.99995 0.999324 
0.999324 1 1 1 0.999999 0.999957 0.99868 0.97368 
0.973437 1 1 1 0.99999 0.999497 0.973652 0 
0 0.999982 0.999998 0.999999 0.999982 0.999297 0.972985 0 
0 0.999295 0.999949 0.999997 0.999981 0.999286 0.97295 0 
0.919096 0.973028 0.998668 0.999952 0.999976 0.999221 0.972274 0 
0 0 0.973645 0.999317 0.999866 0.997321 0.946671 0 
0 0 0.973002 0.999224 0.998001 0.947382 0 0 
0 0 0.973112 0.998635 0.973616 0 0 0 
0 0 0.972283 0.998687 0.972286 0 0 0 
0 0 0.94666 0.996363 0.94666 0 0 0 
0 0.946018 0 0.94589 0 0.917485 0 0 
0.947402 0.946018 0 0.944474 0 0.945057 0 0.919141 
0.996004 0 0 0.944472 0.945805 0.993872 0.918916 0 
0.973576 0 0 0 0 0.946498 0 0 
0.972313 0 0 0 0 0.969479 0.918202 0 
0.946746 0.946746 0 0 0.94502 0.946826 0 0 
0 0.972318 0 0 0.944476 0 0 0 
0.946745 0.973191 0 0 0.944435 0 0 0 
0.972297 0.973667 0 0 0.944438 0 0 0 
0.972969 0.99804 0.94751 0 0.944467 0 0 0 
0.972987 0.999308 0.972421 0 0.944462 0 0.917488 0 
0.973005 0.999376 0.97526 0 0.945224 0 0.94518 0 
0.973665 0.999291 0.973056 0 0.971928 0.973232 0.998208 0.975679 
0.998764 0.999288 0.97297 0 0.971541 0.972944 0.998606 0.999371 
0.999953 0.999289 0.972972 0 0.945188 0 0.973698 0.999307 
0.999981 0.999288 0.972969 0 0.944576 0 0.980532 0.999347 
0.999982 0.999288 0.97297 0 0.949058 0 0.9737 0.999322 
0.999983 0.999297 0.973056 0 0.971658 0.97359 0.998676 0.99995 
0.999998 0.99956 0.979343 0 0.972917 0.998641 0.999932 0.999997 
1 0.999351 0.974023 0 0.972993 0.999274 0.99998 0.999999 
1 0.999242 0.972336 0 0.973205 0.999319 0.999986 1 
1 0.997968 0.94669 0 0.973171 0.999598 0.999989 1 
1 0.972955 0 0 0.97299 0.999296 0.999981 0.999998 
0.999981 0.946764 0 0 0.97297 0.999288 0.999979 0.999957 
0.999287 0 0 0 0.972998 0.999289 0.999945 0.998822 
0.972968 0.946746 0 0 0.973326 0.999305 0.999411 0.973668 
0 0.972314 0 0 0.973752 0.999309 0.999295 0.972989 
0 0.973629 0 0 0.972971 0.998601 0.998577 0.97293 
0.972237 0.998002 0.946694 0 0.971548 0.97292 0.972241 0 
0.972985 0.999227 0.972358 0 0.945187 0 0.945958 0 
0.97366 0.998707 0.974866 0 0.944475 0 0.971582 0.972914 
0.998612 0.972956 0.97241 0 0.945187 0 0.972425 0.972951 
0.997972 0 0.973586 0.972946 0.971541 0 0.945246 0 
0.947456 0 0.972983 0.99793 0.972894 0 0.944455 0 
0 0 0.972948 0.998568 0.972946 0 0.944413 0 
0 0 0.972958 0.999516 0.972958 0 0.94376 0 
0 0 0.972948 0.998584 0.97295 0 0.924104 0 
0 0 0.972948 0.998579 0.973055 0 0 0 
0 0 0.97295 0.998677 0.975818 0 0 0 
0 0 0.97293 0.998577 0.973054 0 0 0 
0 0 0.972255 0.998522 0.972929 0 0.917445 0 
0 0 0.946668 0.997216 0.972202 0 0.943684 0 
0 0 0 0.971535 0.945955 0 0.944453 0 
0 0 0 0.94633 0 0 0.944994 0 
0 0 0 0.917558 0 0 0.949215 0 
0 0 0 0 0 0 0.944626 0 
0 0 0 0 0 0.944556 0.945051 0 
0 0 0 0.917961 0 0.94544 0 0 
0 0 0 0.943702 0 0.917547 0 0 
0 0 0 0.943663 0 0 0 0 
0 0 0 0.917444 0 0 0 0 
0 0 0 0 0 0 0 0 
0 0 0 0 0 0 0 0 
