0 0 0 0 0 0 0 0 
0 0 0 0 0 0 0 0 
0 0 0 0 0 0 0 0 
0 0 0 0 0 0 0 0 
0 0 0 0 0 0 0 0 
0 0 0 0 0 0 0 0 
0 0 0 0 0 0 0 0 
0 0 0 0 0 0 0 0 
0 0 0 0 0 0 0 0 
0 0 0 0 0 0 0 0 
0 0 0 0 0 0 0 0 
0 0 0 0 0 0 0 0 
0 0 0 0 0 0 0 0 
0 0 0 0 0 0 0 0 
0 0 0 0 0 0 0 0 
0 0 0 0 0 0 0 0 
0 0 0 0 0 0 0 0 
0 0 0 0 0 0 0 0 
0 0 0 0 0 0 0 0 
0 0 0 0 0 0 0 0 
0 0 0 0 0 0 0 0 
0 0 0 0 0 0 0 0 
0 0 0 0 0 0 0 0 
0 0 0 0 0 0 0 0 
0 0 0 0 0 0 0 0 
0 0 0 0 0 0 0 0 
0 0 0 0 0 0 0 0 
0 0 0 0 0 0 0 0 
0 0 0 0 0 0 0 0 
0 0 0 0 0 0 0 0 
0 0 0 0 0 0 0 0 
0 0 0 0 0 0 0 0 
0 0 0 0 0 0 0 0 
0 0 0 0 0 0 0 0 
0 0 0 0 0 0 0 0 
0 0 0 0 0 0 0 0 
0 0 0 0 0 0 0 0 
0 0 0 0 0 0 0 0 
0 0 0 0 0 0 0 0 
0 0 0 0 0 0 0 0 
0 0 0 0 0 0 0 0 
0 0 0 0 0 0 0 0 
0 0 0 0 0 0 0 0 
0 0 0 0 0 0 0 0 
0 0 0 0 0 0 0 0 
0 0 0 0 0 0 0 0 
0 0 0 0 0 0 0 0 
0 0 0 0 0 0 0 0 
0.938841 0.963103 0.965967 0.965806 0.973258 0.956537 0.964162 0.965857 
0.997042 0.998928 0.998933 0.99879 0.999116 0.99881 0.999219 0.999025 
0.99996 0.999971 0.999979 0.999977 0.999974 0.999969 0.999983 0.999975 
0.999998 0.999999 0.999999 0.999999 0.999999 0.999999 0.999999 1 
1 1 1 1 1 1 1 1 
1 1 1 1 1 1 1 1 
1 1 1 1 1 1 1 1 
1 1 1 1 1 1 1 1 
1 1 1 1 1 1 1 1 
1 0.999999 1 1 1 1 1 1 
1 0.999999 1 1 1 1 1 1 
1 1 1 1 1 1 1 1 
1 1 1 1 1 1 1 1 
1 1 1 1 1 1 1 1 
1 1 1 1 1 1 1 1 
1 1 1 1 1 1 1 1 
1 1 1 1 1 1 1 1 
1 1 1 1 1 1 1 1 
1 1 1 1 1 1 1 1 
1 1 1 1 1 1 1 1 
1 1 1 1 1 1 1 1 
1 1 1 1 1 1 1 1 
1 1 1 1 1 1 1 1 
0.999998 1 1 1 1 1 1 1 
0.999997 1 1 1 1 1 1 0.999999 
1 1 1 1 1 1 1 0.999999 
0.999999 1 1 1 1 1 1 1 
0.999999 1 1 1 1 0.999999 1 1 
1 1 1 1 0.999999 0.999984 0.999998 1 
1 1 1 0.999997 0.999951 0.999354 0.999951 0.999997 
0.999999 1 0.999997 0.999934 0.998693 0.974319 0.998694 0.999949 
0.999981 0.999997 0.999934 0.998674 0.973591 0 0.973624 0.999284 
0.999287 0.999951 0.998683 0.973591 0.971579 0 0.972254 0.99825 
0.972967 0.999297 0.9733 0 0.945208 0 0.945935 0.970811 
0 0.998065 0.949651 0 0.944457 0 0 0.927551 
0 0.972956 0 0 0.944433 0 0 0 
0 0.946763 0 0 0.944412 0 0 0 
0 0 0 0 0.943682 0 0 0 
0.949326 0 0 0 0.917444 0 0 0 
0.972395 0 0 0 0 0 0 0 
0.972992 0 0 0 0 0 0.945996 0.971534 
0.972243 0 0.917444 0 0 0 0.980593 0.972257 
0 0 0.943661 0 0.946025 0.973227 0.998462 0.973002 
0 0 0.943661 0 0.972242 0.998616 0.999308 0.979699 
0 0 0.917444 0 0.972954 0.999254 0.999302 0.973713 
0 0 0 0 0.973029 0.999291 0.999931 0.998692 
0.974317 0 0 0 0.973122 0.999274 0.999926 0.998611 
0.972307 0 0 0 0.946732 0.997327 0.999207 0.973638 
0 0 0 0 0 0.947366 0.997339 0.972929 
0 0 0 0 0 0 0.973735 0.972414 
0 0 0 0 0.944513 0.945886 0.996706 0.973518 
0 0 0 0 0.945883 0 0.974379 0.996635 
0.944433 0 0 0.946652 0.996639 0.974246 0.998002 0.972913 
0 0 0 0.972273 0.999188 0.999243 0.997729 0.947381 
0 0 0 0.972936 0.999227 0.998033 0.947408 0 
0 0 0 0.972309 0.998622 0.973613 0 0 
0 0 0 0.946658 0.996611 0.97284 0 0 
0 0 0 0 0.946592 0.970133 0 0 
0 0 0 0 0 0.918221 0 0 
0 0 0 0 0 0 0 0 
0 0.97295 0.946013 0 0 0 0 0 
0 0.998642 0.972899 0 0 0 0 0 
0 0.999915 0.997966 0.946707 0 0 0 0 
0 0.99998 0.99927 0.972951 0 0 0 0 
0.946824 0.999998 0.999947 0.998362 0.947422 0 0 0 
0.973837 1 0.999996 0.99992 0.997858 0.947389 0 0.918999 
0.996682 1 1 0.999997 0.999889 0.997396 0.948148 0 
0.973628 1 1 0.999999 0.999979 0.999266 0.973029 0 
0.973679 1 1 1 0.999998 0.999949 0.99868 0.974321 
0.998697 1 1 1 1 0.999998 0.999952 0.999367 
0.999952 1 1 1 1 1 0.999998 0.999985 
0.999998 1 1 1 1 1 1 1 
1 1 1 1 1 1 1 1 
1 1 1 1 1 1 1 1 
1 1 1 1 1 1 1 1 
1 0.999999 1 1 1 1 1 1 
1 1 1 1 1 1 1 1 
1 1 1 1 1 1 1 1 
1 1 1 1 1 1 1 1 
1 1 1 1 1 1 1 1 
1 1 1 1 1 1 1 1 
1 1 1 1 1 1 1 1 
1 1 1 1 1 1 1 1 
1 1 1 1 1 1 1 1 
1 1 1 1 1 1 1 1 
1 1 1 1 1 1 1 1 
1 1 1 1 1 1 1 1 
1 1 1 1 1 1 1 1 
1 1 1 1 1 1 0.999998 0.999984 
0.999999 1 1 1 1 0.999998 0.999953 0.999356 
0.999952 1 1 1 0.999998 0.999953 0.998718 0.974332 
0.998698 1 1 1 0.999984 0.999349 0.973873 0 
0.973662 1 1 0.999999 0.999986 0.999524 0.982291 0 
0.972985 1 1 0.999998 0.999955 0.998561 0.946713 0 
0.972292 1 0.999999 0.999986 0.999792 0.973246 0 0 
0.946734 1 0.999998 0.999941 0.998073 0.946739 0 0 
0 0.999981 0.999981 0.999402 0.979428 0 0 0.94598 
0.979352 0.999287 0.99993 0.999288 0.973067 0 0 0.970103 
0.972281 0.972967 0.998626 0.999248 0.972968 0 0 0.91822 
0 0 0.972945 0.998984 0.972978 0 0 0 
0 0 0.946689 0.997316 0.973579 0 0 0 
0 0 0 0.97358 0.997923 0.946707 0 0 
0 0 0 0.972946 0.998499 0.971566 0 0 
0.919096 0 0 0.972205 0.997236 0.946649 0 0 
0 0 0 0.945984 0.97174 0 0 0 
0 0 0 0 0.945212 0 0 0 
0 0 0 0 0.944543 0.950172 0 0 
0 0 0.91665 0 0 0.944521 0 0 
0 0 0.91665 0 0 0.944454 0 0.891936 
0 0 0 0 0 0.945168 0 0 
0 0 0 0 0.945919 0.97081 0 0 
0 0 0 0 0.971482 0.971521 0 0 
0 0 0.91665 0 0.970819 0.945927 0 0.888868 
0 0 0.91665 0 0.945352 0 0 0 
0 0 0 0 0.951457 0 0.917445 0 
0 0 0 0 0.944616 0 0.943683 0 
0 0 0 0 0.944456 0 0.944453 0 
0 0 0 0 0.945167 0 0.945917 0 
0 0.919096 0 0 0.970864 0.97352 0.997586 0.974557 
0.972971 0 0 0 0.946633 0.997351 0.999851 0.999376 
0.999338 0 0 0 0 0.974233 0.999349 0.999968 
0.999985 0 0 0 0.918999 0.996749 0.999896 0.999995 
0.999981 0 0 0.924854 0 0.978369 0.999407 0.999944 
0.999287 0 0.91818 0.968743 0 0.972382 0.999173 0.998639 
0.972967 0.946827 0 0.945858 0 0.946653 0.996638 0.973522 
0 0.972982 0 0.971541 0.946632 0 0.946612 0.970882 
0 0.99868 0.974314 0.998526 0.996654 0.947292 0 0.945881 
0 0.999949 0.999309 0.99864 0.974162 0.995424 0.946559 0.970152 
0 0.999986 0.999382 0.973665 0 0.94844 0 0.9459 
0 0.999983 0.999326 0.973663 0 0.972337 0.972896 0.971565 
0 0.999998 0.99995 0.998695 0.974318 0.998628 0.998595 0.972945 
0 1 0.999998 0.999951 0.999354 0.999931 0.999271 0.972988 
0 1 1 0.999998 0.999983 0.999996 0.999324 0.973645 
0 1 1 1 1 0.999998 0.99995 0.998661 
0.972968 1 1 1 1 1 0.999998 0.999949 
0.999287 1 1 1 1 1 1 0.999998 
0.999981 1 1 1 1 1 1 1 
0.999999 1 1 1 1 1 0.999999 0.999986 
0.999989 1 1 1 1 0.999998 0.999963 0.999362 
0.999287 1 1 1 0.999999 0.999961 0.998925 0.974099 
0.972966 1 1 1 0.999982 0.999322 0.973656 0 
0 0.999982 0.999998 0.999999 0.999981 0.999289 0.972985 0 
0 0.999287 0.999949 0.999999 0.999981 0.999286 0.972952 0 
0.919096 0.972967 0.998661 0.999969 0.999977 0.999251 0.972356 0 
0 0 0.973645 0.999329 0.999892 0.99848 0.948497 0 
0 0 0.972983 0.999223 0.997998 0.947408 0 0 
0 0 0.972932 0.998604 0.973591 0 0 0 
0 0 0.972274 0.998487 0.972333 0 0 0 
0 0 0.946843 0.996076 0.947693 0 0 0 
0 0.949733 0 0.945914 0 0.917485 0 0 
0.9474 0.946141 0 0.952884 0 0.945057 0 0.918978 
0.995983 0 0 0.944523 0.945808 0.993874 0.918917 0 
0.973574 0 0 0 0 0.946515 0 0 
0.972312 0 0 0 0 0.969478 0.919285 0 
0.946744 0.946745 0 0 0.944458 0.945131 0 0 
0 0.972297 0 0 0.944434 0 0 0 
0.946747 0.972988 0 0 0.944433 0 0 0 
0.972373 0.973644 0 0 0.944433 0 0 0 
0.974489 0.997989 0.946689 0 0.944433 0 0 0 
0.973062 0.999826 0.972279 0 0.944454 0 0.91751 0 
0.973007 0.999291 0.972949 0 0.945188 0 0.945157 0 
0.973663 0.999295 0.972968 0 0.971647 0.973646 0.997317 0.974283 
0.998696 0.999289 0.972968 0 0.97412 0.973055 0.998609 0.999309 
0.99995 0.999288 0.972968 0 0.945356 0 0.973649 0.99935 
0.999984 0.999291 0.972968 0 0.945841 0 0.973005 0.999293 
0.999982 0.99934 0.972972 0 0.945262 0 0.973654 0.999322 
0.999983 0.999348 0.972975 0 0.971561 0.973599 0.998856 0.999959 
0.999999 0.999294 0.973001 0 0.972914 0.998647 0.999942 0.999997 
1 0.999317 0.973332 0 0.972972 0.999404 0.999985 1 
1 0.99924 0.972307 0 0.972968 0.999293 0.999981 0.999999 
1 0.997968 0.946689 0 0.972967 0.999288 0.999981 0.999999 
1 0.972945 0 0 0.972968 0.999288 0.999981 0.999998 
0.999981 0.946727 0 0 0.972968 0.999288 0.999979 0.999948 
0.999287 0 0 0 0.972968 0.999289 0.999932 0.998662 
0.972967 0.946817 0 0 0.972971 0.999314 0.999305 0.973644 
0 0.972323 0 0 0.972967 0.999254 0.999252 0.972983 
0 0.973627 0 0 0.972911 0.998589 0.998573 0.97293 
0.972238 0.997986 0.946695 0 0.97154 0.972892 0.972236 0 
0.972994 0.999225 0.97229 0 0.945187 0 0.945956 0 
0.973729 0.99863 0.972917 0 0.944565 0 0.971532 0.972974 
0.99863 0.972969 0.972258 0 0.950688 0 0.971505 0.972905 
0.998003 0 0.972253 0.972877 0.971632 0 0.945186 0 
0.947461 0 0.972913 0.997927 0.972896 0 0.94446 0 
0 0 0.972948 0.998564 0.972947 0 0.944414 0 
0 0 0.972968 0.998668 0.972955 0 0.943681 0 
0 0 0.973058 0.998592 0.972949 0 0.917441 0 
0 0 0.972961 0.998576 0.972948 0 0 0 
0 0 0.972948 0.998574 0.972948 0 0 0 
0 0 0.97293 0.998583 0.972948 0 0 0 
0 0 0.972266 0.998752 0.972938 0 0.917501 0 
0 0 0.946668 0.997224 0.972202 0 0.94441 0 
0 0 0 0.97145 0.945952 0 0.944533 0 
0 0 0 0.944431 0 0 0.945589 0 
0 0 0 0.917458 0 0 0.945877 0 
0 0 0 0 0 0 0.94451 0 
0 0 0 0 0 0.944412 0.944434 0 
0 0 0 0.917868 0 0.943681 0 0 
0 0 0 0.943697 0 0.917443 0 0 
0 0 0 0.943668 0 0 0 0 
0 0 0 0.917486 0 0 0 0 
0 0 0 0 0 0 0 0 
0 0 0 0 0 0 0 0 
