0 0 0 0 0 0 0 0 
0 0 0 0 0 0 0 0 
0 0 0 0 0 0 0 0 
0 0 0 0 0 0 0 0 
0 0 0 0 0 0 0 0 
0 0 0 0 0 0 0 0 
0 0 0 0 0 0 0 0 
0 0 0 0 0 0 0 0 
0 0 0 0 0 0 0 0 
0 0 0 0 0 0 0 0 
0 0 0 0 0 0 0 0 
0 0 0 0 0 0 0 0 
0 0 0 0 0 0 0 0 
0 0 0 0 0 0 0 0 
0 0 0 0 0 0 0 0 
0 0 0 0 0 0 0 0 
0 0 0 0 0 0 0 0 
0 0 0 0 0 0 0 0 
0 0 0 0 0 0 0 0 
0 0 0 0 0 0 0 0 
0 0 0 0 0 0 0 0 
0 0 0 0 0 0 0 0 
0 0 0 0 0 0 0 0 
0 0 0 0 0 0 0 0 
0 0 0 0 0 0 0 0 
0 0 0 0 0 0 0 0 
0 0 0 0 0 0 0 0 
0 0 0 0 0 0 0 0 
0 0 0 0 0 0 0 0 
0 0 0 0 0 0 0 0 
0 0 0 0 0 0 0 0 
0 0 0 0 0 0 0 0 
0 0 0 0 0 0 0 0 
0 0 0 0 0 0 0 0 
0 0 0 0 0 0 0 0 
0 0 0 0 0 0 0 0 
0 0 0 0 0 0 0 0 
0 0 0 0 0 0 0 0 
0 0 0 0 0 0 0 0 
0 0 0 0 0 0 0 0 
0 0 0 0 0 0 0 0 
0 0 0 0 0 0 0 0 
0 0 0 0 0 0 0 0 
0 0 0 0 0 0 0 0 
0 0 0 0 0 0 0 0 
0 0 0 0 0 0 0 0 
0 0 0 0 0 0 0 0 
0 0 0 0 0 0 0 0 
0.931645 0.960213 0.964363 0.965219 0.966392 0.962535 0.974823 0.967705 
0.99718 0.998841 0.998941 0.99896 0.999073 0.998909 0.999137 0.999091 
0.999906 0.99997 0.999972 0.999973 0.999977 0.999972 0.999974 0.999995 
0.999997 0.999999 0.999999 0.999999 0.999999 0.999999 0.999999 1 
1 1 1 1 1 1 1 1 
1 1 1 1 1 1 1 1 
1 1 1 1 1 1 1 1 
1 1 1 1 1 1 1 1 
1 1 1 1 1 1 1 1 
1 1 1 1 1 1 1 1 
1 1 1 1 1 1 1 1 
1 1 1 1 1 1 1 1 
1 1 1 1 1 1 1 1 
1 1 1 1 1 1 1 1 
1 1 1 1 1 1 1 1 
1 1 1 1 1 1 1 1 
1 1 1 1 1 1 1 1 
1 1 1 1 1 1 1 1 
1 1 1 1 1 1 1 1 
1 1 1 1 1 1 1 1 
1 1 1 1 1 1 1 1 
1 1 1 1 1 1 1 1 
1 1 1 1 1 1 1 1 
1 1 1 1 1 1 1 1 
1 1 1 1 1 1 1 1 
1 1 1 1 1 1 1 1 
1 1 1 1 1 1 1 1 
1 1 1 1 1 1 1 1 
1 1 1 1 0.999998 0.999985 0.999999 1 
1 1 1 0.999997 0.999954 0.999389 0.999959 0.999998 
0.999999 1 0.999998 0.999935 0.998727 0.974765 0.998744 0.999951 
0.999981 0.999997 0.999934 0.998675 0.973592 0 0.973858 0.999284 
0.999287 0.99995 0.998674 0.973591 0.971577 0 0.977414 0.997968 
0.972968 0.999287 0.973109 0 0.945187 0 0.946029 0.970779 
0 0.998048 0.946727 0 0.944456 0 0 0.91824 
0 0.979152 0 0 0.944484 0 0 0 
0.900924 0.946844 0 0 0.945098 0 0 0 
0 0 0 0 0.943754 0 0 0 
0.9519 0 0 0 0.917656 0 0 0 
0.972389 0 0 0 0 0 0 0 
0.97295 0 0 0 0 0 0.945955 0.971525 
0.972236 0 0.917444 0 0 0 0.972202 0.972216 
0 0 0.943661 0 0.945994 0.972897 0.997931 0.972921 
0 0 0.943663 0 0.972239 0.998592 0.999267 0.973052 
0 0 0.917456 0 0.972948 0.999253 0.99931 0.973697 
0 0 0 0 0.972959 0.999284 0.99993 0.998649 
0.972711 0 0 0 0.972438 0.999229 0.999925 0.998612 
0.972257 0 0 0 0.952661 0.997389 0.999208 0.973645 
0 0 0 0 0 0.947365 0.997326 0.972919 
0 0 0 0 0 0 0.973522 0.972303 
0 0 0 0 0.944513 0.945884 0.996666 0.973502 
0 0 0 0 0.945883 0 0.974182 0.996613 
0.944433 0 0 0.946652 0.996638 0.97425 0.999721 0.97287 
0 0 0 0.972272 0.999183 0.999217 0.997283 0.946686 
0 0 0 0.97293 0.999216 0.997986 0.947381 0 
0 0 0 0.972353 0.998543 0.973603 0 0 
0 0 0 0.951012 0.996723 0.972843 0 0 
0 0 0 0 0.946863 0.970212 0 0 
0 0 0 0 0 0.926062 0 0 
0 0 0 0 0 0 0 0 
0 0.976985 0.946112 0 0 0 0 0 
0 0.999671 0.972916 0 0 0 0 0 
0 0.999929 0.998064 0.950317 0 0 0 0 
0 0.999981 0.999282 0.973035 0 0 0 0 
0.946763 0.999998 0.999951 0.998001 0.947383 0 0 0 
0.972919 1 0.999996 0.999884 0.997356 0.947364 0 0.918997 
0.996628 1 1 0.999994 0.999866 0.997325 0.946788 0 
0.973628 1 1 0.999999 0.999979 0.999348 0.976206 0 
0.973682 1 1 1 0.999998 0.99996 0.998929 0.975705 
0.998766 1 1 1 1 0.999998 0.999962 0.999424 
0.999995 1 1 1 1 1 0.999999 0.999986 
0.999999 1 1 1 1 1 1 1 
1 1 1 1 1 1 1 1 
1 1 1 1 1 1 1 1 
1 1 1 1 1 1 1 1 
1 1 1 1 1 1 1 1 
1 1 1 1 1 1 1 1 
1 1 1 1 1 1 1 1 
1 1 1 1 1 1 1 1 
1 1 1 1 1 1 1 1 
1 1 1 1 1 1 1 1 
1 1 1 1 1 1 1 1 
1 1 1 1 1 1 1 1 
1 1 1 1 1 1 1 1 
1 1 1 1 1 1 1 1 
1 1 1 1 1 1 1 1 
1 1 1 1 1 1 1 1 
1 1 1 1 1 1 1 1 
1 1 1 1 1 1 0.999998 0.999984 
0.999998 1 1 1 1 0.999998 0.999951 0.999355 
0.999951 1 1 1 0.999998 0.999952 0.998695 0.97432 
0.998697 1 1 1 0.999984 0.99934 0.973628 0 
0.973663 1 1 0.999999 0.999979 0.99924 0.972293 0 
0.972988 1 1 0.999998 0.99993 0.997966 0.946689 0 
0.972387 1 0.999999 0.99998 0.99927 0.972934 0 0 
0.952151 0.999999 0.999998 0.999932 0.997984 0.946707 0 0 
0 0.999981 0.999981 0.99932 0.973626 0 0 0.945948 
0.972216 0.999287 0.999929 0.999286 0.972985 0 0 0.970384 
0.972216 0.972968 0.998625 0.999235 0.972967 0 0 0.918253 
0 0 0.972932 0.998559 0.972964 0 0 0 
0 0 0.94669 0.997302 0.973555 0 0 0 
0 0 0 0.973554 0.9973 0.946655 0 0 
0 0 0 0.972943 0.998481 0.971562 0 0 
0.919096 0 0 0.972224 0.997311 0.946658 0 0 
0 0 0 0.946075 0.971493 0 0 0 
0 0 0 0 0.945185 0 0 0 
0 0 0 0 0.944456 0.944447 0 0 
0 0 0.91665 0 0 0.944446 0 0 
0 0 0.91665 0 0 0.944577 0 0.888868 
0 0 0 0 0 0.946082 0 0 
0 0 0 0 0.950741 0.970955 0 0 
0 0 0 0 0.971567 0.971471 0 0 
0 0 0.91665 0 0.970791 0.945914 0 0.888869 
0 0 0.91665 0 0.945165 0 0 0 
0 0 0 0 0.944453 0 0.917453 0 
0 0 0 0 0.944434 0 0.943704 0 
0 0 0 0 0.944453 0 0.944615 0 
0 0 0 0 0.945168 0 0.945919 0 
0 0.919096 0 0 0.970864 0.973501 0.997316 0.973608 
0.972968 0 0 0 0.946633 0.99735 0.999869 0.999318 
0.999287 0 0 0 0 0.974237 0.99952 0.999972 
0.999981 0 0 0 0.918998 0.996657 0.999889 0.999994 
0.999983 0 0 0.918178 0 0.973575 0.999314 0.999934 
0.999316 0 0.918178 0.968667 0 0.9723 0.999174 0.998661 
0.973227 0.946764 0 0.945868 0 0.946655 0.996639 0.973524 
0 0.972973 0 0.97155 0.946642 0 0.946613 0.970883 
0 0.998679 0.974314 0.998531 0.996717 0.947294 0 0.945882 
0 0.999949 0.999306 0.998701 0.975281 0.995408 0.946561 0.97025 
0 0.999981 0.999306 0.973662 0 0.946635 0 0.948952 
0 0.999983 0.999322 0.973662 0 0.9724 0.972913 0.971753 
0 0.999998 0.99995 0.998695 0.974319 0.998641 0.998686 0.977025 
0 1 0.999998 0.999951 0.999354 0.999933 0.999272 0.973079 
0 1 1 0.999998 0.999983 0.999981 0.999321 0.973657 
0 1 1 1 1 0.999998 0.999961 0.999318 
0.972968 1 1 1 1 1 0.999998 0.999963 
0.999287 1 1 1 1 1 1 0.999999 
0.999981 1 1 1 1 1 1 1 
0.999999 1 1 1 1 1 0.999998 0.999982 
0.999981 1 1 1 1 0.999997 0.99995 0.999321 
0.999288 1 1 1 0.999998 0.99995 0.998679 0.973644 
0.972968 1 1 1 0.999983 0.999324 0.973676 0 
0 0.999983 0.999998 0.999999 0.999983 0.999318 0.973348 0 
0 0.999372 0.999952 0.999997 0.999981 0.999289 0.972982 0 
0.919096 0.97493 0.998742 0.999951 0.999975 0.999221 0.972276 0 
0 0 0.973645 0.999317 0.999866 0.997322 0.946673 0 
0 0 0.972983 0.999223 0.998009 0.947383 0 0 
0 0 0.972932 0.998615 0.973688 0 0 0 
0 0 0.972253 0.998475 0.972283 0 0 0 
0 0 0.946631 0.995924 0.946633 0 0 0 
0 0.946027 0 0.945862 0 0.919369 0 0 
0.950824 0.946079 0 0.944474 0 0.945146 0 0.919314 
0.996105 0 0 0.944472 0.945806 0.993875 0.918916 0 
0.973576 0 0 0 0 0.9465 0 0 
0.972313 0 0 0 0 0.969415 0.918381 0 
0.946746 0.946836 0 0 0.944453 0.94513 0 0 
0 0.974142 0 0 0.944436 0 0 0 
0.94675 0.973072 0 0 0.944635 0 0 0 
0.972298 0.973646 0 0 0.95222 0 0 0 
0.972969 0.997986 0.946691 0 0.944635 0 0 0 
0.972989 0.99924 0.97229 0 0.944457 0 0.917551 0 
0.973053 0.999295 0.97302 0 0.945279 0 0.945484 0 
0.974292 0.999289 0.972976 0 0.976292 0.973044 0.997296 0.974284 
0.99874 0.999288 0.972968 0 0.971672 0.974462 0.99865 0.999304 
0.999951 0.999288 0.972968 0 0.945188 0 0.973643 0.999305 
0.999981 0.999288 0.97297 0 0.944475 0 0.973003 0.999296 
0.999985 0.999288 0.972968 0 0.945189 0 0.973653 0.999536 
0.999989 0.999288 0.97297 0 0.971615 0.974462 0.998729 0.999958 
0.999999 0.999292 0.973024 0 0.972919 0.998694 0.999936 0.999997 
1 0.999345 0.973834 0 0.97298 0.999275 0.99998 0.999999 
1 0.99933 0.972338 0 0.973032 0.999296 0.999982 1 
1 0.997982 0.946692 0 0.973073 0.999302 0.999983 1 
1 0.972956 0 0 0.977093 0.999382 0.999982 0.999998 
0.999986 0.946764 0 0 0.973064 0.999291 0.999979 0.999953 
0.999377 0 0 0 0.972972 0.999305 0.999933 0.998662 
0.972973 0.946752 0 0 0.973005 0.99928 0.999304 0.973651 
0 0.972342 0 0 0.973416 0.999287 0.999258 0.973008 
0 0.973632 0 0 0.97295 0.998606 0.998678 0.973235 
0.97475 0.998081 0.951705 0 0.971556 0.973064 0.97429 0 
0.975456 0.999319 0.974908 0 0.945205 0 0.946047 0 
0.973987 0.999938 0.97522 0 0.944624 0 0.971626 0.976855 
0.99873 0.972956 0.972348 0 0.945204 0 0.971508 0.972995 
0.997997 0 0.972429 0.972883 0.971541 0 0.945185 0 
0.947729 0 0.977609 0.998096 0.972898 0 0.944455 0 
0 0 0.97317 0.998578 0.972947 0 0.944443 0 
0 0 0.972966 0.998685 0.972955 0 0.944002 0 
0 0 0.972949 0.998581 0.97295 0 0.917478 0 
0 0 0.972948 0.998577 0.972995 0 0 0 
0 0 0.972949 0.99862 0.973611 0 0 0 
0 0 0.972932 0.998588 0.972996 0 0 0 
0 0 0.972336 0.998541 0.97293 0 0.917445 0 
0 0 0.95293 0.997549 0.972219 0 0.943684 0 
0 0 0 0.971468 0.945954 0 0.944456 0 
0 0 0 0.944435 0 0 0.944981 0 
0 0 0 0.917467 0 0 0.944505 0 
0 0 0 0 0 0 0.944439 0 
0 0 0 0 0 0.944413 0.944433 0 
0 0 0 0.917449 0 0.943682 0 0 
0 0 0 0.943684 0 0.917445 0 0 
0 0 0 0.943665 0 0 0 0 
0 0 0 0.917444 0 0 0 0 
0 0 0 0 0 0 0 0 
0 0 0 0 0 0 0 0 
