0 0 0 0 0 0 0 0 
0 0 0 0 0 0 0 0 
0 0 0 0 0 0 0 0 
0 0 0 0 0 0 0 0 
0 0 0 0 0 0 0 0 
0 0 0 0 0 0 0 0 
0 0 0 0 0 0 0 0 
0 0 0 0 0 0 0 0 
0 0 0 0 0 0 0 0 
0 0 0 0 0 0 0 0 
0 0 0 0 0 0 0 0 
0 0 0 0 0 0 0 0 
0 0 0 0 0 0 0 0 
0 0 0 0 0 0 0 0 
0 0 0 0 0 0 0 0 
0 0 0 0 0 0 0 0 
0 0 0 0 0 0 0 0 
0 0 0 0 0 0 0 0 
0 0 0 0 0 0 0 0 
0 0 0 0 0 0 0 0 
0 0 0 0 0 0 0 0 
0 0 0 0 0 0 0 0 
0 0 0 0 0 0 0 0 
0 0 0 0 0 0 0 0 
0 0 0 0 0 0 0 0 
0 0 0 0 0 0 0 0 
0 0 0 0 0 0 0 0 
0 0 0 0 0 0 0 0 
0 0 0 0 0 0 0 0 
0 0 0 0 0 0 0 0 
0 0 0 0 0 0 0 0 
0 0 0 0 0 0 0 0 
0 0 0 0 0 0 0 0 
0 0 0 0 0 0 0 0 
0 0 0 0 0 0 0 0 
0 0 0 0 0 0 0 0 
0 0 0 0 0 0 0 0 
0 0 0 0 0 0 0 0 
0 0 0 0 0 0 0 0 
0 0 0 0 0 0 0 0 
0 0 0 0 0 0 0 0 
0 0 0 0 0 0 0 0 
0 0 0 0 0 0 0 0 
0 0 0 0 0 0 0 0 
0 0 0 0 0 0 0 0 
0 0 0 0 0 0 0 0 
0 0 0 0 0 0 0 0 
0 0 0 0 0 0 0 0 
0.950964 0.962099 0.961945 0.964077 0.965659 0.964061 0.966924 0.964458 
0.99852 0.998912 0.998914 0.998972 0.998972 0.999319 0.999078 0.999018 
0.999937 0.999971 0.999972 0.999973 0.999998 0.999982 0.999978 0.999976 
0.999997 0.999999 0.999999 0.999999 1 0.999999 0.999999 0.999999 
1 1 1 1 1 1 1 1 
1 1 1 1 1 1 1 1 
1 1 1 1 1 1 1 1 
1 1 1 1 1 1 1 1 
1 1 1 1 1 1 1 1 
1 1 1 1 1 1 1 1 
1 1 1 1 1 1 1 1 
1 1 1 1 1 1 1 1 
1 1 1 1 1 1 1 1 
1 1 1 1 1 1 1 1 
1 1 1 1 1 1 1 1 
1 1 1 1 1 1 1 1 
1 1 1 1 1 1 1 1 
1 1 1 1 1 1 1 1 
1 1 1 1 1 1 1 1 
1 1 1 1 1 1 1 1 
1 1 1 1 1 1 1 1 
1 1 1 1 1 1 1 1 
1 1 1 1 1 1 1 1 
1 1 1 1 1 1 1 1 
1 1 1 1 1 1 1 1 
1 1 1 1 1 1 1 1 
1 1 1 1 1 1 1 1 
1 1 1 1 1 1 1 1 
1 1 1 1 0.999998 0.999987 0.999998 1 
1 1 1 0.999997 0.999954 0.999872 0.999954 0.999997 
0.999999 1 0.999997 0.999945 0.998694 0.974323 0.998694 0.999949 
0.999982 0.999998 0.999946 0.998957 0.973602 0 0.973624 0.99927 
0.999316 0.999952 0.99871 0.973603 0.971577 0 0.972238 0.997903 
0.973292 0.999338 0.973718 0 0.945187 0 0.945935 0.970778 
0 0.999303 0.949706 0 0.944454 0 0 0.91824 
0 0.97297 0 0 0.944433 0 0 0 
0.919096 0.946764 0 0 0.944412 0 0 0 
0 0 0 0 0.943682 0 0 0 
0.946747 0 0 0 0.917445 0 0 0 
0.972296 0 0 0 0 0 0 0 
0.97295 0 0 0 0 0 0.948403 0.980957 
0.972236 0 0.917453 0 0 0 0.972295 0.972236 
0 0 0.943714 0 0.946006 0.97291 0.997932 0.972913 
0 0 0.943682 0 0.97232 0.998624 0.999223 0.972982 
0 0 0.917556 0 0.973253 0.999282 0.999302 0.973642 
0 0 0 0 0.972977 0.999286 0.999928 0.998608 
0.972216 0 0 0 0.972275 0.99922 0.999924 0.99861 
0.972217 0 0 0 0.946671 0.997317 0.999205 0.973638 
0 0 0 0 0 0.947486 0.997331 0.972917 
0 0 0 0 0 0 0.973527 0.972304 
0 0 0 0 0.947983 0.946616 0.996736 0.973514 
0 0 0 0 0.950068 0 0.974188 0.996678 
0.944433 0 0 0.946654 0.996736 0.974245 0.997964 0.972941 
0 0 0 0.972367 0.999186 0.999229 0.997342 0.94803 
0 0 0 0.97724 0.999319 0.99954 0.947392 0 
0 0 0 0.972359 0.998544 0.973612 0 0 
0 0 0 0.946654 0.99661 0.97284 0 0 
0 0 0 0 0.94664 0.970139 0 0 
0 0 0 0 0 0.918221 0 0 
0 0 0 0 0 0 0 0 
0 0.97295 0.946014 0 0 0 0 0 
0 0.998642 0.972901 0 0 0 0 0 
0 0.999916 0.997976 0.94671 0 0 0 0 
0 0.999982 0.999271 0.972935 0 0 0 0 
0.946763 0.999998 0.999932 0.998 0.947386 0 0 0 
0.97292 1 0.999995 0.999884 0.997357 0.947371 0 0.918997 
0.996628 1 1 0.999998 0.999867 0.997325 0.946699 0 
0.973627 1 1 0.999999 0.999978 0.999255 0.972953 0 
0.973693 1 1 1 0.999998 0.999949 0.998678 0.974336 
0.999404 1 1 1 1 0.999998 0.999953 0.999385 
0.999964 1 1 1 1 1 0.999999 0.999986 
0.999999 1 1 1 1 1 1 1 
1 1 1 1 1 1 1 1 
1 1 1 1 1 1 1 1 
1 1 1 1 1 1 1 1 
1 1 1 1 1 1 1 1 
1 1 1 1 1 1 1 1 
1 1 1 1 1 1 1 1 
1 1 1 1 1 1 1 1 
1 1 1 1 1 1 1 1 
1 1 1 1 1 1 1 1 
1 1 1 1 1 1 1 1 
1 1 1 1 1 1 1 1 
1 1 1 1 1 1 1 1 
1 1 1 1 1 1 1 1 
1 1 1 1 1 1 1 1 
1 1 1 1 1 1 1 1 
1 1 1 1 1 1 1 1 
1 1 1 1 1 1 0.999999 0.999991 
0.999999 1 1 1 1 0.999998 0.999955 0.999431 
0.999955 1 1 1 0.999998 0.999952 0.998771 0.97606 
0.998773 1 1 1 0.999982 0.99932 0.973631 0 
0.973664 1 1 0.999999 0.999979 0.999239 0.972295 0 
0.972987 1 1 0.999998 0.999935 0.997967 0.946691 0 
0.972298 1 1 0.999989 0.999304 0.972937 0 0 
0.946748 1 0.999998 0.999936 0.998041 0.946709 0 0 
0 0.999984 0.999983 0.999374 0.974527 0 0 0.945934 
0.97238 0.999318 0.999933 0.999291 0.973048 0 0 0.9701 
0.972235 0.97297 0.99863 0.999236 0.97297 0 0 0.91822 
0 0 0.972995 0.998563 0.972964 0 0 0 
0 0 0.94773 0.997361 0.973557 0 0 0 
0 0 0 0.973556 0.997311 0.946651 0 0 
0 0 0 0.972955 0.99877 0.971574 0 0 
0.919096 0 0 0.972218 0.997479 0.946666 0 0 
0 0 0 0.945954 0.971487 0 0 0 
0 0 0 0 0.945184 0 0 0 
0 0 0 0 0.944454 0.944434 0 0 
0 0 0.91665 0 0 0.944434 0 0 
0 0 0.91665 0 0 0.944453 0 0.888891 
0 0 0 0 0 0.945165 0 0 
0 0 0 0 0.945915 0.970792 0 0 
0 0 0 0 0.971471 0.971477 0 0 
0 0 0.916687 0 0.970854 0.945926 0 0.888868 
0 0 0.916666 0 0.946207 0 0 0 
0 0 0 0 0.945054 0 0.917446 0 
0 0 0 0 0.944525 0 0.943687 0 
0 0 0 0 0.944615 0 0.944454 0 
0 0 0 0 0.945186 0 0.945901 0 
0 0.919096 0 0 0.970932 0.973505 0.997315 0.973613 
0.972968 0 0 0 0.953634 0.997456 0.999838 0.999318 
0.999287 0 0 0 0 0.974585 0.999379 0.999968 
0.999981 0 0 0 0.920003 0.996745 0.999888 0.999994 
0.999981 0 0 0.918181 0 0.973576 0.999314 0.999931 
0.999292 0 0.918178 0.968666 0 0.97229 0.999172 0.998642 
0.973003 0.946764 0 0.945857 0 0.946664 0.99664 0.973518 
0 0.972973 0 0.971542 0.946638 0 0.946613 0.970882 
0 0.998679 0.974314 0.998531 0.996823 0.956743 0 0.94588 
0 0.999949 0.999308 0.998691 0.974186 0.995514 0.94656 0.970151 
0 0.999983 0.999355 0.974432 0 0.946618 0 0.945901 
0 0.999983 0.999325 0.973715 0 0.972256 0.972906 0.971656 
0 0.999998 0.999951 0.9987 0.974324 0.998637 0.998878 0.976606 
0 1 0.999998 0.999956 0.999457 0.999936 0.999282 0.97308 
0 1 1 0.999999 0.999988 0.999981 0.999321 0.973645 
0 1 1 1 1 0.999998 0.999949 0.998661 
0.972968 1 1 1 1 1 0.999997 0.999949 
0.99929 1 1 1 1 1 1 0.999998 
0.999982 1 1 1 1 1 1 1 
0.999999 1 1 1 1 1 0.999998 0.999983 
0.999996 1 1 1 1 0.999998 0.99995 0.999324 
0.999338 1 1 1 0.999999 0.999959 0.99868 0.973694 
0.973723 1 1 1 0.999991 0.999619 0.973653 0 
0 0.999982 0.999998 0.999999 0.999982 0.999298 0.972985 0 
0 0.999299 0.99995 0.999997 0.999981 0.999286 0.97295 0 
0.919096 0.973065 0.998671 0.999954 0.999976 0.999221 0.972274 0 
0 0 0.973646 0.999317 0.999866 0.997321 0.946671 0 
0 0 0.97301 0.999225 0.998003 0.947382 0 0 
0 0 0.973228 0.998647 0.973633 0 0 0 
0 0 0.972294 0.998824 0.972291 0 0 0 
0 0 0.946667 0.99666 0.946667 0 0 0 
0 0.946018 0 0.945897 0 0.917485 0 0 
0.947403 0.946018 0 0.944474 0 0.945057 0 0.919233 
0.996015 0 0 0.944472 0.945805 0.993872 0.918916 0 
0.973577 0 0 0 0 0.946498 0 0 
0.972313 0 0 0 0 0.969495 0.918202 0 
0.946746 0.946747 0 0 0.945329 0.947852 0 0 
0 0.972327 0 0 0.94449 0 0 0 
0.946745 0.973323 0 0 0.944435 0 0 0 
0.972297 0.973676 0 0 0.944441 0 0 0 
0.972969 0.998059 0.94801 0 0.944487 0 0 0 
0.972987 0.999351 0.972447 0 0.944465 0 0.917488 0 
0.973005 0.999386 0.976768 0 0.945238 0 0.945177 0 
0.973665 0.999291 0.973064 0 0.972195 0.973435 0.998822 0.976573 
0.998781 0.999288 0.97297 0 0.971555 0.972959 0.998604 0.999388 
0.999953 0.999289 0.972975 0 0.945188 0 0.973642 0.999307 
0.999981 0.999288 0.972969 0 0.944556 0 0.973004 0.999292 
0.999982 0.999288 0.972971 0 0.951431 0 0.973645 0.999321 
0.999983 0.999297 0.972987 0 0.971639 0.97359 0.998676 0.99995 
0.999998 0.999619 0.973055 0 0.972916 0.998642 0.999933 0.999997 
1 0.999368 0.974597 0 0.973006 0.999275 0.99998 0.999999 
1 0.999243 0.972353 0 0.973354 0.999329 0.999988 1 
1 0.997968 0.94669 0 0.973291 0.999809 0.999987 1 
1 0.972955 0 0 0.973 0.999295 0.999981 0.999998 
0.999981 0.946764 0 0 0.972971 0.999288 0.999979 0.999959 
0.999287 0 0 0 0.973009 0.999289 0.999948 0.998933 
0.972968 0.946746 0 0 0.973543 0.999318 0.999485 0.973678 
0 0.972314 0 0 0.974257 0.999331 0.99932 0.972991 
0 0.97363 0 0 0.972992 0.998606 0.998579 0.972931 
0.972237 0.998014 0.946695 0 0.971551 0.972938 0.972244 0 
0.972985 0.999228 0.97237 0 0.945188 0 0.945958 0 
0.97366 0.99872 0.97614 0 0.944476 0 0.9716 0.972914 
0.998612 0.972959 0.972439 0 0.945187 0 0.973022 0.972968 
0.997972 0 0.974452 0.972963 0.971541 0 0.945264 0 
0.947456 0 0.973 0.99793 0.972894 0 0.944455 0 
0 0 0.972948 0.998558 0.972946 0 0.944413 0 
0 0 0.972948 0.998574 0.972948 0 0.943682 0 
0 0 0.972948 0.998574 0.97295 0 0.917445 0 
0 0 0.972948 0.998578 0.973062 0 0 0 
0 0 0.972949 0.998685 0.977696 0 0 0 
0 0 0.97293 0.998576 0.973062 0 0 0 
0 0 0.972255 0.998522 0.972929 0 0.917445 0 
0 0 0.946668 0.997216 0.972202 0 0.943684 0 
0 0 0 0.971548 0.945954 0 0.944467 0 
0 0 0 0.947486 0 0 0.945234 0 
0 0 0 0.91757 0 0 0.952135 0 
0 0 0 0 0 0 0.944628 0 
0 0 0 0 0 0.944593 0.945423 0 
0 0 0 0.918254 0 0.946507 0 0 
0 0 0 0.943717 0 0.917568 0 0 
0 0 0 0.943663 0 0 0 0 
0 0 0 0.917444 0 0 0 0 
0 0 0 0 0 0 0 0 
0 0 0 0 0 0 0 0 
