0 0 0 0 0 0 0 0 
0 0 0 0 0 0 0 0 
0 0 0 0 0 0 0 0 
0 0 0 0 0 0 0 0 
0 0 0 0 0 0 0 0 
0 0 0 0 0 0 0 0 
0 0 0 0 0 0 0 0 
0 0 0 0 0 0 0 0 
0 0 0 0 0 0 0 0 
0 0 0 0 0 0 0 0 
0 0 0 0 0 0 0 0 
0 0 0 0 0 0 0 0 
0 0 0 0 0 0 0 0 
0 0 0 0 0 0 0 0 
0 0 0 0 0 0 0 0 
0 0 0 0 0 0 0 0 
0 0 0 0 0 0 0 0 
0 0 0 0 0 0 0 0 
0 0 0 0 0 0 0 0 
0 0 0 0 0 0 0 0 
0 0 0 0 0 0 0 0 
0 0 0 0 0 0 0 0 
0 0 0 0 0 0 0 0 
0 0 0 0 0 0 0 0 
0 0 0 0 0 0 0 0 
0 0 0 0 0 0 0 0 
0 0 0 0 0 0 0 0 
0 0 0 0 0 0 0 0 
0 0 0 0 0 0 0 0 
0 0 0 0 0 0 0 0 
0 0 0 0 0 0 0 0 
0 0 0 0 0 0 0 0 
0 0 0 0 0 0 0 0 
0 0 0 0 0 0 0 0 
0 0 0 0 0 0 0 0 
0 0 0 0 0 0 0 0 
0 0 0 0 0 0 0 0 
0 0 0 0 0 0 0 0 
0 0 0 0 0 0 0 0 
0 0 0 0 0 0 0 0 
0 0 0 0 0 0 0 0 
0 0 0 0 0 0 0 0 
0 0 0 0 0 0 0 0 
0 0 0 0 0 0 0 0 
0 0 0 0 0 0 0 0 
0 0 0 0 0 0 0 0 
0 0 0 0 0 0 0 0 
0 0 0 0 0 0 0 0 
0.925829 0.963258 0.962692 0.970824 0.968613 0.957353 0.969695 0.965112 
0.996701 0.998908 0.998823 0.999286 0.998963 0.998745 0.999155 0.999053 
0.999898 0.999969 0.99997 0.999979 0.99997 0.999969 0.999976 0.999976 
0.999997 0.999998 0.999999 1 0.999999 0.999999 0.999999 1 
0.999999 1 1 1 0.999999 0.999999 0.999998 1 
1 1 1 1 0.999999 0.999999 0.999999 0.999999 
1 1 1 1 1 0.999999 0.999999 1 
1 1 1 1 1 1 1 1 
1 0.999999 1 1 1 1 1 1 
1 0.999997 0.999999 1 1 1 1 1 
1 0.999997 1 0.999999 1 1 1 1 
1 1 0.999999 1 1 1 1 1 
1 1 1 1 1 1 1 1 
1 1 1 1 1 1 1 1 
1 1 1 1 1 1 1 1 
1 1 1 1 1 1 1 1 
1 1 1 1 1 1 1 1 
1 1 1 1 1 1 1 1 
1 1 1 1 1 1 1 1 
1 1 1 1 1 1 1 1 
0.999999 1 1 1 1 1 1 1 
0.999999 1 1 1 1 1 1 1 
0.999998 1 1 1 1 1 0.999999 0.999998 
0.999994 1 1 1 1 1 0.999999 0.999999 
0.999987 1 1 1 1 1 0.999999 0.999998 
0.999997 1 1 1 1 1 0.999999 0.999998 
0.999994 1 1 1 1 0.999999 0.999999 1 
0.999997 1 1 1 1 0.999999 1 0.999999 
0.999999 1 1 1 0.999999 0.999983 0.999998 1 
1 1 1 0.999997 0.99995 0.999353 0.99995 0.999997 
0.999999 1 0.999996 0.999934 0.998692 0.974318 0.998693 0.999948 
0.999981 0.999997 0.999935 0.998674 0.97359 0 0.973623 0.999275 
0.999287 0.999955 0.99872 0.973591 0.971586 0 0.972244 0.999684 
0.972966 0.999333 0.974081 0 0.945276 0 0.945932 0.970777 
0 0.997973 0.946775 0 0.944465 0 0 0.918178 
0 0.972954 0 0 0.944433 0 0 0 
0 0.946763 0 0 0.944412 0 0 0 
0 0 0 0 0.943681 0 0 0 
0.946746 0 0 0 0.917443 0 0 0 
0.972315 0 0 0 0 0 0 0 
0.973132 0 0 0 0 0 0.945961 0.971565 
0.972258 0 0.917444 0 0 0 0.972206 0.972222 
0 0 0.943661 0 0.94607 0.974302 0.998011 0.972916 
0 0 0.943661 0 0.972245 0.998658 0.999225 0.972982 
0 0 0.917443 0 0.972968 0.999257 0.999301 0.973642 
0 0 0 0 0.973159 0.9993 0.999932 0.998639 
0.981021 0 0 0 0.976086 0.999323 0.999927 0.998608 
0.972247 0 0 0 0.946778 0.9974 0.999214 0.973639 
0 0 0 0 0 0.947373 0.997375 0.972953 
0 0 0 0 0 0 0.974462 0.972762 
0 0 0 0 0.944513 0.945888 0.99678 0.973544 
0 0 0 0 0.945883 0 0.975083 0.996673 
0.944433 0 0 0.946652 0.99664 0.974247 0.998034 0.972963 
0 0 0 0.972274 0.999201 0.999252 0.999349 0.949522 
0 0 0 0.972951 0.999244 0.998225 0.947408 0 
0 0 0 0.972482 0.998925 0.973629 0 0 
0 0 0 0.946674 0.996619 0.97284 0 0 
0 0 0 0 0.946592 0.970132 0 0 
0 0 0 0 0 0.91822 0 0 
0 0 0 0 0 0 0 0 
0 0.972951 0.946013 0 0 0 0 0 
0 0.998642 0.972899 0 0 0 0 0 
0 0.999915 0.997966 0.946707 0 0 0 0 
0 0.99998 0.99927 0.972941 0 0 0 0 
0.94686 0.999998 0.999938 0.999751 0.947395 0 0 0 
0.977066 1 0.999995 0.999895 0.999784 0.947371 0 0.918999 
0.996722 1 1 0.999994 0.999873 0.997414 0.952818 0 
0.973627 1 1 0.999999 0.999981 0.999291 0.973045 0 
0.973679 1 1 1 0.999998 0.999951 0.998679 0.974323 
0.998697 1 1 1 1 0.999998 0.999954 0.999413 
0.999955 1 1 1 1 1 0.999999 0.999988 
0.999999 1 1 1 1 1 1 1 
1 1 1 1 1 1 1 1 
0.999999 1 1 1 1 1 1 1 
0.999999 1 0.999999 1 1 1 1 1 
1 0.999996 0.999998 0.999999 1 1 1 1 
1 0.999999 0.999998 0.999999 1 1 1 1 
1 0.999999 0.999999 1 1 1 1 1 
1 1 1 1 1 1 1 1 
1 1 1 1 1 1 1 1 
1 1 1 1 1 1 1 1 
1 1 1 1 1 1 1 1 
1 1 1 1 1 1 1 1 
1 1 1 1 1 1 1 1 
1 1 1 1 1 1 1 1 
1 1 1 1 1 1 1 1 
1 1 1 1 1 1 1 1 
1 1 1 1 1 1 1 0.999999 
1 1 1 1 1 1 0.999998 0.999984 
0.999999 1 1 1 1 0.999998 0.999957 0.999361 
0.999957 1 1 1 0.999998 0.999954 0.998762 0.974369 
0.998702 1 1 1 0.999984 0.999381 0.974728 0 
0.973661 1 1 0.999999 0.999979 0.999248 0.97239 0 
0.972979 1 1 0.999998 0.999934 0.998032 0.946697 0 
0.972277 1 0.999999 0.999982 0.999336 0.974231 0 0 
0.946698 1 0.999998 0.999968 0.997989 0.946786 0 0 
0 0.999981 0.999981 0.999321 0.973626 0 0 0.945919 
0.972217 0.999287 0.999932 0.999286 0.972985 0 0 0.970115 
0.972222 0.972967 0.998628 0.999236 0.972967 0 0 0.918221 
0 0 0.972932 0.998559 0.972964 0 0 0 
0 0 0.946688 0.997303 0.973555 0 0 0 
0 0 0 0.973562 0.997314 0.946786 0 0 
0 0 0 0.972955 0.998481 0.971576 0 0 
0.919096 0 0 0.972209 0.997277 0.946651 0 0 
0 0 0 0.946035 0.972671 0 0 0 
0 0 0 0 0.945254 0 0 0 
0 0 0 0 0.944455 0.944433 0 0 
0 0 0.91665 0 0 0.944433 0 0 
0 0 0.91665 0 0 0.944454 0 0.888868 
0 0 0 0 0 0.945175 0 0 
0 0 0 0 0.945931 0.970867 0 0 
0 0 0 0 0.971525 0.971706 0 0 
0 0 0.91665 0 0.970902 0.945953 0 0.888868 
0 0 0.91665 0 0.945229 0 0 0 
0 0 0 0 0.952431 0 0.917444 0 
0 0 0 0 0.944483 0 0.943682 0 
0 0 0 0 0.944453 0 0.944452 0 
0 0 0 0 0.945167 0 0.945927 0 
0 0.919096 0 0 0.970865 0.973539 0.998448 0.977864 
0.972975 0 0 0 0.946634 0.997357 0.999861 0.999417 
0.999512 0 0 0 0 0.974233 0.999349 0.999967 
0.999994 0 0 0 0.918998 0.996663 0.999939 0.999996 
0.999981 0 0 0.918178 0 0.973615 0.99932 0.99999 
0.999287 0 0.918184 0.968666 0 0.972294 0.999173 0.99864 
0.972967 0.947025 0 0.945857 0 0.94665 0.996639 0.973536 
0 0.973001 0 0.971541 0.946632 0 0.94661 0.970884 
0 0.998681 0.974314 0.998526 0.996654 0.947289 0 0.945882 
0 0.99995 0.999311 0.998639 0.974159 0.9954 0.946559 0.970157 
0 0.999992 0.999675 0.973666 0 0.954295 0 0.945902 
0 0.999983 0.999328 0.973662 0 0.97231 0.972896 0.971578 
0 0.999998 0.99995 0.998695 0.974318 0.998627 0.998607 0.973057 
0 1 0.999997 0.999951 0.999354 0.999931 0.999273 0.973 
0 1 1 0.999998 0.999983 0.999982 0.999334 0.973646 
0 0.999999 1 1 1 0.999998 0.999951 0.998661 
0.972968 0.999998 1 1 1 1 0.999998 0.999949 
0.999287 0.999999 1 1 1 1 1 0.999998 
0.999981 1 1 1 1 1 1 1 
0.999999 1 1 1 0.999999 0.999999 0.999998 0.999994 
0.999981 1 1 0.999999 0.999999 0.999997 0.99996 0.999434 
0.999285 1 1 1 0.999998 0.999957 0.999791 0.97566 
0.972959 1 1 0.999999 0.999982 0.999321 0.973652 0 
0 0.999984 0.999999 0.999999 0.999981 0.999289 0.972985 0 
0 0.999287 0.999948 0.999998 0.999981 0.999287 0.972949 0 
0.919095 0.972967 0.998661 0.999952 0.999979 0.999235 0.97233 0 
0 0 0.973647 0.999372 0.999869 0.997382 0.954252 0 
0 0 0.972983 0.999225 0.997997 0.94738 0 0 
0 0 0.972933 0.998604 0.97359 0 0 0 
0 0 0.972309 0.998501 0.972369 0 0 0 
0 0 0.947494 0.996426 0.951068 0 0 0 
0 0.946031 0 0.945889 0 0.917485 0 0 
0.9474 0.946107 0 0.944478 0 0.945058 0 0.918978 
0.995984 0 0 0.944517 0.945812 0.99388 0.918917 0 
0.973575 0 0 0 0 0.946566 0 0 
0.972311 0 0 0 0 0.969577 0.9224 0 
0.946739 0.946745 0 0 0.944476 0.945134 0 0 
0 0.972298 0 0 0.944437 0 0 0 
0.946746 0.972993 0 0 0.944433 0 0 0 
0.972368 0.973646 0 0 0.944432 0 0 0 
0.979857 0.997985 0.946689 0 0.944432 0 0 0 
0.973051 0.999238 0.972275 0 0.944453 0 0.917573 0 
0.973008 0.999289 0.97295 0 0.945186 0 0.945163 0 
0.973663 0.999321 0.97297 0 0.971599 0.976337 0.997369 0.974283 
0.998695 0.99929 0.972968 0 0.971507 0.973014 0.998715 0.999318 
0.99995 0.999288 0.972967 0 0.945274 0 0.973659 0.99952 
0.999988 0.999295 0.972968 0 0.950168 0 0.973009 0.999297 
0.999982 0.999529 0.972976 0 0.945276 0 0.973655 0.999321 
0.999983 0.999567 0.972985 0 0.971559 0.973599 0.999546 0.999959 
0.999998 0.999298 0.973048 0 0.972913 0.998643 0.999941 0.999997 
1 0.999362 0.974669 0 0.972967 0.999916 0.999981 0.999999 
1 0.999239 0.972352 0 0.972967 0.999289 0.999981 0.999999 
1 0.997969 0.946685 0 0.972967 0.999287 0.999981 0.999999 
0.999999 0.972917 0 0 0.972968 0.999291 0.999982 0.999998 
0.999981 0.946611 0 0 0.972967 0.999288 0.999979 0.999949 
0.999287 0 0 0 0.972968 0.999293 0.999936 0.998668 
0.972967 0.947041 0 0 0.972974 0.999485 0.999309 0.973644 
0 0.972343 0 0 0.972971 0.999258 0.999252 0.972983 
0 0.973628 0 0 0.972911 0.998588 0.998573 0.972929 
0.972238 0.997988 0.946712 0 0.971539 0.972892 0.972236 0 
0.973013 0.999233 0.972346 0 0.945186 0 0.945956 0 
0.973967 0.998646 0.972925 0 0.944475 0 0.97155 0.973193 
0.998671 0.973032 0.972265 0 0.94519 0 0.971506 0.972929 
0.998123 0 0.972254 0.972877 0.971553 0 0.945189 0 
0.947476 0 0.972912 0.997927 0.972899 0 0.944481 0 
0 0 0.972948 0.998571 0.972947 0 0.944416 0 
0 0 0.973001 0.999026 0.972961 0 0.943678 0 
0 0 0.973441 0.998623 0.97295 0 0.917431 0 
0 0 0.972987 0.998577 0.972948 0 0 0 
0 0 0.972949 0.998574 0.972948 0 0 0 
0 0 0.972929 0.99858 0.972947 0 0 0 
0 0 0.972263 0.999637 0.972934 0 0.917548 0 
0 0 0.946668 0.997221 0.9722 0 0.946694 0 
0 0 0 0.971448 0.945949 0 0.944612 0 
0 0 0 0.944424 0 0 0.94902 0 
0 0 0 0.917432 0 0 0.950282 0 
0 0 0 0 0 0 0.944522 0 
0 0 0 0 0 0.944411 0.944433 0 
0 0 0 0.919076 0 0.94368 0 0 
0 0 0 0.943744 0 0.917439 0 0 
0 0 0 0.94368 0 0 0 0 
0 0 0 0.917604 0 0 0 0 
0 0 0 0 0 0 0 0 
0 0 0 0 0 0 0 0 
