0 0 0 0 0 0 0 0 
0 0 0 0 0 0 0 0 
0 0 0 0 0 0 0 0 
0 0 0 0 0 0 0 0 
0 0 0 0 0 0 0 0 
0 0 0 0 0 0 0 0 
0 0 0 0 0 0 0 0 
0 0 0 0 0 0 0 0 
0 0 0 0 0 0 0 0 
0 0 0 0 0 0 0 0 
0 0 0 0 0 0 0 0 
0 0 0 0 0 0 0 0 
0 0 0 0 0 0 0 0 
0 0 0 0 0 0 0 0 
0 0 0 0 0 0 0 0 
0 0 0 0 0 0 0 0 
0 0 0 0 0 0 0 0 
0 0 0 0 0 0 0 0 
0 0 0 0 0 0 0 0 
0 0 0 0 0 0 0 0 
0 0 0 0 0 0 0 0 
0 0 0 0 0 0 0 0 
0 0 0 0 0 0 0 0 
0 0 0 0 0 0 0 0 
0 0 0 0 0 0 0 0 
0 0 0 0 0 0 0 0 
0 0 0 0 0 0 0 0 
0 0 0 0 0 0 0 0 
0 0 0 0 0 0 0 0 
0 0 0 0 0 0 0 0 
0 0 0 0 0 0 0 0 
0 0 0 0 0 0 0 0 
0 0 0 0 0 0 0 0 
0 0 0 0 0 0 0 0 
0 0 0 0 0 0 0 0 
0 0 0 0 0 0 0 0 
0 0 0 0 0 0 0 0 
0 0 0 0 0 0 0 0 
0 0 0 0 0 0 0 0 
0 0 0 0 0 0 0 0 
0 0 0 0 0 0 0 0 
0 0 0 0 0 0 0 0 
0 0 0 0 0 0 0 0 
0 0 0 0 0 0 0 0 
0 0 0 0 0 0 0 0 
0 0 0 0 0 0 0 0 
0 0 0 0 0 0 0 0 
0 0 0 0 0 0 0 0 
0.924656 0.96256 0.966238 0.967004 0.964321 0.946222 0.971834 0.964356 
0.997012 0.998914 0.998997 0.999032 0.998945 0.998991 0.999222 0.998972 
0.999899 0.999971 0.999974 0.999974 0.999974 0.999979 0.999979 0.999974 
0.999997 0.999999 0.999999 0.999999 0.999999 0.999999 0.999999 1 
1 1 1 1 1 1 1 1 
1 1 1 1 1 1 1 1 
1 1 1 1 1 1 1 1 
1 1 1 1 1 1 1 1 
1 1 1 1 1 1 1 1 
1 1 1 1 1 1 1 1 
1 1 1 1 1 1 1 1 
1 1 1 1 1 1 1 1 
1 1 1 1 1 1 1 1 
1 1 1 1 1 1 1 1 
1 1 1 1 1 1 1 1 
1 1 1 1 1 1 1 1 
1 1 1 1 1 1 1 1 
1 1 1 1 1 1 1 1 
1 1 1 1 1 1 1 1 
1 1 1 1 1 1 1 1 
1 1 1 1 1 1 1 1 
1 1 1 1 1 1 1 1 
1 1 1 1 1 1 1 1 
1 1 1 1 1 1 1 1 
1 1 1 1 1 1 1 1 
1 1 1 1 1 1 1 1 
1 1 1 1 1 1 1 1 
1 1 1 1 1 1 1 1 
1 1 1 1 0.999998 0.999985 0.999998 1 
1 1 1 0.999997 0.999954 0.999396 0.999954 0.999998 
1 1 0.999997 0.999936 0.998735 0.974925 0.998738 0.99995 
0.999982 0.999997 0.999933 0.998674 0.973592 0 0.97369 0.999271 
0.999288 0.999948 0.998659 0.97359 0.971578 0 0.973338 0.997938 
0.972968 0.999271 0.972952 0 0.945195 0 0.946067 0.970789 
0 0.99797 0.946707 0 0.944474 0 0 0.91824 
0 0.972977 0 0 0.944436 0 0 0 
0.314976 0.947007 0 0 0.944412 0 0 0 
0 0 0 0 0.943682 0 0 0 
0.946748 0 0 0 0.917445 0 0 0 
0.972303 0 0 0 0 0 0 0 
0.972951 0 0 0 0 0 0.945961 0.971561 
0.972236 0 0.917444 0 0 0 0.972208 0.972222 
0 0 0.943663 0 0.946066 0.97291 0.997983 0.972943 
0 0 0.943726 0 0.972248 0.99859 0.999247 0.982159 
0 0 0.918485 0 0.972951 0.999253 0.999368 0.980503 
0 0 0 0 0.97295 0.999283 0.999929 0.998678 
0.972216 0 0 0 0.972292 0.999221 0.999934 0.998682 
0.972216 0 0 0 0.946856 0.997329 0.999405 0.974729 
0 0 0 0 0 0.947387 0.998796 0.973019 
0 0 0 0 0 0 0.973546 0.972317 
0 0 0 0 0.944513 0.945884 0.996667 0.973505 
0 0 0 0 0.945883 0 0.974176 0.996614 
0.944433 0 0 0.946656 0.996639 0.974245 0.997979 0.972864 
0 0 0 0.972273 0.999187 0.999254 0.997665 0.946706 
0 0 0 0.97293 0.999235 0.998905 0.94742 0 
0 0 0 0.972268 0.998555 0.973751 0 0 
0 0 0 0.946761 0.996617 0.972855 0 0 
0 0 0 0 0.946592 0.970134 0 0 
0 0 0 0 0 0.918221 0 0 
0 0 0 0 0 0 0 0 
0 0.97295 0.946013 0 0 0 0 0 
0 0.998642 0.972901 0 0 0 0 0 
0 0.999916 0.998 0.947175 0 0 0 0 
0 0.99998 0.999272 0.972972 0 0 0 0 
0.946763 0.999998 0.999932 0.998001 0.947383 0 0 0 
0.972921 1 0.999995 0.999884 0.997356 0.947364 0 0.919009 
0.996648 1 1 0.999994 0.999868 0.997324 0.946702 0 
0.973832 1 1 0.999999 0.999978 0.999255 0.972954 0 
0.9737 1 1 1 1 0.999948 0.998678 0.97432 
0.998698 1 1 1 1 0.999998 0.999951 0.999355 
0.999951 1 1 1 1 1 0.999998 0.999984 
0.999998 1 1 1 1 1 1 1 
1 1 1 1 1 1 1 1 
1 1 1 1 1 1 1 1 
1 1 1 1 1 1 1 1 
1 1 1 1 1 1 1 1 
1 1 1 1 1 1 1 1 
1 1 1 1 1 1 1 1 
1 1 1 1 1 1 1 1 
1 1 1 1 1 1 1 1 
1 1 1 1 1 1 1 1 
1 1 1 1 1 1 1 1 
1 1 1 1 1 1 1 1 
1 1 1 1 1 1 1 1 
1 1 1 1 1 1 1 1 
1 1 1 1 1 1 1 1 
1 1 1 1 1 1 1 1 
1 1 1 1 1 1 1 1 
1 1 1 1 1 1 0.999998 0.999984 
0.999998 1 1 1 1 0.999998 0.999951 0.999355 
0.999951 1 1 1 0.999998 0.99995 0.998695 0.97432 
0.998697 1 1 1 0.999988 0.99932 0.973633 0 
0.973663 1 1 0.999999 0.99998 0.999246 0.97234 0 
0.972987 1 1 0.999998 0.999935 0.997986 0.946699 0 
0.972297 1 1 0.999987 0.999301 0.972939 0 0 
0.946745 0.999999 0.999998 0.999934 0.997995 0.946708 0 0 
0 0.999981 0.999982 0.999332 0.973695 0 0 0.946337 
0.972216 0.999287 0.999932 0.999288 0.972994 0 0 0.970144 
0.972216 0.972968 0.998643 0.999238 0.972967 0 0 0.918333 
0 0 0.972957 0.998561 0.972965 0 0 0 
0 0 0.946936 0.997323 0.97356 0 0 0 
0 0 0 0.973557 0.99734 0.947243 0 0 
0 0 0 0.972942 0.998476 0.971604 0 0 
0.919096 0 0 0.972202 0.997213 0.94665 0 0 
0 0 0 0.945953 0.971472 0 0 0 
0 0 0 0 0.945191 0 0 0 
0 0 0 0 0.944532 0.945861 0 0 
0 0 0.91665 0 0 0.944591 0 0 
0 0 0.91665 0 0 0.950716 0 0.888875 
0 0 0 0 0 0.945248 0 0 
0 0 0 0 0.950573 0.970889 0 0 
0 0 0 0 0.971563 0.971469 0 0 
0 0 0.91665 0 0.970794 0.945915 0 0.888911 
0 0 0.91665 0 0.945166 0 0 0 
0 0 0 0 0.944453 0 0.91809 0 
0 0 0 0 0.944434 0 0.943842 0 
0 0 0 0 0.944459 0 0.944469 0 
0 0 0 0 0.945215 0 0.945902 0 
0 0.919103 0 0 0.971002 0.973517 0.997315 0.973608 
0.972968 0 0 0 0.94665 0.997353 0.999834 0.999317 
0.99929 0 0 0 0 0.974254 0.999352 0.999966 
0.999981 0 0 0 0.919002 0.99668 0.999933 0.999995 
0.999982 0 0 0.918181 0 0.973655 0.999319 0.999934 
0.999993 0 0.918181 0.968736 0 0.973916 0.999249 0.998688 
0.972969 0.946764 0 0.947044 0 0.946736 0.99669 0.974272 
0 0.972974 0 0.972516 0.947522 0 0.946617 0.970934 
0 0.99868 0.974316 0.998586 0.996709 0.947292 0 0.945912 
0 0.999949 0.999305 0.998641 0.974162 0.995348 0.946599 0.970457 
0 0.999981 0.999306 0.973661 0 0.946616 0 0.94593 
0 0.999983 0.999322 0.973662 0 0.972255 0.972894 0.971561 
0 0.999998 0.99995 0.998696 0.974321 0.998626 0.99859 0.972913 
0 1 0.999998 0.999954 0.999391 0.999933 0.99927 0.972984 
0 1 1 0.999999 0.999986 0.999981 0.999321 0.973644 
0 1 1 1 1 0.999998 0.999949 0.998661 
0.972968 1 1 1 1 1 0.999998 0.999951 
0.999288 1 1 1 1 1 1 0.999999 
0.999983 1 1 1 1 1 1 1 
0.999999 1 1 1 1 1 0.999998 0.999983 
0.999982 1 1 1 1 0.999998 0.999951 0.999322 
0.999293 1 1 1 0.999998 0.999951 0.998683 0.973645 
0.972968 1 1 1 0.999983 0.999322 0.973652 0 
0 0.999981 0.999998 0.999999 0.999982 0.999299 0.973029 0 
0 0.999287 0.999949 0.999997 0.999986 0.999401 0.972963 0 
0.919096 0.972968 0.998661 0.999949 0.999976 0.999229 0.972302 0 
0 0 0.973646 0.999317 0.999868 0.997344 0.946928 0 
0 0 0.972983 0.999226 0.998091 0.947385 0 0 
0 0 0.972933 0.998697 0.976557 0 0 0 
0 0 0.972253 0.998477 0.972367 0 0 0 
0 0 0.946631 0.995924 0.946634 0 0 0 
0 0.946085 0 0.945862 0 0.917503 0 0 
0.947401 0.953223 0 0.944474 0 0.945178 0 0.919114 
0.995996 0 0 0.944472 0.945808 0.993917 0.918919 0 
0.973574 0 0 0 0 0.946899 0 0 
0.972313 0 0 0 0 0.969457 0.918203 0 
0.946746 0.94684 0 0 0.944496 0.945399 0 0 
0 0.976977 0 0 0.94444 0 0 0 
0.947349 0.97308 0 0 0.94445 0 0 0 
0.97234 0.973645 0 0 0.944436 0 0 0 
0.972971 0.997989 0.946751 0 0.944434 0 0 0 
0.972989 0.999295 0.973216 0 0.944454 0 0.920032 0 
0.973095 0.99929 0.973008 0 0.945185 0 0.945267 0 
0.976061 0.999289 0.972971 0 0.971503 0.972877 0.997288 0.974286 
0.998783 0.999288 0.97297 0 0.971503 0.972908 0.998578 0.999303 
0.999951 0.999292 0.972998 0 0.945185 0 0.973642 0.999305 
0.999981 0.999316 0.973309 0 0.944475 0 0.973005 0.99929 
0.999981 0.99929 0.972998 0 0.945187 0 0.973647 0.999321 
0.999983 0.999288 0.972971 0 0.971561 0.973591 0.998691 0.999951 
0.999998 0.999292 0.973022 0 0.972967 0.998644 0.999934 0.999997 
1 0.999337 0.973608 0 0.973783 0.999321 0.999982 0.999999 
1 0.999251 0.972334 0 0.982355 0.999307 0.999984 1 
1 0.999628 0.946701 0 0.97299 0.999288 0.999981 0.999999 
1 0.972963 0 0 0.972968 0.999288 0.999981 0.999998 
0.999981 0.946764 0 0 0.972968 0.999288 0.999979 0.99995 
0.999287 0 0 0 0.972968 0.999286 0.999934 0.998717 
0.972968 0.946939 0 0 0.972967 0.999271 0.99936 0.974624 
0 0.976424 0 0 0.972965 0.999254 0.999273 0.973045 
0 0.973816 0 0 0.972915 0.998616 0.998578 0.972932 
0.972238 0.99799 0.946689 0 0.971571 0.973184 0.972268 0 
0.972985 0.999222 0.972273 0 0.945188 0 0.946 0 
0.97366 0.998625 0.972913 0 0.944475 0 0.972025 0.972995 
0.998616 0.97295 0.972255 0 0.945187 0 0.971589 0.973529 
0.998013 0 0.972309 0.97289 0.971543 0 0.945188 0 
0.947456 0 0.980528 0.998215 0.972925 0 0.944453 0 
0 0 0.980415 0.99863 0.97296 0 0.944412 0 
0 0 0.973006 0.998575 0.972951 0 0.943682 0 
0 0 0.972948 0.998575 0.972952 0 0.917445 0 
0 0 0.972948 0.998574 0.972949 0 0 0 
0 0 0.972952 0.998575 0.972948 0 0 0 
0 0 0.972965 0.998581 0.972948 0 0 0 
0 0 0.972265 0.99859 0.972932 0 0.917445 0 
0 0 0.946695 0.998182 0.972228 0 0.943682 0 
0 0 0 0.971477 0.945953 0 0.944414 0 
0 0 0 0.944435 0 0 0.944533 0 
0 0 0 0.917467 0 0 0.947707 0 
0 0 0 0 0 0 0.944535 0 
0 0 0 0 0 0.944547 0.94445 0 
0 0 0 0.917545 0 0.943698 0 0 
0 0 0 0.946253 0 0.917446 0 0 
0 0 0 0.943758 0 0 0 0 
0 0 0 0.917446 0 0 0 0 
0 0 0 0 0 0 0 0 
0 0 0 0 0 0 0 0 
