0 0 0 0 0 0 0 0 
0 0 0 0 0 0 0 0 
0 0 0 0 0 0 0 0 
0 0 0 0 0 0 0 0 
0 0 0 0 0 0 0 0 
0 0 0 0 0 0 0 0 
0 0 0 0 0 0 0 0 
0 0 0 0 0 0 0 0 
0 0 0 0 0 0 0 0 
0 0 0 0 0 0 0 0 
0 0 0 0 0 0 0 0 
0 0 0 0 0 0 0 0 
0 0 0 0 0 0 0 0 
0 0 0 0 0 0 0 0 
0 0 0 0 0 0 0 0 
0 0 0 0 0 0 0 0 
0 0 0 0 0 0 0 0 
0 0 0 0 0 0 0 0 
0 0 0 0 0 0 0 0 
0 0 0 0 0 0 0 0 
0 0 0 0 0 0 0 0 
0 0 0 0 0 0 0 0 
0 0 0 0 0 0 0 0 
0 0 0 0 0 0 0 0 
0 0 0 0 0 0 0 0 
0 0 0 0 0 0 0 0 
0 0 0 0 0 0 0 0 
0 0 0 0 0 0 0 0 
0 0 0 0 0 0 0 0 
0 0 0 0 0 0 0 0 
0 0 0 0 0 0 0 0 
0 0 0 0 0 0 0 0 
0 0 0 0 0 0 0 0 
0 0 0 0 0 0 0 0 
0 0 0 0 0 0 0 0 
0 0 0 0 0 0 0 0 
0 0 0 0 0 0 0 0 
0 0 0 0 0 0 0 0 
0 0 0 0 0 0 0 0 
0 0 0 0 0 0 0 0 
0 0 0 0 0 0 0 0 
0 0 0 0 0 0 0 0 
0 0 0 0 0 0 0 0 
0 0 0 0 0 0 0 0 
0 0 0 0 0 0 0 0 
0 0 0 0 0 0 0 0 
0 0 0 0 0 0 0 0 
0 0 0 0 0 0 0 0 
0.916644 0.903809 0.944054 0.958887 0.955169 0.953479 0.96006 0.975316 
0.995345 0.96711 0.991998 0.994367 0.995487 0.996419 0.997066 0.997749 
0.999707 0.949988 0.987243 0.993217 0.995566 0.999735 0.996506 0.99504 
0.985545 0.982433 0.994022 0.990955 0.989007 0.993168 0.986679 0.986925 
0.974705 0.994426 0.997954 0.996221 0.984417 0.973787 0.949794 0.976612 
0.991887 0.990094 0.997158 0.997232 0.989765 0.964879 0.954419 0.987362 
0.995763 0.992241 0.999616 0.998804 0.995853 0.986071 0.98809 0.999422 
0.998886 0.995641 0.998521 0.99799 0.999925 0.994487 0.995491 0.998753 
0.999671 0.983351 0.99419 0.994434 0.999789 0.999538 0.99813 0.998802 
0.999628 0.930266 0.97731 0.990665 0.997625 0.999421 0.999428 0.999943 
0.999649 0.917395 0.959842 0.986546 0.996329 0.999155 0.999743 0.999115 
0.998658 0.983318 0.987921 0.994772 0.995969 0.998215 0.998707 0.996799 
0.995123 0.997341 0.997671 0.999545 0.99788 0.996241 0.996874 0.990946 
0.986713 0.999371 0.999327 0.999838 0.999066 0.997842 0.998455 0.996347 
0.995939 0.99791 0.998323 0.999049 0.998649 0.998707 0.99937 0.999172 
0.999241 0.991739 0.995165 0.99726 0.997706 0.999151 0.999749 0.999985 
0.999842 0.994422 0.994819 0.997364 0.99686 0.99845 0.999509 0.999794 
0.999888 0.998705 0.998541 0.999012 0.99794 0.996455 0.998193 0.998984 
0.998156 0.999653 0.999881 0.999664 0.996563 0.991621 0.994229 0.995337 
0.990536 0.999199 0.999556 0.999105 0.998529 0.999148 0.995507 0.989298 
0.981323 0.997222 0.999155 0.999423 0.999524 0.999091 0.997597 0.995148 
0.99287 0.994171 0.998533 0.999829 0.999749 0.999545 0.999784 0.991234 
0.980029 0.994441 0.998725 0.999662 0.999525 0.998804 0.99425 0.970716 
0.897888 0.989178 0.997517 0.999169 0.999113 0.997958 0.9902 0.940427 
0.721098 0.993783 0.997252 0.998301 0.998729 0.997351 0.995656 0.95825 
0.771149 0.985226 0.994544 0.996348 0.996453 0.991999 0.991935 0.96667 
0.862894 0.992052 0.997513 0.998355 0.995682 0.984037 0.975937 0.948672 
0.954351 0.997754 0.999241 0.999628 0.997427 0.98829 0.969961 0.979602 
0.991638 0.998789 0.999762 0.998672 0.994863 0.984738 0.987702 0.994542 
0.998478 0.997492 0.996608 0.997141 0.993442 0.97203 0.990385 0.997801 
0.999508 0.996991 0.995858 0.992185 0.971405 0.910352 0.982543 0.995088 
0.998522 0.997196 0.997172 0.989404 0.939167 0 0.956106 0.984633 
0.991587 0.992715 0.991327 0.952848 0.947572 0 0.963108 0.972313 
0.933428 0.995829 0.963359 0 0.939765 0 0.916296 0.86849 
0 0.996564 0.94224 0 0.943321 0 0 0.494192 
0 0.968904 0 0 0.94342 0 0 0 
0 0.926372 0 0 0.943678 0 0 0 
0 0 0 0 0.940516 0 0 0 
0.94632 0 0 0 0.90224 0 0 0 
0.971595 0 0 0 0 0 0 0 
0.970576 0 0 0 0 0 0.944749 0.970374 
0.969584 0 0.916441 0 0 0 0.968166 0.968502 
0 0 0.943176 0 0.945601 0.969854 0.990896 0.961455 
0 0 0.941934 0 0.971798 0.99772 0.996748 0.967844 
0 0 0.909942 0 0.97241 0.9989 0.998611 0.972451 
0 0 0 0 0.971328 0.998468 0.9994 0.998126 
0.971001 0 0 0 0.968136 0.996451 0.99985 0.997659 
0.969623 0 0 0 0.932413 0.990997 0.998393 0.971178 
0 0 0 0 0 0.929937 0.992935 0.967571 
0 0 0 0 0 0 0.972116 0.97051 
0 0 0 0 0.941564 0.944464 0.996132 0.972801 
0 0 0 0 0.944992 0 0.973545 0.995876 
0.942378 0 0 0.946068 0.996181 0.973047 0.995493 0.970269 
0 0 0 0.971789 0.998066 0.995726 0.986285 0.935523 
0 0 0 0.969348 0.995713 0.991139 0.914724 0 
0 0 0 0.96296 0.994978 0.971726 0 0 
0 0 0 0.94138 0.994797 0.9721 0 0 
0 0 0 0 0.942917 0.96783 0 0 
0 0 0 0 0 0.90819 0 0 
0 0 0 0 0 0 0 0 
0 0.968315 0.941493 0 0 0 0 0 
0 0.997641 0.970371 0 0 0 0 0 
0 0.999708 0.997346 0.945113 0 0 0 0 
0 0.999753 0.999168 0.982418 0 0 0 0 
0.941535 0.999639 0.99975 0.997661 0.946192 0 0 0 
0.97128 0.999732 0.999678 0.999899 0.995836 0.945652 0 0.916878 
0.995905 0.99992 0.999753 0.999539 0.998954 0.996436 0.944594 0 
0.971902 0.999853 0.999728 0.999656 0.999037 0.997521 0.968962 0 
0.968305 0.999448 0.999481 0.999189 0.997654 0.996701 0.996137 0.970061 
0.996348 0.998632 0.999343 0.998596 0.996993 0.997487 0.998887 0.997622 
0.999006 0.995035 0.997993 0.995996 0.990345 0.995284 0.999475 0.996134 
0.996671 0.988964 0.996508 0.998344 0.994709 0.997677 0.998161 0.994328 
0.985889 0.994342 0.99845 0.998921 0.999535 0.999243 0.99909 0.996832 
0.98466 0.996478 0.998116 0.999317 0.998948 0.99835 0.998178 0.995628 
0.98284 0.969955 0.992957 0.997979 0.997569 0.995441 0.997272 0.998158 
0.994687 0.898623 0.975598 0.993862 0.997703 0.995428 0.998042 0.999214 
0.998278 0.899854 0.949505 0.984933 0.991237 0.98743 0.995207 0.998891 
0.996562 0.982835 0.983742 0.993198 0.987937 0.981345 0.9927 0.996939 
0.997325 0.999372 0.995539 0.999687 0.99507 0.993468 0.995799 0.998659 
0.999349 0.998822 0.997205 0.996566 0.994208 0.996744 0.997878 0.999298 
0.999917 0.999997 0.998561 0.996234 0.996801 0.998892 0.999973 0.999325 
0.999773 0.99936 0.999146 0.997716 0.997465 0.999208 0.999589 0.999998 
0.999742 0.999999 0.99956 0.999072 0.998242 0.999186 0.999094 0.998243 
0.998826 0.997694 0.99922 0.999552 0.996653 0.997991 0.997705 0.994909 
0.994469 0.993777 0.99792 0.997762 0.995492 0.998174 0.998838 0.996728 
0.989243 0.996742 0.998929 0.99902 0.999547 0.999034 0.999509 0.998598 
0.999766 0.998604 0.999432 0.998869 0.996853 0.998114 0.999219 0.997867 
0.996221 0.996927 0.99874 0.997193 0.993514 0.996255 0.995921 0.996448 
0.998664 0.994686 0.998264 0.99639 0.991328 0.989445 0.986172 0.993978 
0.9989 0.997167 0.999057 0.998793 0.997239 0.993772 0.988686 0.995414 
0.999041 0.998774 0.99959 0.999566 0.999048 0.996271 0.986623 0.966434 
0.99547 0.996986 0.999053 0.999213 0.998771 0.993817 0.948689 0 
0.955626 0.989348 0.997145 0.998919 0.99911 0.995497 0.954514 0 
0.860301 0.987949 0.999937 0.999141 0.998564 0.990884 0.909158 0 
0.530004 0.995456 0.998893 0.999616 0.999271 0.975355 0 0 
0.470458 0.998095 0.99941 0.999249 0.995008 0.933129 0 0 
0 0.999063 0.99973 0.998379 0.969884 0 0 0.943699 
0.964771 0.996439 0.998758 0.99663 0.965961 0 0 0.960499 
0.935562 0.961043 0.993888 0.993158 0.951681 0 0 0.883941 
0 0 0.965467 0.995357 0.964947 0 0 0 
0 0 0.933168 0.994623 0.970894 0 0 0 
0 0 0 0.972959 0.997776 0.944033 0 0 
0 0 0 0.971893 0.997752 0.968648 0 0 
0.916584 0 0 0.966669 0.995078 0.942519 0 0 
0 0 0 0.920856 0.964262 0 0 0 
0 0 0 0 0.939288 0 0 0 
0 0 0 0 0.933291 0.938081 0 0 
0 0 0.915997 0 0 0.94317 0 0 
0 0 0.914735 0 0 0.944093 0 0.886772 
0 0 0 0 0 0.944766 0 0 
0 0 0 0 0.94917 0.970267 0 0 
0 0 0 0 0.970464 0.968847 0 0 
0 0 0.915304 0 0.969053 0.936123 0 0.885021 
0 0 0.912224 0 0.942759 0 0 0 
0 0 0 0 0.938947 0 0.915489 0 
0 0 0 0 0.942595 0 0.93496 0 
0 0 0 0 0.943831 0 0.925478 0 
0 0 0 0 0.943658 0 0.938232 0 
0 0.917059 0 0 0.967522 0.972363 0.995994 0.972605 
0.972609 0 0 0 0.941432 0.996207 0.999416 0.998936 
0.999147 0 0 0 0 0.973322 0.998796 0.99942 
0.999728 0 0 0 0.917935 0.996004 0.999532 0.99897 
0.998993 0 0 0.916186 0 0.971495 0.998106 0.998627 
0.996047 0 0.916099 0.967782 0 0.962007 0.99308 0.993104 
0.960654 0.939594 0 0.947515 0 0.905907 0.968345 0.952135 
0 0.972466 0 0.967245 0.944466 0 0.884457 0.951244 
0 0.996204 0.966589 0.987611 0.989022 0.92748 0 0.941601 
0 0.999037 0.996247 0.99099 0.958684 0.988319 0.94372 0.96878 
0 0.99959 0.998395 0.97112 0 0.944164 0 0.94291 
0 0.999411 0.998917 0.972825 0 0.96715 0.959659 0.965602 
0 0.998668 0.99895 0.996053 0.965509 0.994224 0.993342 0.962539 
0 0.998762 0.998102 0.99884 0.994636 0.9982 0.998886 0.969652 
0 0.993923 0.995817 0.998263 0.998587 0.999484 0.999057 0.974772 
0 0.97756 0.993227 0.999934 0.999367 0.999781 0.999804 0.997153 
0.968544 0.953093 0.988072 0.997145 0.998873 0.999632 0.999574 0.99808 
0.992659 0.983754 0.994485 0.998331 0.99885 0.999595 0.999973 0.998981 
0.997437 0.996524 0.994213 0.995667 0.996129 0.998494 0.998873 0.998183 
0.998836 0.998948 0.995774 0.987588 0.984992 0.992583 0.99386 0.992812 
0.994951 0.999275 0.996347 0.98521 0.978796 0.977102 0.980921 0.983141 
0.968922 0.999506 0.997718 0.993787 0.993588 0.987451 0.985591 0.927454 
0.829035 0.998743 0.997336 0.999533 0.998521 0.995979 0.971014 0 
0 0.994031 0.995778 0.998505 0.999194 0.997802 0.971743 0 
0 0.976651 0.994301 0.998953 0.99874 0.995166 0.968244 0 
0.912029 0.89964 0.985613 0.997078 0.995775 0.982529 0.943957 0 
0 0 0.967487 0.997326 0.993333 0.959495 0.823124 0 
0 0 0.969804 0.997846 0.991519 0.903368 0 0 
0 0 0.971094 0.99795 0.971605 0 0 0 
0 0 0.970003 0.99773 0.97264 0 0 0 
0 0 0.940526 0.993379 0.941113 0 0 0 
0 0.941629 0 0.936296 0 0.913138 0 0 
0.942975 0.927846 0 0.890272 0 0.943485 0 0.916162 
0.994559 0 0 0.904874 0.938398 0.996906 0.918322 0 
0.969805 0 0 0 0 0.944081 0 0 
0.952186 0 0 0 0 0.958109 0.910959 0 
0.826744 0.943716 0 0 0.937284 0.914813 0 0 
0 0.971515 0 0 0.9432 0 0 0 
0.945336 0.971281 0 0 0.941847 0 0 0 
0.964218 0.969711 0 0 0.931484 0 0 0 
0.918827 0.995818 0.942243 0 0.932358 0 0 0 
0.751407 0.994963 0.970618 0 0.941382 0 0.913111 0 
0.873293 0.9946 0.971901 0 0.939417 0 0.944134 0 
0.955229 0.988945 0.970585 0 0.962013 0.967838 0.99616 0.97166 
0.995645 0.9713 0.965329 0 0.96429 0.966687 0.997539 0.999138 
0.999321 0.992605 0.964144 0 0.943268 0 0.97281 0.998705 
0.999769 0.998792 0.966381 0 0.940758 0 0.971987 0.99807 
0.999788 0.997077 0.971775 0 0.938303 0 0.973735 0.997785 
0.99849 0.994978 0.970174 0 0.96908 0.973058 0.997187 0.999056 
0.998236 0.998682 0.971055 0 0.971631 0.994068 0.996874 0.998906 
0.99866 0.975456 0.967235 0 0.970391 0.995039 0.994331 0.998695 
0.998228 0.918243 0.946651 0 0.961322 0.986577 0.993553 0.998042 
0.999043 0.899546 0.840564 0 0.950964 0.988942 0.99741 0.999006 
0.997973 0.56611 0 0 0.961783 0.994992 0.999104 0.999485 
0.998132 0.196267 0 0 0.970848 0.998359 0.999507 0.99908 
0.995312 0 0 0 0.969258 0.998137 0.999982 0.996376 
0.956779 0.94491 0 0 0.960453 0.997082 0.997588 0.967344 
0 0.972232 0 0 0.940843 0.993422 0.99539 0.951336 
0 0.975749 0 0 0.917638 0.988471 0.99429 0.953129 
0.967792 0.99395 0.915888 0 0.949398 0.958941 0.969861 0 
0.971392 0.997116 0.960379 0 0.939206 0 0.942804 0 
0.974011 0.994256 0.969189 0 0.943328 0 0.957672 0.943703 
0.995176 0.959637 0.969547 0 0.943379 0 0.953723 0.925654 
0.987361 0 0.980132 0.962266 0.964827 0 0.94356 0 
0.894652 0 0.969932 0.987423 0.975046 0 0.943582 0 
0 0 0.970978 0.992062 0.965801 0 0.941664 0 
0 0 0.972296 0.996969 0.971169 0 0.923119 0 
0 0 0.972184 0.998149 0.972564 0 0.77408 0 
0 0 0.971091 0.998133 0.972514 0 0 0 
0 0 0.969441 0.997701 0.971467 0 0 0 
0 0 0.97011 0.997765 0.970644 0 0 0 
0 0 0.967951 0.997341 0.969128 0 0.916762 0 
0 0 0.926738 0.992661 0.955865 0 0.942468 0 
0 0 0 0.958324 0.887068 0 0.944429 0 
0 0 0 0.882245 0 0 0.944019 0 
0 0 0 0.62946 0 0 0.944092 0 
0 0 0 0 0 0 0.943313 0 
0 0 0 0 0 0.943262 0.941761 0 
0 0 0 0.894295 0 0.93656 0 0 
0 0 0 0.941067 0 0.855565 0 0 
0 0 0 0.94185 0 0 0 0 
0 0 0 0.907238 0 0 0 0 
0 0 0 0 0 0 0 0 
0 0 0 0 0 0 0 0 
