0 0 0 0 0 0 0 0 
0 0 0 0 0 0 0 0 
0 0 0 0 0 0 0 0 
0 0 0 0 0 0 0 0 
0 0 0 0 0 0 0 0 
0 0 0 0 0 0 0 0 
0 0 0 0 0 0 0 0 
0 0 0 0 0 0 0 0 
0 0 0 0 0 0 0 0 
0 0 0 0 0 0 0 0 
0 0 0 0 0 0 0 0 
0 0 0 0 0 0 0 0 
0 0 0 0 0 0 0 0 
0 0 0 0 0 0 0 0 
0 0 0 0 0 0 0 0 
0 0 0 0 0 0 0 0 
0 0 0 0 0 0 0 0 
0 0 0 0 0 0 0 0 
0 0 0 0 0 0 0 0 
0 0 0 0 0 0 0 0 
0 0 0 0 0 0 0 0 
0 0 0 0 0 0 0 0 
0 0 0 0 0 0 0 0 
0 0 0 0 0 0 0 0 
0 0 0 0 0 0 0 0 
0 0 0 0 0 0 0 0 
0 0 0 0 0 0 0 0 
0 0 0 0 0 0 0 0 
0 0 0 0 0 0 0 0 
0 0 0 0 0 0 0 0 
0 0 0 0 0 0 0 0 
0 0 0 0 0 0 0 0 
0 0 0 0 0 0 0 0 
0 0 0 0 0 0 0 0 
0 0 0 0 0 0 0 0 
0 0 0 0 0 0 0 0 
0 0 0 0 0 0 0 0 
0 0 0 0 0 0 0 0 
0 0 0 0 0 0 0 0 
0 0 0 0 0 0 0 0 
0 0 0 0 0 0 0 0 
0 0 0 0 0 0 0 0 
0 0 0 0 0 0 0 0 
0 0 0 0 0 0 0 0 
0 0 0 0 0 0 0 0 
0 0 0 0 0 0 0 0 
0 0 0 0 0 0 0 0 
0 0 0 0 0 0 0 0 
0.00129534 6.21472e-05 0.00252576 0.0477563 0.00251203 0.00208558 0.0456352 0.20116 
0.0233385 8.01813e-05 0.012331 0.00254216 0.000545609 0.0162898 0.00658733 0.077467 
0.00557126 1.39116e-05 0.000280763 0.000282605 0.00597152 0.0829453 0.00627406 0.00458171 
0.000304411 0.000391454 0.005735 0.000417704 0.00042734 0.00596984 0.000422262 0.000144189 
1.18653e-05 0.00573111 0.0808537 0.00613604 0.000242661 0.00021268 1.50001e-05 1.25892e-05 
9.39034e-05 0.000443409 0.00680332 0.0103162 0.000819265 3.8765e-05 1.5025e-05 0.000257614 
0.00249198 0.000956048 0.0173408 0.115541 0.00993066 0.00045166 0.000270506 0.0049078 
0.0421723 0.00734637 0.0952939 0.017157 0.00118971 0.00151768 0.00281001 0.0572885 
0.299309 0.000542143 0.00735649 0.00105368 0.00252359 0.0385673 0.00518029 0.00686199 
0.0601864 2.1095e-05 0.000308854 0.00112797 0.0214986 0.19233 0.0607293 0.0234605 
0.200262 1.72015e-05 3.77529e-05 0.000388384 0.00458634 0.0603372 0.280856 0.0414434 
0.0198597 0.000589004 0.000601056 0.00433445 0.00123398 0.0229431 0.0403251 0.00490854 
0.00106073 0.0136903 0.00959385 0.0623287 0.00858673 0.00119809 0.00296718 0.000370379 
0.000214831 0.148114 0.0736795 0.364201 0.0623447 0.00529169 0.0221887 0.00244657 
0.0043646 0.0136936 0.00959899 0.062407 0.00925321 0.0109328 0.0740983 0.0377468 
0.0653173 0.00064117 0.000638794 0.00486855 0.00580286 0.0728546 0.402667 0.300596 
0.387801 0.00154438 0.000889463 0.00852607 0.0016348 0.0154912 0.138802 0.409758 
0.125877 0.0288294 0.0141814 0.10284 0.0196717 0.00177139 0.0156622 0.0749806 
0.0142129 0.238937 0.087357 0.0135352 0.00179199 0.000247299 0.000959903 0.00542082 
0.000869614 0.0404356 0.154587 0.0173822 0.0197934 0.00358298 0.000280795 0.000254034 
3.6702e-05 0.00519322 0.0635631 0.0299068 0.178185 0.0612213 0.00402661 0.000186888 
6.94071e-06 0.000811272 0.0142216 0.114465 0.0547939 0.216173 0.0261501 0.00140838 
4.90811e-05 0.00378095 0.0564735 0.341794 0.0600154 0.0300773 0.00296374 0.000151426 
5.18108e-06 0.000508937 0.00850916 0.0566767 0.0131169 0.018838 0.000446921 1.06138e-05 
2.92678e-07 0.001037 0.0297977 0.0100277 0.0765918 0.00556773 0.000301889 5.18616e-06 
1.27599e-07 7.49038e-05 0.00157762 0.00211413 0.00540552 0.000477188 0.013264 0.000118701 
2.88943e-06 0.000955563 0.0124732 0.0287733 0.00328079 0.000177489 0.00012481 9.83427e-06 
8.69492e-05 0.0125223 0.135261 0.230993 0.0283836 0.00155629 6.82016e-05 0.0002362 
0.00233854 0.0404252 0.0140907 0.029878 0.00314753 0.000173878 0.000232425 0.00420741 
0.0401589 0.00171096 0.00179544 0.032268 0.00127924 0.000103233 0.0020416 0.0362805 
0.292054 0.000347052 0.00282826 0.00131359 4.9836e-05 9.28376e-06 0.000227758 0.00420644 
0.0401738 0.0171217 0.0515534 0.00279226 7.99574e-05 4.4433e-06 0.000196036 0.000237005 
0.00233906 0.000491286 0.00278324 0.000164512 0.000252064 0.000201326 0.0147881 0.000192169 
8.69677e-05 0.00571724 0.000443184 0.000509482 0.00683099 0.000496691 0.000201254 2.93289e-06 
2.43646e-06 0.0839028 0.0056205 0.00705119 0.0908896 0.00688036 0.000251133 6.17351e-06 
2.81626e-06 0.00571434 0.000444011 0.00195522 0.0236772 0.00210964 9.36278e-05 1.05363e-05 
0.000137139 0.000204416 0.000658905 0 0.163175 0.0170137 0.000820988 0.000285863 
0.00456661 6.11443e-06 6.23786e-05 0 0.0169967 0.00162313 0.00020832 0.00441057 
0.0749439 0 5.45386e-06 0 0.000812936 8.36706e-05 0.000215206 0.00378998 
0.0645356 0 7.56403e-05 0 3.21637e-05 0.000213368 0.0039385 0.00861805 
0.0039771 0.000210244 0.00201788 0.000204087 0.000138184 0.00362511 0.0648774 0.105036 
0.00842792 0 0.0344863 0 0.000978035 0.000446257 0.0039568 0.00844321 
0.000641388 0 0.253703 0 0.018298 0.00530989 0.000667961 0.000427067 
3.24504e-05 0 0.035079 0 0.162985 0.0707365 0.00839178 0.00244125 
0.000151206 0.000204375 0.00224311 0.00528171 0.070774 0.337048 0.0595516 0.0370557 
0 3.60661e-05 9.8514e-05 0.000550516 0.00832828 0.0577987 0.0408159 0.250455 
0.0334514 0.0108774 3.07813e-05 0.000109247 0.0127159 0.0042316 0.00892329 0.0730452 
0.00573655 2.71691e-05 1.84724e-07 3.02925e-06 0.000169788 0.00290698 0.0512954 0.00655527 
0.00037367 3.45159e-08 2.3899e-08 6.06028e-07 1.4083e-05 0.000286078 0.00408302 0.00100307 
3.77062e-05 2.17235e-08 6.42442e-07 1.43351e-05 0.000232674 0.0026708 0.025678 0.0258347 
0.000786116 5.4913e-07 1.56103e-05 0.000322244 0.00436002 0.0253597 0.21138 0.0401667 
0.00271758 9.73399e-06 0.000271996 0.0054021 0.0638104 0 0.0895272 0.155172 
0.0152154 9.54244e-05 0.00259281 0.044018 0.289217 0.0382776 0.00772202 0.0153941 
0.00149665 0.000212234 0.00659394 0.106317 0.0440291 0.00462392 0.000440953 0.000813789 
0.0130836 1.38253e-05 0.000419705 0.00660302 0.00275374 0.00177072 0.000178366 3.08585e-05 
0.000104497 6.0857e-07 1.94425e-05 0.000373851 0.00325759 0.0275805 0.00301138 0.00016042 
6.05065e-06 1.42352e-06 5.46951e-05 0.00166824 0.041406 0.221877 0.0275644 0.00151207 
5.35351e-05 1.93019e-07 5.63119e-06 0.000161645 0.00316241 0.0275758 0.00301082 0.000159918 
5.60824e-06 2.20021e-06 5.68599e-07 8.43721e-06 0.000160744 0.00151228 0.000159953 8.40901e-06 
2.9378e-07 8.17221e-05 1.06354e-05 1.031e-06 5.64793e-06 5.36346e-05 3.3728e-05 3.66367e-07 
1.04177e-08 0.00229561 0.000316259 2.32589e-05 1.29753e-06 2.95776e-05 0.010855 2.81306e-05 
4.19795e-08 0.0456056 0.00663806 0.000539013 2.76901e-05 1.11862e-06 2.81424e-05 9.90686e-08 
3.36439e-07 0.656229 0.0833201 0.00821889 0.000476863 1.90853e-05 6.67513e-07 1.25269e-06 
1.60677e-05 0.0855775 0.333789 0.0667402 0.00496315 0.000236294 1.0214e-05 4.46978e-05 
0.000573894 0.0531024 0.324754 0.226103 0.0245348 0.0018797 0.000141302 0.00106228 
0.0134315 0.0744344 0.0554527 0.0597167 0.00525196 0.0143712 0.00180517 0.0124696 
0.146217 0.417916 0.0724921 0.0476781 0.0193918 0.145457 0.0142631 0.00170328 
0.0134244 0.33545 0.0779515 0.27972 0.0417822 0.0166839 0.00185844 0.000163197 
0.000861619 0.0386089 0.0319408 0.0431199 0.00516387 0.00188629 0.0113634 0.00148839 
0.0079257 0.0254369 0.20301 0.0262965 0.00202222 0.0113737 0.135791 0.0185587 
0.103444 0.00255319 0.0239954 0.00265339 0.000226916 0.00149626 0.0118904 0.0015337 
0.00791055 0.000349207 0.0050417 0.00179662 0.00118633 0.0126721 0.0140778 0.00120806 
0.000324792 0.00379011 0.063474 0.031935 0.0149644 0.137719 0.144351 0.0131675 
0.000579967 0.00162231 0.0314395 0.248599 0.0289379 0.0140319 0.0137971 0.00253192 
0.00019247 0.000146497 0.00291922 0.0279824 0.0044232 0.000890306 0.00335699 0.0257884 
0.00275301 7.62041e-06 0.000175482 0.00298098 0.0371223 0.00297012 0.0257875 0.21245 
0.0256976 1.34214e-06 1.58333e-05 0.000264736 0.0015852 0.000210235 0.00276053 0.0258006 
0.00292726 4.53702e-05 0.000307026 0.00474357 0.000337271 2.54179e-05 0.000240237 0.00342755 
0.00456381 0.00154736 0.00484449 0.0716465 0.00475525 0.000399649 0.0021128 0.0443891 
0.0663813 0.0409741 0.00276068 0.004862 0.000699492 0.00592837 0.00602388 0.0611522 
0.389379 0.202667 0.0227876 0.00161446 0.00583279 0.0827888 0.0368787 0.0150595 
0.0987466 0.0252652 0.0431447 0.00524896 0.00304456 0.0441654 0.237398 0.0620847 
0.27284 0.0420971 0.282159 0.0423772 0.0109448 0.105141 0.0390919 0.00738071 
0.0356337 0.00901924 0.102737 0.0330201 0.00176303 0.00879833 0.00548156 0.000784628 
0.00201221 0.000793927 0.00888643 0.00476031 0.000643119 0.00649827 0.0484113 0.00618452 
0.000445633 0.00448852 0.0404021 0.06137 0.00662769 0.0484293 0.311043 0.0482973 
0.00315959 0.0369292 0.265426 0.0528559 0.00287925 0.00701845 0.0671087 0.00670154 
0.00275924 0.00441066 0.0378076 0.00463556 0.000632657 0.0185047 0.00392379 0.00279266 
0.0504558 0.00123745 0.0288292 0.00206566 0.00043428 0.000387436 0.000175728 0.00100865 
0.0140558 0.00534063 0.0447557 0.0345645 0.010236 0.000747294 0.000460436 0.0107544 
0.132989 0.0431282 0.298089 0.168543 0.117927 0.0092728 0.000391868 0.000887377 
0.0116007 0.00723336 0.0832758 0.0204901 0.0240037 0.00200971 8.60604e-05 3.7769e-05 
0.000474489 0.000446908 0.00565393 0.0181952 0.145943 0.014242 0.000645577 2.01593e-05 
1.27583e-05 0.000424719 0.00666185 0.0501036 0.0203683 0.00166564 7.27956e-05 6.02712e-06 
5.42712e-07 0.0037446 0.0531861 0.313539 0.0494749 0.00320754 0.000142711 0.000179279 
1.16473e-05 0.00955166 0.0716398 0.0574933 0.00687115 0.000422483 0.000366441 0.00526713 
0.000349862 0.065698 0.370631 0.0687725 0.0050224 0.00040226 0.00527391 0.0764863 
0.00526247 0.00918134 0.0659204 0.00934917 0.000623411 3.86825e-05 0.00035098 0.00526666 
0.00034984 0.00060612 0.00467974 0.00166947 8.1396e-05 3.14529e-06 1.16393e-05 0.000175316 
1.1549e-05 4.55663e-05 0.00127168 0.0303046 0.00126711 3.49333e-05 1.2208e-06 3.8863e-06 
2.57627e-07 2.16813e-05 0.000200731 0.0135032 0.00650422 0.00046928 2.07336e-05 7.26939e-07 
9.36775e-07 0.000233718 0 0.136842 0.101877 0.00711508 0.000333258 1.1008e-05 
0.000164245 1.03658e-06 0 0.0497399 0.27322 0 0.00119568 9.75528e-05 
0.0145854 0 2.0545e-07 0.000190236 0.0382054 0 0.000144588 0 
0.000125785 0 0 2.05252e-06 0.00233527 0.000164069 1.24072e-05 9.45314e-08 
5.40419e-07 0 0 0 0.0111693 0.000115451 8.30562e-06 4.92237e-08 
0 0 0 0 4.75517e-05 0.00191288 0.000204145 1.43078e-06 
1.8195e-07 0 0.143768 0 0 0.0331331 0.0031128 0 
0 0 0.0141043 0 0 0.249289 0 0.0306689 
0 0 0 0 0 0.0883049 0 0.00120672 
0 0 0 0 0.0931147 0.112408 0 0.000258999 
1.16143e-07 0 0 0 0.0218171 0.0100951 0.000634667 0.00036437 
1.75157e-07 0 0.0777089 0 0.150802 0 0.000856148 0.0180424 
0.000338551 0 0.00541667 0 0.0151143 0 0.00110727 0.000366839 
6.90403e-06 0 0 0 0.00201016 0 0.029814 0 
9.01412e-06 0 0 0 0.0246326 0 0.00116378 3.18549e-05 
5.91201e-06 0 0 0 0.206172 0 0.00109635 0 
0.000178621 0 0.000102754 0 0.0246658 0 0.00242242 0.000737152 
0.00429554 0.0189394 0 0 0.00306222 0.0540786 0.0396703 0.0120643 
0.0646785 0 6.69578e-06 0 0.00240415 0.0398914 0.281978 0.0934123 
0.387438 2.3793e-10 3.1734e-06 0 0.0021357 0.0171102 0.0402031 0.0298885 
0.234638 3.02361e-06 8.53639e-05 0.00197607 0.0379786 0.135403 0.0186756 0.00948659 
0.0239449 5.79492e-05 0.00129718 0.0143623 0.00327111 0.0162152 0.0647103 0.0890493 
0.00745277 0.000664185 0.0142909 0.145822 0.0144552 0.00141288 0.00386442 0.00650931 
0.000483101 0.000992566 0.00133123 0.0144959 0.00479279 0.000281231 0.000120701 0.000240277 
1.74066e-05 0.0294081 0.00109326 0.00416328 0.0592791 0.00350479 0.000136817 0.000423261 
3.39499e-05 0.00376144 0.000297493 0.000239821 0.00350515 0.000263614 0.000836972 0.0101396 
0.000829095 0.0577206 0.00593651 0.000458464 0.000192294 0.00196256 0.0101953 0.116712 
0.0101261 0.102352 0.0540167 0.00683814 0.00193063 0.0484992 0.00237542 0.0101725 
0.000829592 0.0539305 0.307327 0.0680529 0.00362807 0.00170043 0.000262825 0.000437868 
3.48469e-05 0.00853663 0.0478665 0.0066258 0.000446917 0.0007749 0.003975 0.000479056 
3.10284e-05 0.0489507 0.0053839 0.0020071 0.0012758 0.0128753 0.0585915 0.00610453 
0.000433414 0.00238564 0.00177944 0.0371381 0.0155976 0.124025 0.345748 0.0145371 
0.00222991 6.45082e-05 0.000313868 0.0069032 0.0724581 0.392108 0.128234 0.0115331 
0.000687299 1.55469e-05 0.000370486 0.00591115 0.0123378 0.0922523 0.098988 0.00879939 
0.000591666 0.000302393 0.00514736 0.0759689 0.0228304 0.187633 0.308619 0.0457316 
0.0075795 0.00459638 0.000604655 0.00522684 0.00343031 0.0543548 0.0475238 0.0104229 
0.0778666 0.0743699 0.00448314 0.000312121 0.000157503 0.00242034 0.0029418 0.000638719 
0.00506534 0.0441166 0.00353271 0.000233261 0.000213899 8.60806e-05 0.000131231 2.16327e-05 
0.000102706 0.289585 0.00758579 0.00171781 0.00467961 0.000447048 0.000912671 3.23157e-05 
2.2666e-06 0.0398002 0.00384046 0.00783944 0.0661958 0.00215071 0.0300853 0.000967422 
1.96184e-05 0.00235299 0.0034592 0.00979033 0.381569 0.00796499 0.0815066 0.00166881 
7.70651e-05 0.000256836 0.00535206 0.0789371 0.0705585 0.00137803 0.00586209 0.000119569 
2.50533e-06 1.08193e-05 0.00043707 0.00780466 0.00504581 9.02294e-05 9.44786e-05 1.92495e-06 
3.28652e-08 3.99172e-05 0.000869442 0.0501169 0.00288012 4.18179e-05 1.1145e-06 1.80352e-08 
2.61672e-10 3.76466e-05 0.000941965 0.0738542 0.000728752 3.79754e-06 1.87674e-08 1.37532e-10 
1.48916e-12 0.0020422 0.00319032 0.470294 0.00270326 7.50466e-06 1.3951e-08 2.00664e-11 
3.18353e-12 3.21045e-05 0.00154284 0.296702 0.00174423 5.0652e-06 9.89548e-09 2.65716e-11 
2.26775e-09 7.55919e-05 0.000260775 0.0404315 0.000186207 1.20914e-05 6.97171e-08 6.57591e-09 
1.21604e-06 0.0122902 8.96306e-05 0.00239183 2.37642e-05 0.00121459 6.46891e-06 2.29156e-06 
0.00043323 6.1769e-05 4.14776e-07 0 4.99478e-05 0.0231441 6.48243e-05 0.000404475 
0.0766057 5.36913e-08 6.5391e-10 0 0 0.198123 0 1.68282e-05 
0.00497043 0 1.41864e-13 0 0 0.0231327 0 1.90568e-08 
4.2332e-06 0 0 0 5.22792e-08 5.89143e-05 0 7.9886e-12 
1.21334e-09 0 0 0 0 0 0 0 
0 0.15276 0 0 0.213646 0 0 0 
0.0474084 0.0111104 0 0 0.0262189 0 0 0 
0.00192064 0 0 0 0.00164577 0 0 0 
0 0.0330655 0 0 0 0 0 0 
1.16422e-06 0 0.0543997 0 0.0493414 0 0.00505477 0 
3.28213e-05 0 0.339547 0 0.00459671 0 0.0698873 0 
0.000635791 0 0.0544521 0 0.00220748 0 0.376396 0 
0.00914745 0.000217405 0.00371995 0 0.0033491 0.00236607 0.0710551 0 
0.0904579 0 0.00225285 0 0.0939877 0 0.033737 0.0807203 
0.45956 0.234254 0.0257015 0 0.00737518 0.000835442 0.021007 0.00532173 
0.0897723 0.0076744 0.00274078 0 0.00162328 4.58586e-05 0.178817 0.00867498 
0.0073124 0.00053505 0.0150986 0.00099807 0.0210707 0.00133993 0.0281486 0.106915 
0.00940312 0.00407433 0.149584 0.00905981 0.184379 0.00538058 0.00450362 0.0574698 
0.0245915 0.000376979 0.0150109 0.000917497 0.0212119 0.0150672 0.000397438 0.00182236 
0.00493941 1.68701e-05 0.000693043 4.40352e-05 0.00107647 0.000221172 0.000984549 0.0085142 
0.0703574 2.96368e-07 1.23329e-05 2.9176e-06 0.000116679 0.000405645 0.0162144 0.0637996 
0.00265177 5.80604e-09 4.33898e-07 3.05501e-05 0.00154905 0.00658399 0.152648 0.365703 
0.00739342 2.64912e-07 1.44541e-05 0.00142682 0.0703095 0.146369 0.0493317 0.0663201 
0.00765987 2.97776e-05 1.37254e-06 9.84525e-05 0.00519761 0.00850083 0.184937 0.0247107 
0.00048338 0.0034686 5.04345e-05 1.6242e-05 0.00178321 0.0993685 0.0279907 0.000811489 
1.03176e-05 0.194669 0.00289023 2.18912e-05 0.000124472 0.00786569 0.00248113 3.91943e-05 
1.26685e-05 0.0211809 0.000299013 2.1397e-06 3.19485e-06 0.000338992 0.0180862 0.00023146 
0.000975643 0.00182935 2.22742e-05 2.8053e-07 2.11609e-05 0.00196245 0.169105 0.00173445 
0.00322515 0.119743 0.00148871 2.63815e-05 0.00171083 0.000205212 0.0188303 0.00313963 
0.309866 0.00110555 0.0085917 0.00154856 0.14309 0.00121943 0.000196827 0.000286486 
0.0415082 0.000720687 0.108692 0.00126433 0.0372777 0.000278076 0.00137183 2.76689e-05 
0.00301069 0.000730708 0.128402 0.00101126 0.00198749 1.79923e-05 0.00131523 4.62883e-06 
1.78298e-05 5.41583e-05 0.0122706 0.000127835 0.00672758 0.000896404 0.246424 0.000726149 
1.09855e-06 7.95179e-05 0.0229192 0.000157142 0.00107262 0.000105895 0.0299515 7.76267e-05 
9.6023e-08 0.000128415 0.195232 0.00152514 0.0257385 4.54723e-05 7.41839e-05 1.58928e-07 
5.37308e-11 1.42385e-05 0.0361122 0.164989 0.219774 2.02282e-05 4.15599e-08 6.88431e-11 
0 0 0 0.311826 0.12902 0 0 0 
0 0 0 0.0779354 0.00668168 0 0 0 
0 0 0 0.27275 0 0 0 0 
0 0 0 0.35839 0 0 0.121768 0 
0 0 0 0.0595558 0 0 0.0100156 0 
0 0 0 0.00403418 0 0 0.20234 0 
0 0 0 0 0 0 0.0592577 0 
0 0 0 0 0 0 0.285458 0 
0 0 0 0 0 0 0.0375994 0 
0 0 0 0 0 0.225838 0 0 
0 0 0 0 0 0.00563728 0 0 
0 0 0 0.380895 0 0 0 0 
0 0 0 0.0665168 0 0 0 0 
0 0 0 0 0 0 0 0 
0 0 0 0 0 0 0 0 
0 0 0 0 0 0 0 0 
