0 0 0 0 0 0 0 0 
0 0 0 0 0 0 0 0 
0 0 0 0 0 0 0 0 
0 0 0 0 0 0 0 0 
0 0 0 0 0 0 0 0 
0 0 0 0 0 0 0 0 
0 0 0 0 0 0 0 0 
0 0 0 0 0 0 0 0 
0 0 0 0 0 0 0 0 
0 0 0 0 0 0 0 0 
0 0 0 0 0 0 0 0 
0 0 0 0 0 0 0 0 
0 0 0 0 0 0 0 0 
0 0 0 0 0 0 0 0 
0 0 0 0 0 0 0 0 
0 0 0 0 0 0 0 0 
0 0 0 0 0 0 0 0 
0 0 0 0 0 0 0 0 
0 0 0 0 0 0 0 0 
0 0 0 0 0 0 0 0 
0 0 0 0 0 0 0 0 
0 0 0 0 0 0 0 0 
0 0 0 0 0 0 0 0 
0 0 0 0 0 0 0 0 
0 0 0 0 0 0 0 0 
0 0 0 0 0 0 0 0 
0 0 0 0 0 0 0 0 
0 0 0 0 0 0 0 0 
0 0 0 0 0 0 0 0 
0 0 0 0 0 0 0 0 
0 0 0 0 0 0 0 0 
0 0 0 0 0 0 0 0 
0 0 0 0 0 0 0 0 
0 0 0 0 0 0 0 0 
0 0 0 0 0 0 0 0 
0 0 0 0 0 0 0 0 
0 0 0 0 0 0 0 0 
0 0 0 0 0 0 0 0 
0 0 0 0 0 0 0 0 
0 0 0 0 0 0 0 0 
0 0 0 0 0 0 0 0 
0 0 0 0 0 0 0 0 
0 0 0 0 0 0 0 0 
0 0 0 0 0 0 0 0 
0 0 0 0 0 0 0 0 
0 0 0 0 0 0 0 0 
0 0 0 0 0 0 0 0 
0 0 0 0 0 0 0 0 
0.920603 0.960738 0.944629 0.964394 0.956611 0.964076 0.958233 0.972318 
0.997251 0.998856 0.999453 0.998984 0.998917 0.998976 0.998843 0.999106 
0.999906 0.999957 0.999963 0.999971 0.999973 0.999972 0.999974 0.999974 
0.999996 0.999993 0.999996 0.999997 0.999996 0.999996 0.999995 0.999999 
0.999994 0.999997 0.999999 1 0.999996 0.999992 0.999989 0.999993 
0.999997 0.999997 1 0.999999 0.999996 0.999991 0.999989 0.999995 
0.999998 0.999998 0.999999 0.999999 0.999998 0.999996 0.999996 0.999999 
1 0.999998 0.999999 0.999999 0.999999 1 0.999998 0.999999 
1 0.999992 0.999999 0.999999 1 1 1 1 
1 0.99998 0.999992 0.999999 0.999999 1 1 1 
1 0.999978 0.999989 0.999996 0.999999 1 1 1 
0.999999 0.999998 0.999996 0.999999 1 1 0.999999 0.999999 
0.999999 0.999999 0.999999 1 1 0.999999 0.999999 0.999998 
0.999999 1 1 1 1 1 0.999999 0.999999 
0.999999 0.999999 0.999999 1 1 1 1 1 
1 0.999998 0.999999 0.999999 1 1 1 1 
1 0.999998 0.999999 1 0.999999 0.999999 1 1 
1 0.999999 0.999999 1 0.999999 0.999999 0.999999 0.999999 
0.999999 1 1 1 0.999999 0.999998 1 0.999998 
0.999997 1 1 1 1 0.999999 0.999999 1 
0.999995 0.999999 1 1 1 1 0.999999 0.999998 
0.999996 0.999998 0.999999 1 1 1 0.999999 0.999999 
0.999988 0.999998 0.999999 1 1 0.999999 0.999997 0.999987 
0.999957 0.999997 0.999999 1 1 0.999999 0.999995 0.999996 
0.999909 0.999998 0.999999 0.999999 0.999999 0.999999 0.999997 0.999984 
0.999985 1 0.999999 0.999999 0.999999 0.999997 0.999995 0.999984 
0.999958 0.999998 0.999999 0.999999 0.999998 0.999996 0.999993 0.999999 
0.999982 0.999999 1 1 0.999999 0.999996 0.999998 0.999996 
0.999997 0.999999 1 1 0.999996 0.999979 0.999995 0.999998 
0.999999 0.999999 0.999999 0.999996 0.999947 0.999347 0.999947 0.999996 
0.999999 1 0.999995 0.999931 0.998684 0.974303 0.998688 0.999946 
0.99998 0.999996 0.999932 0.99867 0.973582 0 0.973618 0.999269 
0.999283 0.999981 0.998693 0.973585 0.971611 0 0.972236 0.99793 
0.972954 0.999307 0.981404 0 0.945778 0 0.94592 0.970743 
0 0.997969 0.946743 0 0.944499 0 0 0.917869 
0 0.972953 0 0 0.944434 0 0 0 
0 0.946757 0 0 0.944411 0 0 0 
0 0 0 0 0.943679 0 0 0 
0.946747 0 0 0 0.917437 0 0 0 
0.972367 0 0 0 0 0 0 0 
0.974307 0 0 0 0 0 0.945984 0.971816 
0.972311 0 0.917443 0 0 0 0.972212 0.972242 
0 0 0.94366 0 0.945994 0.972905 0.998053 0.97292 
0 0 0.94366 0 0.972247 0.998589 0.999227 0.972981 
0 0 0.91744 0 0.973049 0.999263 0.999302 0.973641 
0 0 0 0 0.973789 0.999348 0.999954 0.998608 
0.972215 0 0 0 0.972328 0.999247 0.999935 0.998608 
0.972215 0 0 0 0.946693 0.998056 0.999228 0.973638 
0 0 0 0 0 0.947382 0.997388 0.97301 
0 0 0 0 0 0 0.980397 0.975347 
0 0 0 0 0.944512 0.945885 0.996828 0.973601 
0 0 0 0 0.945883 0 0.980972 0.996705 
0.944432 0 0 0.946652 0.996644 0.974248 0.998049 0.972865 
0 0 0 0.972279 0.999318 0.999267 0.997275 0.946681 
0 0 0 0.973004 0.999224 0.999967 0.94737 0 
0 0 0 0.973835 0.998612 0.973603 0 0 
0 0 0 0.946728 0.996607 0.972839 0 0 
0 0 0 0 0.94659 0.970131 0 0 
0 0 0 0 0 0.918216 0 0 
0 0 0 0 0 0 0 0 
0 0.972955 0.946013 0 0 0 0 0 
0 0.998643 0.972899 0 0 0 0 0 
0 0.999915 0.997966 0.946707 0 0 0 0 
0 0.99998 0.999272 0.972938 0 0 0 0 
0.946761 0.999998 0.999933 0.998005 0.947389 0 0 0 
0.972919 1 0.999996 0.999885 0.997365 0.947367 0 0.919003 
0.996628 1 1 0.999994 0.999869 0.997363 0.947161 0 
0.973626 1 1 0.999999 0.999985 0.999538 0.972994 0 
0.973678 1 1 1 0.999998 0.999954 0.998678 0.974324 
0.998696 0.999999 1 0.999999 0.999999 0.999997 0.999955 0.999835 
0.999956 0.999998 0.999999 0.999999 0.999998 1 0.999998 0.999994 
0.999998 0.999997 0.999999 0.999999 0.999999 0.999999 1 0.999998 
0.999999 0.999999 0.999999 1 1 1 0.999999 0.999998 
0.999996 0.999997 0.999999 1 1 0.999999 0.999999 0.999998 
0.999995 0.999988 0.999996 0.999999 0.999999 0.999999 0.999999 1 
0.999998 0.999974 0.99999 0.999997 0.999999 0.999998 0.999999 1 
0.999999 0.999993 0.999989 0.999995 0.999997 0.999997 1 0.999999 
0.999999 0.999994 0.999995 0.999999 0.999997 0.999999 0.999998 0.999999 
0.999999 1 0.999998 0.999999 0.999998 0.999998 0.999999 0.999999 
1 1 0.999999 0.999999 0.999999 0.999999 1 1 
1 1 1 1 0.999999 0.999999 1 1 
1 1 1 0.999999 0.999999 1 1 1 
1 1 1 1 0.999999 1 1 1 
0.999999 1 1 1 0.999999 0.999999 1 0.999999 
1 1 1 0.999999 0.999999 0.999999 1 0.999999 
0.999997 1 1 1 1 1 1 0.999999 
0.999999 0.999999 1 1 0.999999 0.999999 0.999999 0.999999 
0.999999 0.999999 1 1 0.999999 0.999999 0.999999 0.999999 
1 0.999999 0.999999 0.999999 0.999999 0.999997 0.999996 0.999984 
0.999998 0.999999 1 1 0.999999 0.999996 0.999985 0.999383 
0.999993 0.999999 1 1 0.999998 0.999951 0.99877 0.974672 
0.998723 0.999999 0.999999 0.999999 0.999982 0.999369 0.981876 0 
0.973651 0.999997 0.999999 0.999999 0.999979 0.999259 0.972585 0 
0.972933 0.999997 0.999999 0.999997 0.99993 0.997972 0.946702 0 
0.972168 0.999998 0.999999 0.99998 0.999278 0.982659 0 0 
0.946432 0.999999 0.999998 0.999932 0.997988 0.946754 0 0 
0 0.999981 0.999981 0.99932 0.973625 0 0 0.94593 
0.972218 0.999286 0.999948 0.999286 0.972983 0 0 0.970222 
0.972253 0.972964 0.998648 0.999238 0.972966 0 0 0.91822 
0 0 0.972932 0.998558 0.972962 0 0 0 
0 0 0.946684 0.997306 0.973556 0 0 0 
0 0 0 0.973608 0.997361 0.947557 0 0 
0 0 0 0.973033 0.998513 0.97162 0 0 
0.919095 0 0 0.97222 0.997242 0.946649 0 0 
0 0 0 0.946053 0.980406 0 0 0 
0 0 0 0 0.945208 0 0 0 
0 0 0 0 0.944449 0.94443 0 0 
0 0 0.91665 0 0 0.944432 0 0 
0 0 0.916649 0 0 0.944454 0 0.888867 
0 0 0 0 0 0.945203 0 0 
0 0 0 0 0.945982 0.971259 0 0 
0 0 0 0 0.971765 0.973191 0 0 
0 0 0.916649 0 0.971582 0.946052 0 0.888865 
0 0 0.916648 0 0.94522 0 0 0 
0 0 0 0 0.944453 0 0.917443 0 
0 0 0 0 0.944433 0 0.943678 0 
0 0 0 0 0.944453 0 0.944445 0 
0 0 0 0 0.945167 0 0.945897 0 
0 0.919095 0 0 0.970872 0.973581 0.997322 0.973608 
0.972967 0 0 0 0.946638 0.99741 0.999839 0.999317 
0.999287 0 0 0 0 0.974238 0.999348 0.999966 
0.999981 0 0 0 0.918999 0.996683 0.999885 0.999994 
0.99998 0 0 0.918177 0 0.973882 0.999339 0.999932 
0.999286 0 0.918213 0.96867 0 0.972312 0.999177 0.99865 
0.972963 0.948526 0 0.945858 0 0.946639 0.996643 0.973657 
0 0.973081 0 0.971539 0.94663 0 0.946592 0.97089 
0 0.998685 0.974313 0.998524 0.996651 0.947283 0 0.945894 
0 0.99995 0.999308 0.998637 0.974156 0.995342 0.946563 0.970198 
0 0.999981 0.999306 0.97366 0 0.946614 0 0.94591 
0 0.999982 0.999322 0.973662 0 0.972254 0.972899 0.971638 
0 0.999998 0.99995 0.998694 0.974316 0.998628 0.998669 0.973979 
0 0.999999 0.999997 0.999951 0.999353 0.999931 0.99928 0.973046 
0 0.999999 0.999999 0.999998 0.999983 0.999986 0.999431 0.973651 
0 0.999993 0.999998 0.999999 0.999999 0.999998 0.999954 0.998661 
0.972972 0.999988 0.999998 1 1 1 0.999999 0.999948 
0.999287 0.999994 0.999998 1 1 1 1 0.999998 
0.99998 0.999998 0.999999 0.999999 0.999999 0.999999 0.999999 0.999999 
0.999998 0.999999 0.999999 0.999997 0.999996 0.999997 0.999996 0.999981 
0.999978 1 0.999999 0.999996 0.999995 0.999992 0.999947 0.999412 
0.999271 1 0.999999 1 0.999999 0.999947 0.998772 0.988858 
0.972913 0.999999 1 0.999999 0.999982 0.99932 0.973644 0 
0 0.999979 0.999998 0.999999 0.999981 0.999288 0.972984 0 
0 0.999281 0.999946 0.999996 0.999981 0.999289 0.972946 0 
0.919092 0.972963 0.998657 0.999952 0.999996 0.999336 0.972265 0 
0 0 0.973646 0.999774 0.999871 0.99735 0.946629 0 
0 0 0.972982 0.999227 0.997994 0.94737 0 0 
0 0 0.972933 0.998604 0.973588 0 0 0 
0 0 0.972351 0.998501 0.97227 0 0 0 
0 0 0.952321 0.998889 0.946655 0 0 0 
0 0.946077 0 0.945882 0 0.917483 0 0 
0.947399 0.946613 0 0.944482 0 0.945058 0 0.918977 
0.995985 0 0 0.944772 0.945832 0.993908 0.918918 0 
0.973585 0 0 0 0 0.946939 0 0 
0.972303 0 0 0 0 0.969445 0.927669 0 
0.946704 0.946745 0 0 0.944611 0.945137 0 0 
0 0.972304 0 0 0.944452 0 0 0 
0.946745 0.973038 0 0 0.944432 0 0 0 
0.972312 0.973655 0 0 0.944427 0 0 0 
0.973154 0.997986 0.946688 0 0.944428 0 0 0 
0.972951 0.999238 0.972277 0 0.944451 0 0.918003 0 
0.973025 0.999292 0.972949 0 0.945182 0 0.945192 0 
0.97366 0.999563 0.972973 0 0.9715 0.972873 0.997283 0.974281 
0.998694 0.99929 0.972967 0 0.971501 0.972923 0.999692 0.999322 
0.99995 0.999286 0.972965 0 0.945186 0 0.973667 0.99934 
0.999983 0.99929 0.972967 0 0.944484 0 0.97304 0.999297 
0.999982 0.999289 0.972975 0 0.945187 0 0.97365 0.999322 
0.999982 0.999295 0.973032 0 0.971559 0.973595 0.998677 0.99995 
0.999998 0.999287 0.972974 0 0.972913 0.998641 0.999932 0.999997 
1 0.999279 0.972945 0 0.972964 0.99927 0.999978 0.999999 
1 0.999223 0.972258 0 0.972963 0.999284 0.999979 0.999999 
1 0.997993 0.946649 0 0.972961 0.999287 0.99998 0.999999 
0.999999 0.972731 0 0 0.972966 0.999315 0.999983 0.999998 
0.999981 0.945745 0 0 0.972967 0.99929 0.99998 0.999952 
0.999287 0 0 0 0.972966 0.999286 0.999971 0.998718 
0.972962 0.948741 0 0 0.972969 0.999269 0.999302 0.973646 
0 0.972416 0 0 0.973005 0.999254 0.99925 0.972978 
0 0.973631 0 0 0.972903 0.998584 0.998571 0.972924 
0.972238 0.998005 0.94682 0 0.971532 0.972887 0.972234 0 
0.973073 0.999281 0.972801 0 0.945183 0 0.945955 0 
0.975938 0.998753 0.972965 0 0.944476 0 0.971604 0.974995 
0.998794 0.9735 0.972297 0 0.945206 0 0.971502 0.972988 
0.999192 0 0.972256 0.972885 0.971634 0 0.945203 0 
0.947542 0 0.972912 0.997929 0.972926 0 0.944638 0 
0 0 0.972948 0.998557 0.972948 0 0.944429 0 
0 0 0.973049 0.998578 0.972948 0 0.943661 0 
0 0 0.976609 0.998669 0.972949 0 0.917361 0 
0 0 0.973044 0.998579 0.972948 0 0 0 
0 0 0.972948 0.998574 0.972947 0 0 0 
0 0 0.972929 0.998572 0.972946 0 0 0 
0 0 0.972254 0.998521 0.972925 0 0.917444 0 
0 0 0.946674 0.997211 0.972194 0 0.943681 0 
0 0 0 0.971437 0.94593 0 0.944412 0 
0 0 0 0.944376 0 0 0.944432 0 
0 0 0 0.917259 0 0 0.944432 0 
0 0 0 0 0 0 0.944432 0 
0 0 0 0 0 0.94441 0.944431 0 
0 0 0 0.927387 0 0.943673 0 0 
0 0 0 0.943661 0 0.917412 0 0 
0 0 0 0.943721 0 0 0 0 
0 0 0 0.918406 0 0 0 0 
0 0 0 0 0 0 0 0 
0 0 0 0 0 0 0 0 
