0 0 0 0 0 0 0 0 
0 0 0 0 0 0 0 0 
0 0 0 0 0 0 0 0 
0 0 0 0 0 0 0 0 
0 0 0 0 0 0 0 0 
0 0 0 0 0 0 0 0 
0 0 0 0 0 0 0 0 
0 0 0 0 0 0 0 0 
0 0 0 0 0 0 0 0 
0 0 0 0 0 0 0 0 
0 0 0 0 0 0 0 0 
0 0 0 0 0 0 0 0 
0 0 0 0 0 0 0 0 
0 0 0 0 0 0 0 0 
0 0 0 0 0 0 0 0 
0 0 0 0 0 0 0 0 
0 0 0 0 0 0 0 0 
0 0 0 0 0 0 0 0 
0 0 0 0 0 0 0 0 
0 0 0 0 0 0 0 0 
0 0 0 0 0 0 0 0 
0 0 0 0 0 0 0 0 
0 0 0 0 0 0 0 0 
0 0 0 0 0 0 0 0 
0 0 0 0 0 0 0 0 
0 0 0 0 0 0 0 0 
0 0 0 0 0 0 0 0 
0 0 0 0 0 0 0 0 
0 0 0 0 0 0 0 0 
0 0 0 0 0 0 0 0 
0 0 0 0 0 0 0 0 
0 0 0 0 0 0 0 0 
0 0 0 0 0 0 0 0 
0 0 0 0 0 0 0 0 
0 0 0 0 0 0 0 0 
0 0 0 0 0 0 0 0 
0 0 0 0 0 0 0 0 
0 0 0 0 0 0 0 0 
0 0 0 0 0 0 0 0 
0 0 0 0 0 0 0 0 
0 0 0 0 0 0 0 0 
0 0 0 0 0 0 0 0 
0 0 0 0 0 0 0 0 
0 0 0 0 0 0 0 0 
0 0 0 0 0 0 0 0 
0 0 0 0 0 0 0 0 
0 0 0 0 0 0 0 0 
0 0 0 0 0 0 0 0 
0.960979 0.959986 0.971114 0.95734 0.967306 0.964861 0.966092 0.964897 
0.997642 0.998885 0.999146 0.999033 0.999016 0.99904 0.998855 0.999053 
0.99991 0.999971 0.999975 0.999975 0.999972 0.999975 0.999964 0.999978 
0.999997 0.999999 0.999999 0.999999 0.999999 0.999999 0.999999 1 
1 1 1 1 1 1 1 1 
1 1 1 1 1 1 1 1 
1 1 1 1 1 1 1 1 
1 1 1 1 1 1 1 1 
1 1 1 1 1 1 1 1 
1 1 1 1 1 1 1 1 
1 1 1 1 1 1 1 1 
1 1 1 1 1 1 1 1 
1 1 1 1 1 1 1 1 
1 1 1 1 1 1 1 1 
1 1 1 1 1 1 1 1 
1 1 1 1 1 1 1 1 
1 1 1 1 1 1 1 1 
1 1 1 1 1 1 1 1 
1 1 1 1 1 1 1 1 
1 1 1 1 1 1 1 1 
1 1 1 1 1 1 1 1 
1 1 1 1 1 1 1 1 
1 1 1 1 1 1 1 1 
1 1 1 1 1 1 1 1 
1 1 1 1 1 1 1 1 
1 1 1 1 1 1 1 1 
1 1 1 1 1 1 1 1 
1 1 1 1 1 1 1 1 
1 1 1 1 0.999998 0.999984 0.999998 1 
1 1 1 0.999998 0.999951 0.999355 0.999951 0.999997 
0.999999 1 0.999997 0.999949 0.998694 0.97432 0.998696 0.999949 
0.999981 0.999998 0.999955 0.999277 0.973605 0 0.973716 0.999271 
0.999288 0.999961 0.998881 0.973614 0.971648 0 0.974919 0.997967 
0.972968 0.999272 0.972963 0 0.946558 0 0.946031 0.97078 
0 0.99797 0.946708 0 0.950192 0 0 0.91824 
0 0.972957 0 0 0.944524 0 0 0 
0.919096 0.946764 0 0 0.944413 0 0 0 
0 0 0 0 0.943687 0 0 0 
0.946747 0 0 0 0.917474 0 0 0 
0.972296 0 0 0 0 0 0 0 
0.972949 0 0 0 0 0 0.945955 0.971525 
0.972236 0 0.917558 0 0 0 0.972203 0.972223 
0 0 0.945271 0 0.946084 0.972911 0.997933 0.972964 
0 0 0.958176 0 0.977463 0.999273 0.99924 0.972989 
0 0 0.917576 0 0.973036 0.999273 0.999489 0.973649 
0 0 0 0 0.972949 0.999284 0.999988 0.998609 
0.972216 0 0 0 0.972274 0.999219 0.999925 0.998608 
0.972216 0 0 0 0.94667 0.997304 0.999205 0.973638 
0 0 0 0 0 0.947363 0.997402 0.972917 
0 0 0 0 0 0 0.979105 0.972388 
0 0 0 0 0.944526 0.945887 0.996751 0.973504 
0 0 0 0 0.945903 0 0.974177 0.996616 
0.944433 0 0 0.946653 0.996646 0.974244 0.997963 0.972926 
0 0 0 0.972272 0.999184 0.999218 0.997333 0.947765 
0 0 0 0.97293 0.999215 0.997981 0.947382 0 
0 0 0 0.972354 0.998546 0.973602 0 0 
0 0 0 0.950097 0.996725 0.972845 0 0 
0 0 0 0 0.946598 0.970137 0 0 
0 0 0 0 0 0.918222 0 0 
0 0 0 0 0 0 0 0 
0 0.973051 0.946027 0 0 0 0 0 
0 0.998654 0.972911 0 0 0 0 0 
0 0.999925 0.99811 0.946718 0 0 0 0 
0 0.99998 0.999279 0.972935 0 0 0 0 
0.946763 0.999998 0.999932 0.997999 0.947383 0 0 0 
0.972921 1 0.999996 0.999884 0.997356 0.947364 0 0.919984 
0.996683 1 1 0.999994 0.999866 0.997326 0.946786 0 
0.973628 1 1 1 0.999979 0.999345 0.975777 0 
0.973679 1 1 1 0.999998 0.999951 0.998768 0.974321 
0.998697 1 1 1 1 0.999998 0.999953 0.999356 
0.999951 1 1 1 1 1 0.999998 0.999984 
0.999998 1 1 1 1 1 1 1 
1 1 1 1 1 1 1 1 
1 1 1 1 1 1 1 1 
1 1 1 1 1 1 1 1 
1 1 1 1 1 1 1 1 
1 1 1 1 1 1 1 1 
1 1 1 1 1 1 1 1 
1 1 1 1 1 1 1 1 
1 1 1 1 1 1 1 1 
1 1 1 1 1 1 1 1 
1 1 1 1 1 1 1 1 
1 1 1 1 1 1 1 1 
1 1 1 1 1 1 1 1 
1 1 1 1 1 1 1 1 
1 1 1 1 1 1 1 1 
1 1 1 1 1 1 1 1 
1 1 1 1 1 1 1 1 
1 1 1 1 1 1 0.999998 0.999984 
0.999998 1 1 1 1 0.999998 0.999951 0.999355 
0.999952 1 1 1 0.999999 0.999951 0.998696 0.974321 
0.99879 1 1 1 0.999983 0.999321 0.973637 0 
0.977644 1 1 0.999999 0.99998 0.999252 0.972295 0 
0.973084 1 1 0.999998 0.999944 0.998241 0.946704 0 
0.972303 1 0.999999 0.99998 0.999272 0.972954 0 0 
0.946746 0.999999 0.999998 0.999932 0.997986 0.946709 0 0 
0 0.999981 0.999982 0.999322 0.973639 0 0 0.945934 
0.972363 0.999289 0.999976 0.999287 0.972987 0 0 0.970119 
0.972233 0.972972 0.99876 0.999244 0.972968 0 0 0.918421 
0 0 0.974414 0.99863 0.972966 0 0 0 
0 0 0.946766 0.997306 0.973556 0 0 0 
0 0 0 0.97357 0.997307 0.946655 0 0 
0 0 0 0.973073 0.998492 0.971633 0 0 
0.919096 0 0 0.97222 0.997356 0.947987 0 0 
0 0 0 0.94603 0.977831 0 0 0 
0 0 0 0 0.945346 0 0 0 
0 0 0 0 0.950611 0.944519 0 0 
0 0 0.916869 0 0 0.944434 0 0 
0 0 0.916844 0 0 0.944455 0 0.888868 
0 0 0 0 0 0.945254 0 0 
0 0 0 0 0.946003 0.97284 0 0 
0 0 0 0 0.971472 0.971576 0 0 
0 0 0.91665 0 0.970815 0.94619 0 0.896206 
0 0 0.91665 0 0.945167 0 0 0 
0 0 0 0 0.944453 0 0.917445 0 
0 0 0 0 0.944434 0 0.943684 0 
0 0 0 0 0.944458 0 0.944466 0 
0 0 0 0 0.9452 0 0.946019 0 
0 0.919096 0 0 0.970883 0.973522 0.997672 0.97694 
0.972968 0 0 0 0.946636 0.99735 0.999852 0.999411 
0.999287 0 0 0 0 0.974232 0.999355 0.999968 
0.999981 0 0 0 0.918998 0.996656 0.999884 0.999995 
0.999981 0 0 0.922346 0 0.973575 0.999314 0.999931 
0.999287 0 0.918179 0.968771 0 0.97237 0.999178 0.998641 
0.972968 0.946764 0 0.945884 0 0.948421 0.996719 0.973547 
0 0.972975 0 0.971546 0.946632 0 0.946641 0.97115 
0 0.99872 0.974839 0.998567 0.996657 0.94729 0 0.94681 
0 0.999964 0.999351 0.998643 0.97416 0.995349 0.946676 0.973534 
0 0.999988 0.999748 0.973667 0 0.946637 0 0.946067 
0 0.999983 0.999328 0.973663 0 0.972451 0.972958 0.972185 
0 0.999998 0.99995 0.998695 0.974332 0.999261 0.998608 0.972958 
0 1 0.999998 0.999951 0.999354 0.999944 0.999271 0.972985 
0 1 1 0.999998 0.999983 0.999981 0.999321 0.973644 
0 1 1 1 1 0.999998 0.99995 0.998663 
0.972986 1 1 1 1 1 0.999998 0.999949 
0.999291 1 1 1 1 1 1 0.999998 
0.999982 1 1 1 1 1 1 0.999999 
0.999999 1 1 1 1 1 0.999998 0.999983 
0.999981 1 1 1 1 0.999998 0.99995 0.999321 
0.999289 1 1 1 0.999999 0.99995 0.998678 0.973645 
0.972977 1 1 1 0.999983 0.999321 0.973647 0 
0 0.999981 0.999998 0.999999 0.999981 0.999296 0.973022 0 
0 0.999287 0.999949 0.999997 0.999987 0.999777 0.973386 0 
0.919096 0.972968 0.998661 0.99995 0.999983 0.999456 0.972317 0 
0 0 0.973644 0.999323 0.999866 0.997329 0.946672 0 
0 0 0.972983 0.999235 0.997998 0.947382 0 0 
0 0 0.972944 0.999098 0.973602 0 0 0 
0 0 0.972253 0.998487 0.97227 0 0 0 
0 0 0.946631 0.995926 0.946632 0 0 0 
0 0.946018 0 0.94593 0 0.917487 0 0 
0.9474 0.946018 0 0.945587 0 0.945064 0 0.918978 
0.995983 0 0 0.94454 0.945808 0.993885 0.919051 0 
0.973574 0 0 0 0 0.946497 0 0 
0.972313 0 0 0 0 0.969409 0.918293 0 
0.946746 0.946747 0 0 0.947131 0.945225 0 0 
0 0.972331 0 0 0.944591 0 0 0 
0.950177 0.97347 0 0 0.944443 0 0 0 
0.972705 0.979099 0 0 0.944433 0 0 0 
0.972999 0.998097 0.946695 0 0.944433 0 0 0 
0.97299 0.999243 0.972283 0 0.944454 0 0.917488 0 
0.973036 0.999287 0.972953 0 0.945185 0 0.945152 0 
0.97395 0.99929 0.972982 0 0.971503 0.97288 0.997267 0.974284 
0.998723 0.999289 0.97297 0 0.971509 0.972948 0.998592 0.999304 
0.999951 0.999288 0.972969 0 0.945186 0 0.973643 0.999305 
0.999981 0.99929 0.972975 0 0.944475 0 0.973003 0.999291 
0.999981 0.999289 0.973013 0 0.945188 0 0.973647 0.999341 
0.999984 0.999332 0.981091 0 0.971563 0.97359 0.998676 0.999952 
0.999998 0.999288 0.973012 0 0.972914 0.998641 0.999932 0.999997 
1 0.999287 0.972956 0 0.972966 0.999278 0.99998 0.999999 
1 0.999238 0.972276 0 0.972974 0.999378 0.999986 1 
1 0.997968 0.946689 0 0.973052 0.999296 0.999982 1 
1 0.972955 0 0 0.974954 0.999369 0.999994 0.999998 
0.999982 0.946766 0 0 0.973052 0.999291 0.999979 0.99995 
0.999313 0 0 0 0.972971 0.999286 0.999938 0.998684 
0.97325 0.946746 0 0 0.973063 0.999278 0.999697 0.973651 
0 0.972314 0 0 0.976182 0.999347 0.999272 0.972985 
0 0.97363 0 0 0.973083 0.998605 0.998628 0.972936 
0.972257 0.99802 0.946701 0 0.973 0.972968 0.972243 0 
0.973147 0.999232 0.97232 0 0.945264 0 0.945956 0 
0.973678 0.998721 0.972928 0 0.944479 0 0.971524 0.97291 
0.998612 0.975967 0.972353 0 0.945266 0 0.971504 0.972893 
0.99797 0 0.972256 0.972951 0.973055 0 0.945185 0 
0.947455 0 0.972913 0.997931 0.972971 0 0.944453 0 
0 0 0.972949 0.998562 0.972995 0 0.944413 0 
0 0 0.973011 0.998624 0.973452 0 0.943682 0 
0 0 0.973954 0.998653 0.973169 0 0.917445 0 
0 0 0.973009 0.99858 0.972969 0 0 0 
0 0 0.972952 0.99858 0.97295 0 0 0 
0 0 0.972985 0.998576 0.972948 0 0 0 
0 0 0.973116 0.998576 0.97294 0 0.920818 0 
0 0 0.946727 0.997228 0.972301 0 0.943791 0 
0 0 0 0.97147 0.94614 0 0.944444 0 
0 0 0 0.944435 0 0 0.944488 0 
0 0 0 0.917467 0 0 0.945125 0 
0 0 0 0 0 0 0.944484 0 
0 0 0 0 0 0.9445 0.944436 0 
0 0 0 0.917883 0 0.945623 0 0 
0 0 0 0.943698 0 0.917537 0 0 
0 0 0 0.943662 0 0 0 0 
0 0 0 0.917444 0 0 0 0 
0 0 0 0 0 0 0 0 
0 0 0 0 0 0 0 0 
