0 0 0 0 0 0 0 0 
0 0 0 0 0 0 0 0 
0 0 0 0 0 0 0 0 
0 0 0 0 0 0 0 0 
0 0 0 0 0 0 0 0 
0 0 0 0 0 0 0 0 
0 0 0 0 0 0 0 0 
0 0 0 0 0 0 0 0 
0 0 0 0 0 0 0 0 
0 0 0 0 0 0 0 0 
0 0 0 0 0 0 0 0 
0 0 0 0 0 0 0 0 
0 0 0 0 0 0 0 0 
0 0 0 0 0 0 0 0 
0 0 0 0 0 0 0 0 
0 0 0 0 0 0 0 0 
0 0 0 0 0 0 0 0 
0 0 0 0 0 0 0 0 
0 0 0 0 0 0 0 0 
0 0 0 0 0 0 0 0 
0 0 0 0 0 0 0 0 
0 0 0 0 0 0 0 0 
0 0 0 0 0 0 0 0 
0 0 0 0 0 0 0 0 
0 0 0 0 0 0 0 0 
0 0 0 0 0 0 0 0 
0 0 0 0 0 0 0 0 
0 0 0 0 0 0 0 0 
0 0 0 0 0 0 0 0 
0 0 0 0 0 0 0 0 
0 0 0 0 0 0 0 0 
0 0 0 0 0 0 0 0 
0 0 0 0 0 0 0 0 
0 0 0 0 0 0 0 0 
0 0 0 0 0 0 0 0 
0 0 0 0 0 0 0 0 
0 0 0 0 0 0 0 0 
0 0 0 0 0 0 0 0 
0 0 0 0 0 0 0 0 
0 0 0 0 0 0 0 0 
0 0 0 0 0 0 0 0 
0 0 0 0 0 0 0 0 
0 0 0 0 0 0 0 0 
0 0 0 0 0 0 0 0 
0 0 0 0 0 0 0 0 
0 0 0 0 0 0 0 0 
0 0 0 0 0 0 0 0 
0 0 0 0 0 0 0 0 
0.933473 0.960612 0.947397 0.960669 0.9527 0.967615 0.980742 0.969532 
0.99749 0.999482 0.998907 0.999196 0.998754 0.999119 0.99939 0.999142 
0.999916 0.99998 0.999974 0.999982 0.999972 0.999976 0.999979 0.999977 
0.999999 0.999999 0.999999 0.999999 0.999999 0.999999 0.999999 0.999999 
1 1 1 1 1 1 1 1 
1 1 1 1 1 1 1 1 
1 1 1 1 1 1 1 1 
1 1 1 1 1 1 1 1 
1 1 1 1 1 1 1 1 
1 1 1 1 1 1 1 1 
1 1 1 1 1 1 1 1 
1 1 1 1 1 1 1 1 
1 1 1 1 1 1 1 1 
1 1 1 1 1 1 1 1 
1 1 1 1 1 1 1 1 
1 1 1 1 1 1 1 1 
1 1 1 1 1 1 1 1 
1 1 1 1 1 1 1 1 
1 1 1 1 1 1 1 1 
1 1 1 1 1 1 1 1 
1 1 1 1 1 1 1 1 
1 1 1 1 1 1 1 1 
1 1 1 1 1 1 1 1 
1 1 1 1 1 1 1 1 
1 1 1 1 1 1 1 1 
1 1 1 1 1 1 1 1 
1 1 1 1 1 1 1 1 
1 1 1 1 1 1 1 1 
1 1 1 1 1 0.999984 0.999998 1 
1 1 1 0.999997 0.999951 0.999355 0.999951 0.999997 
0.999999 1 0.999999 0.99994 0.998694 0.97432 0.998695 0.999949 
0.999981 0.999997 0.999942 0.998799 0.973599 0 0.973646 0.99927 
0.999288 0.999952 0.998756 0.975548 0.971676 0 0.972457 0.997897 
0.972968 0.999271 0.972956 0 0.945351 0 0.945959 0.970779 
0 0.997969 0.946707 0 0.944994 0 0 0.91824 
0 0.972955 0 0 0.944477 0 0 0 
0.919096 0.946764 0 0 0.944414 0 0 0 
0 0 0 0 0.943683 0 0 0 
0.946746 0 0 0 0.917448 0 0 0 
0.972367 0 0 0 0 0 0 0 
0.979581 0 0 0 0 0 0.945958 0.971596 
0.972308 0 0.91747 0 0 0 0.972272 0.973553 
0 0 0.9439 0 0.946032 0.972903 0.997931 0.972987 
0 0 0.945011 0 0.972669 0.998665 0.999226 0.972985 
0 0 0.917553 0 0.972983 0.999266 0.999315 0.973643 
0 0 0 0 0.972956 0.999437 0.999939 0.998608 
0.972216 0 0 0 0.972281 0.99943 0.999931 0.998608 
0.972216 0 0 0 0.94667 0.997311 0.999205 0.973638 
0 0 0 0 0 0.947364 0.997352 0.972919 
0 0 0 0 0 0 0.973974 0.97234 
0 0 0 0 0.944515 0.945886 0.996701 0.973505 
0 0 0 0 0.945885 0 0.974177 0.996614 
0.944433 0 0 0.946652 0.996639 0.974243 0.997961 0.972875 
0 0 0 0.972272 0.999183 0.999217 0.997284 0.946786 
0 0 0 0.97293 0.999215 0.997981 0.947381 0 
0 0 0 0.972283 0.998542 0.973602 0 0 
0 0 0 0.946968 0.996632 0.972841 0 0 
0 0 0 0 0.946593 0.970133 0 0 
0 0 0 0 0 0.918221 0 0 
0 0 0 0 0 0 0 0 
0 0.972959 0.946015 0 0 0 0 0 
0 0.998644 0.972901 0 0 0 0 0 
0 0.999925 0.997977 0.946709 0 0 0 0 
0 0.99998 0.999271 0.972937 0 0 0 0 
0.946763 0.999998 0.999933 0.998055 0.948349 0 0 0 
0.97292 1 0.999995 0.999887 0.997411 0.947366 0 0.919101 
0.996637 1 1 0.999994 0.999868 0.997325 0.946714 0 
0.973627 1 1 0.999999 0.999979 0.999275 0.973183 0 
0.973679 1 1 1 0.999998 0.99995 0.998698 0.974321 
0.998697 1 1 1 1 0.999999 0.999952 0.999355 
0.999951 1 1 1 1 1 0.999998 0.999984 
0.999998 1 1 1 1 1 1 1 
1 1 1 1 1 1 1 1 
1 1 1 1 1 1 1 1 
1 1 1 1 1 1 1 1 
1 1 1 1 1 1 1 1 
1 1 1 1 1 1 1 1 
1 1 1 1 1 1 1 1 
1 1 1 1 1 1 1 1 
1 1 1 1 1 1 1 1 
1 1 1 1 1 1 1 1 
1 1 1 1 1 1 1 1 
1 1 1 1 1 1 1 1 
1 1 1 1 1 1 1 1 
1 1 1 1 1 1 1 1 
1 1 1 1 1 1 1 1 
1 1 1 1 1 1 1 1 
1 1 1 1 1 1 1 1 
1 1 1 1 1 1 0.999998 0.999984 
0.999998 1 1 1 1 0.999998 0.999951 0.999355 
0.999952 1 1 1 0.999998 0.99995 0.998695 0.974321 
0.998723 1 1 1 0.999982 0.999325 0.973629 0 
0.973985 1 1 1 0.999984 0.99976 0.972396 0 
0.973016 1 1 0.999999 0.999977 0.998087 0.950082 0 
0.972299 1 1 0.999988 0.999271 0.972938 0 0 
0.946745 0.999999 0.999998 0.999932 0.997985 0.946708 0 0 
0 0.999981 0.999981 0.99932 0.973627 0 0 0.945987 
0.97223 0.999288 0.999934 0.999287 0.972985 0 0 0.976947 
0.972218 0.972968 0.998642 0.999237 0.972968 0 0 0.918311 
0 0 0.973054 0.998575 0.973057 0 0 0 
0 0 0.946706 0.997475 0.976268 0 0 0 
0 0 0 0.979412 0.997471 0.946654 0 0 
0 0 0 0.973035 0.99848 0.971575 0 0 
0.919096 0 0 0.972208 0.997263 0.946773 0 0 
0 0 0 0.945997 0.971993 0 0 0 
0 0 0 0 0.945273 0 0 0 
0 0 0 0 0.945026 0.944479 0 0 
0 0 0.916675 0 0 0.944435 0 0 
0 0 0.916672 0 0 0.944454 0 0.888868 
0 0 0 0 0 0.945185 0 0 
0 0 0 0 0.945934 0.97096 0 0 
0 0 0 0 0.971468 0.971488 0 0 
0 0 0.91665 0 0.970796 0.945941 0 0.889748 
0 0 0.91665 0 0.945248 0 0 0 
0 0 0 0 0.946134 0 0.917445 0 
0 0 0 0 0.944517 0 0.943683 0 
0 0 0 0 0.944456 0 0.944505 0 
0 0 0 0 0.945181 0 0.953844 0 
0 0.919096 0 0 0.980449 0.973516 0.997408 0.97388 
0.972968 0 0 0 0.946643 0.997349 0.999838 0.999341 
0.999287 0 0 0 0 0.974231 0.999348 0.999967 
0.999981 0 0 0 0.918998 0.996657 0.999889 0.999995 
0.999982 0 0 0.918716 0 0.97358 0.999502 0.999966 
0.999383 0 0.918281 0.971667 0 0.972305 0.999181 0.998733 
0.97574 0.953255 0 0.94596 0 0.946816 0.996658 0.973587 
0 0.973169 0 0.971631 0.952235 0 0.946685 0.971976 
0 0.998688 0.974357 0.998534 0.996743 0.947334 0 0.946053 
0 0.999951 0.999313 0.998641 0.974203 0.99657 0.946632 0.970439 
0 0.999984 0.999338 0.973663 0 0.946662 0 0.945938 
0 0.999983 0.999325 0.973663 0 0.972276 0.972904 0.971613 
0 0.999998 0.99995 0.998695 0.974323 0.998673 0.998596 0.97292 
0 1 0.999998 0.999951 0.999355 0.999935 0.99927 0.972984 
0 1 1 0.999998 0.999987 0.999981 0.999321 0.973644 
0 1 1 1 1 1 0.999949 0.998661 
0.972969 1 1 1 1 1 0.999997 0.999949 
0.999288 1 1 1 1 1 1 0.999998 
0.999981 1 1 1 1 1 1 1 
0.999999 1 1 1 1 1 0.999999 0.999986 
0.999981 1 1 1 1 0.999998 0.999953 0.999377 
0.999288 1 1 1 0.999998 0.99995 0.998678 0.973648 
0.972968 1 1 1 0.999983 0.999321 0.973645 0 
0 0.999995 0.999998 0.999999 0.999982 0.999292 0.972991 0 
0 0.999288 0.999949 0.999997 0.999984 0.999324 0.972988 0 
0.919096 0.972968 0.998661 0.999954 0.999977 0.99924 0.972281 0 
0 0 0.973649 0.999445 0.999871 0.997323 0.946671 0 
0 0 0.972988 0.999321 0.998003 0.947382 0 0 
0 0 0.972937 0.998658 0.973593 0 0 0 
0 0 0.972356 0.998961 0.972285 0 0 0 
0 0 0.948873 0.996025 0.946634 0 0 0 
0 0.946018 0 0.945877 0 0.917485 0 0 
0.9474 0.946018 0 0.944578 0 0.945058 0 0.918978 
0.995983 0 0 0.944485 0.945806 0.993874 0.918931 0 
0.973574 0 0 0 0 0.946496 0 0 
0.972313 0 0 0 0 0.969399 0.918209 0 
0.946746 0.946746 0 0 0.944702 0.945152 0 0 
0 0.972304 0 0 0.944464 0 0 0 
0.947137 0.973055 0 0 0.944435 0 0 0 
0.973733 0.974087 0 0 0.944433 0 0 0 
0.973046 0.998021 0.946691 0 0.944433 0 0 0 
0.97299 0.99924 0.972275 0 0.944454 0 0.917488 0 
0.973009 0.999293 0.972951 0 0.945185 0 0.945151 0 
0.973698 0.999551 0.973071 0 0.971503 0.972875 0.997265 0.974293 
0.999309 0.999388 0.976184 0 0.971506 0.972911 0.998577 0.999303 
0.999961 0.99937 0.979075 0 0.94526 0 0.973642 0.999305 
0.999981 0.999289 0.973051 0 0.945813 0 0.973003 0.99929 
0.999981 0.999291 0.973015 0 0.945262 0 0.973645 0.999323 
0.999983 0.999332 0.973625 0 0.971561 0.973589 0.998676 0.99995 
1 0.999291 0.973014 0 0.972914 0.998641 0.999932 0.999997 
1 0.999286 0.972952 0 0.972966 0.999272 0.99998 0.999999 
1 0.999238 0.972275 0 0.972969 0.999294 0.999982 1 
1 0.997968 0.946689 0 0.972985 0.99929 0.999981 0.999999 
1 0.972955 0 0 0.97313 0.999304 0.999983 0.999998 
0.999982 0.946764 0 0 0.972985 0.999289 0.999979 0.999949 
0.999291 0 0 0 0.97297 0.999286 0.999939 0.998664 
0.972994 0.946746 0 0 0.972992 0.99928 0.999648 0.973652 
0 0.972314 0 0 0.973229 0.999275 0.999262 0.972984 
0 0.973627 0 0 0.972951 0.998593 0.998577 0.972931 
0.97224 0.997987 0.94669 0 0.971662 0.972907 0.972238 0 
0.972999 0.999224 0.972277 0 0.945202 0 0.945956 0 
0.973663 0.998648 0.972918 0 0.944479 0 0.971524 0.97291 
0.99863 0.973228 0.972371 0 0.945281 0 0.971504 0.972912 
0.998803 0 0.97729 0.973056 0.97318 0 0.945185 0 
0.947474 0 0.973004 0.997941 0.972984 0 0.944498 0 
0 0 0.972956 0.998687 0.972964 0 0.952613 0 
0 0 0.97296 0.998601 0.972992 0 0.943808 0 
0 0 0.973043 0.998951 0.972983 0 0.919012 0 
0 0 0.972959 0.99859 0.973048 0 0 0 
0 0 0.97295 0.998669 0.976503 0 0 0 
0 0 0.972939 0.998576 0.973044 0 0 0 
0 0 0.972326 0.998531 0.972932 0 0.917803 0 
0 0 0.946678 0.99722 0.97229 0 0.943786 0 
0 0 0 0.971533 0.947648 0 0.945653 0 
0 0 0 0.944436 0 0 0.944514 0 
0 0 0 0.917467 0 0 0.9445 0 
0 0 0 0 0 0 0.944443 0 
0 0 0 0 0 0.94866 0.944535 0 
0 0 0 0.917565 0 0.944067 0 0 
0 0 0 0.95043 0 0.920485 0 0 
0 0 0 0.943734 0 0 0 0 
0 0 0 0.917444 0 0 0 0 
0 0 0 0 0 0 0 0 
0 0 0 0 0 0 0 0 
