0 0 0 0 0 0 0 0 
0 0 0 0 0 0 0 0 
0 0 0 0 0 0 0 0 
0 0 0 0 0 0 0 0 
0 0 0 0 0 0 0 0 
0 0 0 0 0 0 0 0 
0 0 0 0 0 0 0 0 
0 0 0 0 0 0 0 0 
0 0 0 0 0 0 0 0 
0 0 0 0 0 0 0 0 
0 0 0 0 0 0 0 0 
0 0 0 0 0 0 0 0 
0 0 0 0 0 0 0 0 
0 0 0 0 0 0 0 0 
0 0 0 0 0 0 0 0 
0 0 0 0 0 0 0 0 
0 0 0 0 0 0 0 0 
0 0 0 0 0 0 0 0 
0 0 0 0 0 0 0 0 
0 0 0 0 0 0 0 0 
0 0 0 0 0 0 0 0 
0 0 0 0 0 0 0 0 
0 0 0 0 0 0 0 0 
0 0 0 0 0 0 0 0 
0 0 0 0 0 0 0 0 
0 0 0 0 0 0 0 0 
0 0 0 0 0 0 0 0 
0 0 0 0 0 0 0 0 
0 0 0 0 0 0 0 0 
0 0 0 0 0 0 0 0 
0 0 0 0 0 0 0 0 
0 0 0 0 0 0 0 0 
0 0 0 0 0 0 0 0 
0 0 0 0 0 0 0 0 
0 0 0 0 0 0 0 0 
0 0 0 0 0 0 0 0 
0 0 0 0 0 0 0 0 
0 0 0 0 0 0 0 0 
0 0 0 0 0 0 0 0 
0 0 0 0 0 0 0 0 
0 0 0 0 0 0 0 0 
0 0 0 0 0 0 0 0 
0 0 0 0 0 0 0 0 
0 0 0 0 0 0 0 0 
0 0 0 0 0 0 0 0 
0 0 0 0 0 0 0 0 
0 0 0 0 0 0 0 0 
0 0 0 0 0 0 0 0 
0.924563 0.961609 0.884899 0.96641 0.969439 0.965086 0.968673 0.961009 
0.997118 0.998841 0.99809 0.999069 0.999062 0.998995 0.999353 0.999036 
0.999914 0.999913 0.999948 0.999966 0.999967 0.99997 0.999979 0.99997 
0.999994 0.999972 0.999988 0.999989 0.999986 0.999986 0.999979 0.99998 
0.999974 0.999989 0.999995 0.999993 0.999981 0.999967 0.99995 0.999971 
0.999987 0.999988 0.999999 0.999995 0.999984 0.999962 0.999953 0.99998 
0.999993 0.99999 0.999997 0.999997 0.999993 0.999982 0.999982 0.999995 
1 0.99999 0.999996 0.999997 0.999998 0.999993 0.999994 0.999998 
0.999999 0.99997 0.999998 0.999994 0.999998 1 1 0.999999 
1 0.999913 0.999965 0.999997 0.999997 0.999999 0.999999 0.999999 
0.999999 0.999903 0.999952 0.999983 0.999998 0.999999 0.999999 0.999999 
0.999998 0.999997 0.999982 0.999997 0.999999 0.999998 0.999998 0.999996 
0.999995 0.999994 0.999998 0.999999 0.999998 0.999996 0.999996 0.999992 
0.999998 0.999998 1 0.999999 0.999999 0.999999 0.999998 0.999995 
0.999996 0.999996 0.999998 0.999998 0.999998 0.999999 0.999999 0.999999 
0.999999 0.999991 0.999994 0.999997 0.999997 0.999999 0.999999 1 
1 0.999993 0.999995 0.999999 0.999997 0.999998 0.999999 0.999999 
0.999999 0.999998 0.999998 0.999998 0.999997 0.999996 0.999997 0.999998 
0.999996 0.999999 0.999999 0.999999 0.999996 0.999993 0.999999 0.999993 
0.999988 0.999999 0.999999 0.999999 0.999998 0.999997 0.999994 0.999988 
0.999979 0.999996 0.999999 0.999999 0.999999 0.999999 0.999996 0.999993 
0.999985 0.999993 0.999998 0.999999 1 0.999999 0.999998 1 
0.999955 0.999992 0.999998 0.999999 0.999999 0.999997 0.999987 0.999945 
0.999826 0.999988 0.999998 0.999999 0.999998 0.999995 0.999978 0.999887 
0.999601 0.99999 0.999996 0.999998 0.999998 0.999995 0.999989 0.999927 
0.999954 0.999984 0.999997 0.999996 0.999995 0.999989 0.999981 0.999934 
0.999816 0.99999 0.999996 0.999997 0.999993 0.999982 0.99997 0.999944 
0.999926 0.999996 0.999999 0.999999 0.999994 0.999984 0.999995 0.999984 
0.999991 0.999998 0.999999 0.999999 0.99999 0.999965 0.999983 0.999992 
0.999998 0.999997 0.999996 0.999992 0.999936 0.999321 0.999935 0.999992 
0.999998 0.999996 0.999991 0.999921 0.998656 0.974247 0.998668 0.999939 
0.999977 0.999993 0.999927 0.998657 0.973548 0 0.973599 0.999263 
0.999272 0.999941 0.998647 0.973564 0.971634 0 0.972227 0.998143 
0.972913 0.999267 0.97294 0 0.94765 0 0.945876 0.970676 
0 0.997969 0.9467 0 0.944546 0 0 0.916814 
0 0.972947 0 0 0.944433 0 0 0 
0 0.946736 0 0 0.944409 0 0 0 
0 0 0 0 0.943673 0 0 0 
0.946745 0 0 0 0.917415 0 0 0 
0.972373 0 0 0 0 0 0 0 
0.979097 0 0 0 0 0 0.946025 0.972821 
0.972312 0 0.917442 0 0 0 0.972219 0.972279 
0 0 0.943659 0 0.945994 0.972911 0.998535 0.97292 
0 0 0.943656 0 0.972261 0.998589 0.999234 0.972975 
0 0 0.917429 0 0.973254 0.999277 0.999301 0.973639 
0 0 0 0 0.976725 0.999436 0.999933 0.998607 
0.972214 0 0 0 0.972364 0.999222 0.999968 0.998607 
0.972212 0 0 0 0.946651 0.997294 0.999201 0.973634 
0 0 0 0 0 0.947338 0.997311 0.972909 
0 0 0 0 0 0 0.973521 0.9723 
0 0 0 0 0.944509 0.945884 0.996727 0.973506 
0 0 0 0 0.945881 0 0.974992 0.996673 
0.944429 0 0 0.946651 0.996641 0.974251 0.998017 0.972863 
0 0 0 0.972274 0.99983 0.999435 0.997267 0.946668 
0 0 0 0.972985 0.999214 0.997976 0.947334 0 
0 0 0 0.979397 0.998597 0.973598 0 0 
0 0 0 0.946704 0.996601 0.972837 0 0 
0 0 0 0 0.946586 0.970127 0 0 
0 0 0 0 0 0.918201 0 0 
0 0 0 0 0 0 0 0 
0 0.972973 0.946011 0 0 0 0 0 
0 0.998644 0.972896 0 0 0 0 0 
0 0.999915 0.997966 0.946707 0 0 0 0 
0 0.99998 0.999278 0.972947 0 0 0 0 
0.946756 0.999998 0.999936 0.998023 0.947405 0 0 0 
0.972917 1 0.999996 0.99989 0.997397 0.947368 0 0.919021 
0.996629 1 0.999999 0.999994 0.999871 0.997403 0.94866 0 
0.973624 1 1 0.999999 0.999977 0.999255 0.973032 0 
0.973674 0.999999 0.999999 0.999999 0.999995 0.999945 0.998676 0.974319 
0.998694 0.999998 0.999999 0.999998 0.999996 0.999994 0.999953 0.999428 
0.999953 0.999993 0.999996 0.999995 0.999991 0.999995 0.999996 0.999984 
0.999995 0.999989 0.999995 0.999997 0.999995 0.999997 0.999997 0.999994 
0.999997 0.999997 0.999997 0.999998 0.999999 0.999999 0.999998 0.999994 
0.999982 0.99999 0.999996 0.999998 1 0.999998 0.999997 0.999993 
0.99998 0.999951 0.999984 0.999995 0.999997 0.999995 0.999996 0.999996 
0.999992 0.999885 0.999957 0.999987 0.999994 0.999994 0.999997 0.999998 
0.999997 0.999975 0.99995 0.999979 0.999988 0.999988 0.999999 0.999997 
0.999996 0.999976 0.999977 0.999996 0.999988 0.999997 0.999992 0.999996 
0.999997 1 0.999993 0.999997 0.999993 0.999992 0.999995 0.999998 
0.999999 0.999999 0.999997 0.999996 0.999994 0.999995 1 0.999999 
1 1 0.999998 1 0.999996 0.999998 0.999999 0.999999 
1 1 0.999999 0.999997 0.999997 0.999999 1 1 
0.999999 1 0.999999 0.999999 0.999998 0.999999 0.999999 0.999999 
0.999998 0.999999 1 0.999999 0.999997 0.999998 0.999999 0.999995 
0.999993 0.999994 1 0.999997 0.999996 0.999998 0.999998 0.999995 
0.999989 1 0.999998 0.999998 0.999998 1 0.999999 0.999998 
0.999997 0.999997 0.999999 0.999998 0.999996 0.999997 0.999998 0.999997 
0.999996 0.999996 0.999998 0.999999 0.999994 0.999994 0.999994 0.999996 
1 0.999994 0.999997 0.999996 0.999998 0.999989 0.999986 0.999982 
0.999997 0.999996 0.999998 0.999998 0.999998 0.99999 0.999943 0.999422 
0.999957 0.999998 0.999999 0.999999 0.999997 0.999947 0.998777 0.975906 
0.998762 0.999995 0.999998 0.999998 0.999981 0.999336 0.973915 0 
0.973617 0.999988 0.999996 0.999998 0.999978 0.999293 0.9734 0 
0.972765 0.999986 0.999997 0.999996 0.999928 0.997958 0.946703 0 
0.971779 0.999993 0.999998 0.999979 0.999271 0.97295 0 0 
0.945455 0.999997 0.999998 0.999932 0.997996 0.946873 0 0 
0 0.999979 0.99998 0.999318 0.973621 0 0 0.945954 
0.972219 0.999282 0.999934 0.999284 0.972977 0 0 0.970646 
0.97237 0.972951 0.998734 0.999246 0.972965 0 0 0.918201 
0 0 0.972929 0.998555 0.972955 0 0 0 
0 0 0.94667 0.997316 0.973553 0 0 0 
0 0 0 0.973776 0.997423 0.950448 0 0 
0 0 0 0.973337 0.998635 0.971665 0 0 
0.919091 0 0 0.972253 0.99722 0.946643 0 0 
0 0 0 0.946256 0.971486 0 0 0 
0 0 0 0 0.945173 0 0 0 
0 0 0 0 0.944435 0.944422 0 0 
0 0 0.916648 0 0 0.94443 0 0 
0 0 0.916646 0 0 0.944454 0 0.888863 
0 0 0 0 0 0.945248 0 0 
0 0 0 0 0.94608 0.972578 0 0 
0 0 0 0 0.972357 0.979137 0 0 
0 0 0.916646 0 0.974289 0.946061 0 0.888858 
0 0 0.916641 0 0.945261 0 0 0 
0 0 0 0 0.944446 0 0.917438 0 
0 0 0 0 0.94443 0 0.943666 0 
0 0 0 0 0.944451 0 0.944423 0 
0 0 0 0 0.945165 0 0.945887 0 
0 0.919092 0 0 0.970889 0.97385 0.99734 0.973608 
0.972967 0 0 0 0.946644 0.99763 0.999849 0.999317 
0.999287 0 0 0 0 0.974248 0.999348 0.999965 
0.999981 0 0 0 0.918998 0.996725 0.999886 0.999994 
0.999979 0 0 0.918175 0 0.974962 0.999382 0.999931 
0.999282 0 0.918312 0.968678 0 0.972343 0.999192 0.998673 
0.972951 0.954184 0 0.945859 0 0.946593 0.996641 0.974144 
0 0.973153 0 0.971535 0.946626 0 0.946521 0.970897 
0 0.998694 0.974308 0.998515 0.996641 0.947261 0 0.945928 
0 0.999951 0.999321 0.998631 0.974141 0.995334 0.946574 0.970357 
0 0.999981 0.999306 0.973657 0 0.946609 0 0.945928 
0 0.999982 0.999321 0.97366 0 0.972248 0.972897 0.971724 
0 0.999997 0.999949 0.998692 0.974308 0.998627 0.998775 0.977721 
0 0.999997 0.999995 0.999949 0.999349 0.999928 0.99928 0.973072 
0 0.999999 0.999995 0.999997 0.999982 0.999983 0.999854 0.973648 
0 0.99997 0.99999 0.999998 0.999999 0.999998 0.999952 0.998662 
0.972986 0.999948 0.999994 1 0.999999 0.999999 0.999997 0.999946 
0.999284 0.999976 0.999992 0.999998 0.999998 0.999999 0.999999 0.999997 
0.999978 0.999993 0.999997 0.999994 0.999994 0.999997 0.999997 0.999997 
0.999996 0.999998 0.999994 0.999986 0.999983 0.999988 0.999989 0.999974 
0.999968 0.999999 0.999994 0.999984 0.999977 0.999974 0.999932 0.999307 
0.999224 0.999999 0.999997 0.999992 0.999988 0.999937 0.998676 0.973567 
0.972744 0.999997 0.999999 0.999998 0.99998 0.999316 0.973641 0 
0 0.999971 0.999998 0.999998 0.999982 0.999286 0.972981 0 
0 0.99926 0.999938 0.999994 0.999978 0.999283 0.972937 0 
0.919083 0.972949 0.998645 0.999943 0.999973 0.999777 0.97222 0 
0 0 0.973634 0.999313 0.999864 0.997447 0.946491 0 
0 0 0.972979 0.999225 0.997984 0.947328 0 0 
0 0 0.972935 0.998603 0.973585 0 0 0 
0 0 0.972301 0.998478 0.972269 0 0 0 
0 0 0.94663 0.995918 0.946624 0 0 0 
0 0.946166 0 0.945837 0 0.917477 0 0 
0.947395 0.948506 0 0.944459 0 0.945057 0 0.918973 
0.995988 0 0 0.945718 0.945862 0.993961 0.918918 0 
0.973627 0 0 0 0 0.948349 0 0 
0.972275 0 0 0 0 0.969472 0.918185 0 
0.94657 0.946743 0 0 0.945112 0.945142 0 0 
0 0.972319 0 0 0.944487 0 0 0 
0.946743 0.973217 0 0 0.944428 0 0 0 
0.972334 0.973683 0 0 0.944412 0 0 0 
0.973809 0.997986 0.946686 0 0.944413 0 0 0 
0.972786 0.999236 0.972286 0 0.944445 0 0.919472 0 
0.973104 0.999281 0.972949 0 0.945174 0 0.945238 0 
0.973648 0.999277 0.972963 0 0.97149 0.972866 0.997264 0.974278 
0.99869 0.999267 0.972967 0 0.971494 0.9729 0.998575 0.999307 
0.999949 0.99928 0.972958 0 0.945187 0 0.973664 0.999474 
0.999987 0.9993 0.972962 0 0.944515 0 0.973166 0.99931 
0.999982 0.999289 0.972992 0 0.945184 0 0.973662 0.999322 
0.999982 0.999309 0.973255 0 0.971559 0.973615 0.998679 0.999949 
0.999997 0.999285 0.972989 0 0.972911 0.99864 0.999929 0.999995 
0.999998 0.999257 0.972932 0 0.97296 0.999265 0.999974 1 
0.999998 0.999167 0.972209 0 0.97295 0.999273 0.999974 0.999997 
1 0.99814 0.946522 0 0.972941 0.99928 0.999977 0.999998 
0.999999 0.972114 0 0 0.972958 0.99942 0.999985 0.999998 
0.999979 0.942539 0 0 0.972963 0.999295 0.999979 0.999958 
0.999285 0 0 0 0.972962 0.999284 0.999941 0.998936 
0.972946 0.955157 0 0 0.97297 0.999266 0.999299 0.973645 
0 0.972428 0 0 0.973145 0.999258 0.999244 0.972958 
0 0.973635 0 0 0.972868 0.99857 0.998563 0.972906 
0.972231 0.998053 0.947144 0 0.971506 0.972872 0.972229 0 
0.972983 0.99939 0.97462 0 0.945173 0 0.945947 0 
0.973659 0.999133 0.973025 0 0.944477 0 0.971514 0.98237 
0.998618 0.975231 0.972342 0 0.945252 0 0.97148 0.972879 
0.997988 0 0.97226 0.9729 0.971955 0 0.945233 0 
0.947754 0 0.97291 0.99793 0.973023 0 0.945219 0 
0 0 0.972946 0.998553 0.972951 0 0.944454 0 
0 0 0.972967 0.998581 0.972947 0 0.943607 0 
0 0 0.97295 0.998576 0.972947 0 0.917123 0 
0 0 0.972947 0.998588 0.972949 0 0 0 
0 0 0.972943 0.998574 0.972946 0 0 0 
0 0 0.972925 0.99857 0.972944 0 0 0 
0 0 0.972253 0.998519 0.972919 0 0.917443 0 
0 0 0.946695 0.997205 0.972171 0 0.94368 0 
0 0 0 0.971402 0.945863 0 0.944411 0 
0 0 0 0.944226 0 0 0.944431 0 
0 0 0 0.916673 0 0 0.944432 0 
0 0 0 0 0 0 0.94443 0 
0 0 0 0 0 0.944406 0.944428 0 
0 0 0 0.917399 0 0.943653 0 0 
0 0 0 0.943651 0 0.917319 0 0 
0 0 0 0.943759 0 0 0 0 
0 0 0 0.921161 0 0 0 0 
0 0 0 0 0 0 0 0 
0 0 0 0 0 0 0 0 
