0 0 0 0 0 0 0 0 
0 0 0 0 0 0 0 0 
0 0 0 0 0 0 0 0 
0 0 0 0 0 0 0 0 
0 0 0 0 0 0 0 0 
0 0 0 0 0 0 0 0 
0 0 0 0 0 0 0 0 
0 0 0 0 0 0 0 0 
0 0 0 0 0 0 0 0 
0 0 0 0 0 0 0 0 
0 0 0 0 0 0 0 0 
0 0 0 0 0 0 0 0 
0 0 0 0 0 0 0 0 
0 0 0 0 0 0 0 0 
0 0 0 0 0 0 0 0 
0 0 0 0 0 0 0 0 
0 0 0 0 0 0 0 0 
0 0 0 0 0 0 0 0 
0 0 0 0 0 0 0 0 
0 0 0 0 0 0 0 0 
0 0 0 0 0 0 0 0 
0 0 0 0 0 0 0 0 
0 0 0 0 0 0 0 0 
0 0 0 0 0 0 0 0 
0 0 0 0 0 0 0 0 
0 0 0 0 0 0 0 0 
0 0 0 0 0 0 0 0 
0 0 0 0 0 0 0 0 
0 0 0 0 0 0 0 0 
0 0 0 0 0 0 0 0 
0 0 0 0 0 0 0 0 
0 0 0 0 0 0 0 0 
0 0 0 0 0 0 0 0 
0 0 0 0 0 0 0 0 
0 0 0 0 0 0 0 0 
0 0 0 0 0 0 0 0 
0 0 0 0 0 0 0 0 
0 0 0 0 0 0 0 0 
0 0 0 0 0 0 0 0 
0 0 0 0 0 0 0 0 
0 0 0 0 0 0 0 0 
0 0 0 0 0 0 0 0 
0 0 0 0 0 0 0 0 
0 0 0 0 0 0 0 0 
0 0 0 0 0 0 0 0 
0 0 0 0 0 0 0 0 
0 0 0 0 0 0 0 0 
0 0 0 0 0 0 0 0 
0.921748 0.963574 0.964145 0.965682 0.9593 0.963959 0.96806 0.96573 
0.997037 0.998917 0.998935 0.998977 0.999 0.998902 0.999101 0.998972 
0.999904 0.999971 0.999972 0.999973 0.999976 1 0.999975 0.999973 
0.999997 0.999999 0.999999 0.999999 0.999999 0.999999 0.999999 1 
1 1 1 1 1 1 1 1 
1 1 1 1 1 1 1 1 
1 1 1 1 1 1 1 1 
1 1 1 1 1 1 1 1 
1 1 1 1 1 1 1 1 
1 1 1 1 1 1 1 1 
1 1 1 1 1 1 1 1 
1 1 1 1 1 1 1 1 
1 1 1 1 1 1 1 1 
1 1 1 1 1 1 1 1 
1 1 1 1 1 1 1 1 
1 1 1 1 1 1 1 1 
1 1 1 1 1 1 1 1 
1 1 1 1 1 1 1 1 
1 1 1 1 1 1 1 1 
1 1 1 1 1 1 1 1 
1 1 1 1 1 1 1 1 
1 1 1 1 1 1 1 1 
1 1 1 1 1 1 1 1 
1 1 1 1 1 1 1 1 
1 1 1 1 1 1 1 1 
1 1 1 1 1 1 1 1 
1 1 1 1 1 1 1 1 
1 1 1 1 1 1 1 1 
1 1 1 1 0.999998 0.999985 0.999998 1 
1 1 1 0.999997 0.999952 0.999363 0.999953 0.999998 
0.999999 1 0.999997 0.999934 0.998693 0.974322 0.998707 0.99995 
0.999981 0.999997 0.999933 0.998674 0.973594 0 0.973749 0.999281 
0.999287 0.999948 0.998659 0.973593 0.971665 0 0.972251 0.997878 
0.972968 0.999271 0.972953 0 0.946818 0 0.945936 0.970779 
0 0.99797 0.94671 0 0.950193 0 0 0.918251 
0 0.972955 0 0 0.944525 0 0 0 
0 0.946764 0 0 0.944413 0 0 0 
0 0 0 0 0.943682 0 0 0 
0.947063 0 0 0 0.917445 0 0 0 
0.97497 0 0 0 0 0 0 0 
0.973043 0 0 0 0 0 0.945976 0.97153 
0.972238 0 0.917444 0 0 0 0.972213 0.972266 
0 0 0.943661 0 0.945996 0.972898 0.997973 0.973602 
0 0 0.943661 0 0.972305 0.998592 0.999223 0.973034 
0 0 0.917444 0 0.974104 0.999315 0.999302 0.973644 
0 0 0 0 0.973028 0.999289 0.999928 0.998608 
0.972218 0 0 0 0.972279 0.999233 0.999925 0.998608 
0.972216 0 0 0 0.946686 0.997514 0.999217 0.973639 
0 0 0 0 0 0.947378 0.997321 0.97301 
0 0 0 0 0 0 0.973615 0.976894 
0 0 0 0 0.944513 0.945884 0.99667 0.973596 
0 0 0 0 0.945885 0 0.974186 0.996616 
0.944433 0 0 0.947845 0.996704 0.974262 0.998 0.972868 
0 0 0 0.972338 0.999187 0.999219 0.997283 0.946687 
0 0 0 0.972931 0.999216 0.997986 0.947419 0 
0 0 0 0.972255 0.99854 0.973602 0 0 
0 0 0 0.94665 0.996604 0.972839 0 0 
0 0 0 0 0.946592 0.970133 0 0 
0 0 0 0 0 0.918221 0 0 
0 0 0 0 0 0 0 0 
0 0.97295 0.946013 0 0 0 0 0 
0 0.998642 0.972899 0 0 0 0 0 
0 0.999915 0.997967 0.946719 0 0 0 0 
0 0.99998 0.999279 0.973022 0 0 0 0 
0.946763 0.999998 0.999933 0.998012 0.947384 0 0 0 
0.972924 1 0.999996 0.999885 0.997356 0.947365 0 0.921434 
0.996754 1 1 0.999995 0.999868 0.997419 0.950414 0 
0.97363 1 1 0.999999 0.999978 0.999257 0.973051 0 
0.97368 1 1 1 0.999998 0.999948 0.99868 0.974331 
0.998698 1 1 1 1 0.999998 0.999954 0.999413 
0.999955 1 1 1 1 1 0.999999 0.999987 
0.999999 1 1 1 1 1 1 1 
1 1 1 1 1 1 1 1 
1 1 1 1 1 1 1 1 
1 1 1 1 1 1 1 1 
1 1 1 1 1 1 1 1 
1 1 1 1 1 1 1 1 
1 1 1 1 1 1 1 1 
1 1 1 1 1 1 1 1 
1 1 1 1 1 1 1 1 
1 1 1 1 1 1 1 1 
1 1 1 1 1 1 1 1 
1 1 1 1 1 1 1 1 
1 1 1 1 1 1 1 1 
1 1 1 1 1 1 1 1 
1 1 1 1 1 1 1 1 
1 1 1 1 1 1 1 1 
1 1 1 1 1 1 1 1 
1 1 1 1 1 1 0.999998 0.999984 
0.999998 1 1 1 1 0.999998 0.999951 0.999355 
0.999953 1 1 1 0.999998 0.99995 0.998695 0.974322 
0.998729 1 1 1 0.999983 0.99932 0.973628 0 
0.973983 1 1 0.999999 0.999979 0.999239 0.972298 0 
0.973016 1 1 0.999998 0.99993 0.997967 0.94669 0 
0.972298 1 0.999999 0.99998 0.999271 0.97294 0 0 
0.946745 0.999999 0.999998 0.999933 0.99799 0.946751 0 0 
0 0.999981 0.999981 0.999321 0.97363 0 0 0.945922 
0.972221 0.999288 0.99993 0.999296 0.972986 0 0 0.970131 
0.972217 0.972968 0.998631 0.999676 0.972975 0 0 0.918226 
0 0 0.972934 0.998569 0.973024 0 0 0 
0 0 0.946701 0.99736 0.974535 0 0 0 
0 0 0 0.973558 0.997356 0.946652 0 0 
0 0 0 0.972943 0.998493 0.971562 0 0 
0.919096 0 0 0.972223 0.997563 0.946668 0 0 
0 0 0 0.945976 0.971632 0 0 0 
0 0 0 0 0.946508 0 0 0 
0 0 0 0 0.944529 0.94444 0 0 
0 0 0.91665 0 0 0.944434 0 0 
0 0 0.91665 0 0 0.944457 0 0.889877 
0 0 0 0 0 0.945248 0 0 
0 0 0 0 0.945999 0.971758 0 0 
0 0 0 0 0.971536 0.97157 0 0 
0 0 0.91665 0 0.971819 0.946217 0 0.895694 
0 0 0.91665 0 0.945232 0 0 0 
0 0 0 0 0.944461 0 0.917451 0 
0 0 0 0 0.944435 0 0.943718 0 
0 0 0 0 0.944473 0 0.944517 0 
0 0 0 0 0.954422 0 0.946122 0 
0 0.920673 0 0 0.970882 0.973502 0.997334 0.973609 
0.972968 0 0 0 0.946632 0.997386 0.999834 0.999317 
0.999288 0 0 0 0 0.982629 0.999386 0.999966 
0.999981 0 0 0 0.919 0.996746 0.999886 0.999995 
0.999983 0 0 0.918234 0 0.974408 0.999369 0.999935 
0.99931 0 0.918227 0.969263 0 0.97237 0.999233 0.998642 
0.97297 0.946807 0 0.952315 0 0.946888 0.996662 0.973519 
0 0.97299 0 0.971634 0.946635 0 0.946614 0.970882 
0 0.999379 0.974338 0.999469 0.996677 0.947293 0 0.945882 
0 0.999961 0.99931 0.998653 0.974163 0.995442 0.950139 0.970263 
0 0.999986 0.999379 0.973666 0 0.946618 0 0.946016 
0 0.999983 0.999327 0.973666 0 0.972256 0.972894 0.971573 
0 0.999999 0.99997 0.998725 0.974415 0.998636 0.998593 0.972935 
0 1 0.999998 0.999954 0.999365 0.999941 0.999291 0.973203 
0 1 1 0.999999 0.999984 0.999981 0.999323 0.973666 
0 1 1 1 1 0.999998 0.99995 0.998662 
0.972968 1 1 1 1 1 0.999997 0.999949 
0.999287 1 1 1 1 1 1 0.999998 
0.999981 1 1 1 1 1 1 1 
0.999999 1 1 1 1 1 0.999998 0.999983 
0.999981 1 1 1 1 0.999998 0.999953 0.999323 
0.999287 1 1 1 0.999999 0.999953 0.998712 0.973657 
0.972968 1 1 1 0.999983 0.999338 0.973816 0 
0 0.999992 0.999998 0.999999 0.999981 0.999291 0.973005 0 
0 0.999288 0.99995 0.999997 0.999981 0.999289 0.973028 0 
0.919096 0.972968 0.998712 0.999952 0.999977 0.999296 0.973881 0 
0 0 0.974478 0.999374 0.999871 0.997334 0.946831 0 
0 0 0.973043 0.999702 0.998173 0.947386 0 0 
0 0 0.972937 0.99878 0.978098 0 0 0 
0 0 0.972253 0.998481 0.972446 0 0 0 
0 0 0.946632 0.995925 0.946636 0 0 0 
0 0.94612 0 0.945864 0 0.917588 0 0 
0.9474 0.948896 0 0.94448 0 0.949369 0 0.918979 
0.995988 0 0 0.944473 0.945807 0.994049 0.918918 0 
0.973607 0 0 0 0 0.952595 0 0 
0.972318 0 0 0 0 0.969482 0.918201 0 
0.946746 0.946745 0 0 0.94932 0.945237 0 0 
0 0.972297 0 0 0.944627 0 0 0 
0.946745 0.972986 0 0 0.949359 0 0 0 
0.972297 0.973645 0 0 0.944529 0 0 0 
0.97297 0.997996 0.946793 0 0.944434 0 0 0 
0.972988 0.999245 0.97233 0 0.944454 0 0.917488 0 
0.973005 0.999292 0.973014 0 0.945185 0 0.945152 0 
0.973664 0.999353 0.973884 0 0.971503 0.972875 0.997272 0.974336 
0.998703 0.999293 0.973025 0 0.971505 0.972908 0.998578 0.999309 
0.99996 0.999289 0.97297 0 0.945186 0 0.973682 0.999308 
0.999981 0.999299 0.972969 0 0.944476 0 0.973514 0.999327 
0.999983 0.999289 0.972968 0 0.945187 0 0.973685 0.999324 
0.999983 0.999288 0.972968 0 0.971559 0.973589 0.998678 0.999952 
0.999998 0.999292 0.972969 0 0.972914 0.998641 0.999933 0.999997 
1 0.999364 0.973037 0 0.972968 0.999271 0.999992 1 
1 0.999331 0.974172 0 0.973042 0.999291 0.999981 1 
1 0.997979 0.94681 0 0.974475 0.999359 0.999983 0.999999 
1 0.97296 0 0 0.973043 0.999296 0.999981 0.999998 
0.999981 0.946794 0 0 0.972975 0.99939 0.999984 0.999948 
0.999287 0 0 0 0.972969 0.999305 0.999936 0.998661 
0.972968 0.946748 0 0 0.972967 0.999271 0.999302 0.973643 
0 0.972401 0 0 0.972965 0.999255 0.999253 0.972984 
0 0.975773 0 0 0.972915 0.998624 0.998585 0.97294 
0.972305 0.998068 0.946691 0 0.971541 0.972896 0.972238 0 
0.972994 0.999224 0.972274 0 0.945187 0 0.945956 0 
0.973661 0.998651 0.972919 0 0.944476 0 0.971524 0.97291 
0.998612 0.973254 0.972301 0 0.945191 0 0.971504 0.972893 
0.99797 0 0.972257 0.972877 0.971613 0 0.945185 0 
0.947455 0 0.972914 0.998 0.979557 0 0.944453 0 
0 0 0.972958 0.998653 0.97728 0 0.944412 0 
0 0 0.973029 0.998588 0.973116 0 0.943682 0 
0 0 0.97296 0.998644 0.974352 0 0.917445 0 
0 0 0.972949 0.998578 0.97302 0 0 0 
0 0 0.972949 0.998574 0.97295 0 0 0 
0 0 0.972937 0.998573 0.972947 0 0 0 
0 0 0.972256 0.998522 0.972927 0 0.917446 0 
0 0 0.946667 0.997213 0.972201 0 0.943691 0 
0 0 0 0.971451 0.945953 0 0.944471 0 
0 0 0 0.944434 0 0 0.944443 0 
0 0 0 0.917467 0 0 0.944452 0 
0 0 0 0 0 0 0.944584 0 
0 0 0 0 0 0.944413 0.94445 0 
0 0 0 0.917445 0 0.943682 0 0 
0 0 0 0.943661 0 0.917445 0 0 
0 0 0 0.943661 0 0 0 0 
0 0 0 0.917444 0 0 0 0 
0 0 0 0 0 0 0 0 
0 0 0 0 0 0 0 0 
