0 0 0 0 0 0 0 0 
0 0 0 0 0 0 0 0 
0 0 0 0 0 0 0 0 
0 0 0 0 0 0 0 0 
0 0 0 0 0 0 0 0 
0 0 0 0 0 0 0 0 
0 0 0 0 0 0 0 0 
0 0 0 0 0 0 0 0 
0 0 0 0 0 0 0 0 
0 0 0 0 0 0 0 0 
0 0 0 0 0 0 0 0 
0 0 0 0 0 0 0 0 
0 0 0 0 0 0 0 0 
0 0 0 0 0 0 0 0 
0 0 0 0 0 0 0 0 
0 0 0 0 0 0 0 0 
0 0 0 0 0 0 0 0 
0 0 0 0 0 0 0 0 
0 0 0 0 0 0 0 0 
0 0 0 0 0 0 0 0 
0 0 0 0 0 0 0 0 
0 0 0 0 0 0 0 0 
0 0 0 0 0 0 0 0 
0 0 0 0 0 0 0 0 
0 0 0 0 0 0 0 0 
0 0 0 0 0 0 0 0 
0 0 0 0 0 0 0 0 
0 0 0 0 0 0 0 0 
0 0 0 0 0 0 0 0 
0 0 0 0 0 0 0 0 
0 0 0 0 0 0 0 0 
0 0 0 0 0 0 0 0 
0 0 0 0 0 0 0 0 
0 0 0 0 0 0 0 0 
0 0 0 0 0 0 0 0 
0 0 0 0 0 0 0 0 
0 0 0 0 0 0 0 0 
0 0 0 0 0 0 0 0 
0 0 0 0 0 0 0 0 
0 0 0 0 0 0 0 0 
0 0 0 0 0 0 0 0 
0 0 0 0 0 0 0 0 
0 0 0 0 0 0 0 0 
0 0 0 0 0 0 0 0 
0 0 0 0 0 0 0 0 
0 0 0 0 0 0 0 0 
0 0 0 0 0 0 0 0 
0 0 0 0 0 0 0 0 
0.922866 0.936749 0.95434 0.967561 0.961732 0.964232 0.963838 0.969948 
0.996455 0.985774 0.995776 0.99717 0.997527 0.997915 0.998184 0.998614 
0.999667 0.980585 0.994827 0.997313 0.998227 0.999718 0.998561 0.99794 
0.994406 0.992941 0.997508 0.996568 0.995807 0.997117 0.994618 0.994766 
0.99036 0.997674 0.999105 0.998397 0.994029 0.989693 0.980942 0.99093 
0.996652 0.996214 0.998861 0.998856 0.995861 0.986589 0.982635 0.994854 
0.998305 0.997 0.999736 0.99949 0.998303 0.994565 0.9952 0.999532 
0.999545 0.998149 0.999357 0.999218 0.999857 0.997892 0.998227 0.999499 
0.999858 0.993081 0.99751 0.997885 0.999844 0.999977 0.999285 0.999548 
0.999852 0.972292 0.990765 0.996301 0.999036 0.999757 0.999774 0.999951 
0.999854 0.96724 0.984391 0.994713 0.998519 0.999644 0.999999 0.999644 
0.999455 0.992955 0.995133 0.997881 0.998469 0.999283 0.999468 0.998729 
0.998063 0.998843 0.99903 0.999744 0.999173 0.998601 0.998761 0.996611 
0.995002 0.99972 0.999718 0.999913 0.999619 0.999176 0.999369 0.998577 
0.99837 0.999145 0.999333 0.999611 0.999477 0.999502 0.999742 0.999662 
0.999679 0.996882 0.998143 0.998942 0.999123 0.999652 0.999893 0.99998 
0.999933 0.997855 0.998053 0.998966 0.998823 0.999383 0.999791 0.999911 
0.999938 0.999466 0.999419 0.999592 0.999176 0.998633 0.999266 0.999562 
0.999228 0.999852 0.999933 0.99983 0.998686 0.996941 0.9978 0.998113 
0.996308 0.999675 0.999819 0.999661 0.999432 0.999558 0.998243 0.995938 
0.99291 0.998914 0.999655 0.999776 0.999803 0.999642 0.999058 0.998022 
0.996981 0.997773 0.99941 0.999915 0.999897 0.999814 0.999751 0.996384 
0.991439 0.997792 0.999459 0.999855 0.999808 0.999496 0.997583 0.987824 
0.956707 0.995889 0.998983 0.999657 0.999645 0.999142 0.995836 0.974629 
0.873116 0.997461 0.998887 0.999325 0.999471 0.998919 0.997842 0.981643 
0.897708 0.994395 0.997868 0.998607 0.998596 0.996907 0.996478 0.985735 
0.942098 0.996905 0.99898 0.999321 0.998264 0.993924 0.990487 0.980431 
0.981246 0.999084 0.999681 0.999807 0.998891 0.995284 0.988778 0.997019 
0.996432 0.999508 0.999852 0.999452 0.997952 0.99408 0.995106 0.997833 
0.999892 0.999037 0.998722 0.998812 0.997066 0.988743 0.996034 0.999029 
0.999786 0.998842 0.998388 0.996796 0.987909 0.949313 0.992064 0.997912 
0.999341 0.998869 0.998737 0.994779 0.960124 0 0.966742 0.993569 
0.996032 0.997244 0.995699 0.965498 0.962025 0 0.968115 0.987093 
0.957255 0.997916 0.969267 0 0.942827 0 0.933058 0.924668 
0 0.9992 0.944893 0 0.943946 0 0 0.682214 
0 0.971271 0 0 0.944021 0 0 0 
0 0.93878 0 0 0.944083 0 0 0 
0 0 0 0 0.942286 0 0 0 
0.946574 0 0 0 0.911168 0 0 0 
0.972012 0 0 0 0 0 0 0 
0.972046 0 0 0 0 0 0.945436 0.971025 
0.971186 0 0.91703 0 0 0 0.970599 0.970686 
0 0 0.943444 0 0.945806 0.971698 0.995258 0.968532 
0 0 0.942908 0 0.972059 0.998223 0.998224 0.970946 
0 0 0.91436 0 0.972726 0.9991 0.999015 0.973143 
0 0 0 0 0.972299 0.998948 0.999724 0.998401 
0.97172 0 0 0 0.970566 0.998141 0.999952 0.998222 
0.9712 0 0 0 0.941029 0.994744 0.998791 0.972666 
0 0 0 0 0 0.940485 0.995536 0.970866 
0 0 0 0 0 0 0.972938 0.97157 
0 0 0 0 0.943348 0.9453 0.996438 0.973214 
0 0 0 0 0.945504 0 0.973907 0.996295 
0.943595 0 0 0.946417 0.99644 0.973741 0.996945 0.971766 
0 0 0 0.972041 0.998715 0.997799 0.992915 0.942221 
0 0 0 0.971483 0.997843 0.995173 0.934394 0 
0 0 0 0.968704 0.997134 0.972802 0 0 
0 0 0 0.944503 0.99584 0.972506 0 0 
0 0 0 0 0.945131 0.969136 0 0 
0 0 0 0 0 0.914097 0 0 
0 0 0 0 0 0 0 0 
0 0.971146 0.944194 0 0 0 0 0 
0 0.998221 0.97191 0 0 0 0 0 
0 0.999824 0.997708 0.94618 0 0 0 0 
0 0.999895 0.999313 0.976369 0 0 0 0 
0.944729 0.999862 0.999861 0.99805 0.951806 0 0 0 
0.97226 0.999897 0.999878 0.999867 0.99688 0.946682 0 0.92451 
0.996401 0.999966 0.999903 0.999821 0.999513 0.996949 0.945833 0 
0.972936 0.99994 0.999893 0.999856 0.999599 0.998562 0.971424 0 
0.971669 0.999782 0.999797 0.999673 0.999104 0.998728 0.997669 0.972695 
0.997775 0.999443 0.999719 0.999429 0.998801 0.999007 0.999508 0.998653 
0.999549 0.998052 0.999174 0.998463 0.996461 0.998212 0.999705 0.998531 
0.998627 0.995823 0.998625 0.99929 0.998019 0.99907 0.999266 0.997798 
0.994597 0.997772 0.999342 0.99958 0.999759 0.999683 0.999608 0.998639 
0.994016 0.998341 0.999211 0.999702 0.999582 0.999347 0.999271 0.998242 
0.993439 0.987699 0.996953 0.999131 0.999056 0.9983 0.998951 0.999229 
0.997859 0.959051 0.98974 0.997418 0.998984 0.998199 0.999193 0.99966 
0.99928 0.959682 0.980326 0.994004 0.996528 0.995242 0.998106 0.999496 
0.998694 0.992606 0.993509 0.997195 0.995396 0.993071 0.997156 0.998812 
0.998978 0.999551 0.998244 0.999698 0.998041 0.997422 0.998367 0.999449 
0.999733 0.999554 0.998925 0.998681 0.997836 0.998715 0.999181 0.999715 
0.999955 0.999967 0.999428 0.998588 0.998759 0.999543 0.999949 0.999755 
0.999911 0.999765 0.999656 0.999127 0.99904 0.999677 0.999839 0.999969 
0.999891 0.999967 0.999821 0.999629 0.999315 0.999663 0.999634 0.999319 
0.999512 0.999092 0.999677 0.999774 0.99875 0.999221 0.999113 0.9981 
0.997849 0.997656 0.999176 0.999144 0.998353 0.999281 0.999518 0.998684 
0.995974 0.998729 0.99956 0.99961 0.999751 0.999617 0.999786 0.99945 
0.999767 0.999425 0.999754 0.999534 0.998807 0.999259 0.999644 0.999166 
0.998594 0.998805 0.999481 0.998902 0.997559 0.998473 0.998368 0.998682 
0.999455 0.997988 0.999288 0.998603 0.996754 0.995996 0.994897 0.99979 
0.99957 0.998895 0.999611 0.999513 0.999942 0.997561 0.99566 0.997779 
0.999552 0.999491 0.999822 0.999815 0.999596 0.998425 0.993992 0.971234 
0.997297 0.998775 0.999601 0.999689 0.99948 0.997068 0.964014 0 
0.965751 0.995922 0.998881 0.999571 0.999602 0.997621 0.965036 0 
0.923051 0.995401 0.999815 0.999669 0.999367 0.99508 0.93165 0 
0.742481 0.998192 0.999558 0.999827 0.999243 0.973611 0 0 
0.680745 0.999246 0.999754 0.999646 0.996768 0.941432 0 0 
0 0.999596 0.999857 0.99892 0.972144 0 0 0.944874 
0.968946 0.998111 0.999417 0.998209 0.970168 0 0 0.965791 
0.95765 0.968304 0.996707 0.99684 0.973244 0 0 0.903888 
0 0 0.96997 0.997201 0.969784 0 0 0 
0 0 0.941339 0.996166 0.972475 0 0 0 
0 0 0 0.973301 0.9974 0.945616 0 0 
0 0 0 0.972486 0.998164 0.970415 0 0 
0.918076 0 0 0.96988 0.996288 0.945003 0 0 
0 0 0 0.936 0.968476 0 0 0 
0 0 0 0 0.942709 0 0 0 
0 0 0 0 0.939983 0.94184 0 0 
0 0 0.916363 0 0 0.943875 0 0 
0 0 0.915862 0 0 0.944296 0 0.887967 
0 0 0 0 0 0.945002 0 0 
0 0 0 0 0.954339 0.970664 0 0 
0 0 0 0 0.971149 0.970391 0 0 
0 0 0.916053 0 0.970018 0.942074 0 0.887213 
0 0 0.914828 0 0.94416 0 0 0 
0 0 0 0 0.942274 0 0.916554 0 
0 0 0 0 0.943659 0 0.940071 0 
0 0 0 0 0.944177 0 0.936863 0 
0 0 0 0 0.944543 0 0.942721 0 
0 0.918269 0 0 0.969553 0.973026 0.99675 0.97322 
0.972828 0 0 0 0.944579 0.996874 0.999654 0.999164 
0.99923 0 0 0 0 0.973875 0.999133 0.999755 
0.999876 0 0 0 0.91856 0.996384 0.999727 0.999606 
0.999583 0 0 0.917359 0 0.972687 0.998793 0.999366 
0.997963 0 0.917323 0.968314 0 0.967995 0.996589 0.996296 
0.968148 0.943989 0 0.946442 0 0.930168 0.985255 0.965048 
0 0.972692 0 0.969846 0.945673 0 0.92124 0.962674 
0 0.997733 0.971319 0.994428 0.993499 0.939431 0 0.944003 
0 0.999923 0.998078 0.995652 0.96823 0.992471 0.945375 0.96954 
0 0.999829 0.998925 0.972636 0 0.945544 0 0.944668 
0 0.999763 0.999148 0.9733 0 0.970178 0.967845 0.969101 
0 0.999493 0.999541 0.997658 0.97097 0.996883 0.996479 0.968945 
0 0.999471 0.999263 0.999459 0.99758 0.99923 0.999032 0.971665 
0 0.997526 0.99838 0.999327 0.999425 0.999773 0.999227 0.974005 
0 0.991132 0.997255 0.999859 0.99976 0.999907 0.999876 0.998135 
0.978935 0.981918 0.995217 0.998868 0.999955 0.99986 0.999826 0.999206 
0.996829 0.993482 0.997725 0.999282 0.999539 0.999828 0.99996 0.999582 
0.99897 0.998548 0.997807 0.99826 0.998438 0.999348 0.999513 0.999264 
0.999494 0.99955 0.998305 0.995282 0.9943 0.99697 0.997518 0.997186 
0.997802 0.9997 0.998514 0.994393 0.991963 0.991344 0.992682 0.992599 
0.986349 0.999964 0.999082 0.997598 0.997361 0.995123 0.99328 0.954431 
0.911727 0.999476 0.998991 0.999722 0.999363 0.997978 0.9725 0 
0 0.997548 0.998371 0.999414 0.99965 0.998676 0.972437 0 
0 0.990046 0.997568 0.99952 0.999447 0.997607 0.970871 0 
0.916219 0.943107 0.993194 0.998743 0.998239 0.992597 0.960188 0 
0 0 0.971197 0.998452 0.997077 0.981839 0.894515 0 
0 0 0.971722 0.998617 0.995187 0.929531 0 0 
0 0 0.972196 0.998316 0.97279 0 0 0 
0 0 0.971339 0.998161 0.972322 0 0 0 
0 0 0.944223 0.994809 0.944477 0 0 0 
0 0.944136 0 0.941555 0 0.915696 0 0 
0.945681 0.938894 0 0.922281 0 0.944432 0 0.917819 
0.995374 0 0 0.928132 0.942547 0.994814 0.918704 0 
0.971965 0 0 0 0 0.945475 0 0 
0.96355 0 0 0 0 0.9648 0.915125 0 
0.896707 0.94557 0 0 0.941341 0.933013 0 0 
0 0.971965 0 0 0.94385 0 0 0 
0.946115 0.972505 0 0 0.943283 0 0 0 
0.96874 0.98055 0 0 0.939236 0 0 0 
0.949994 0.997294 0.945018 0 0.939565 0 0 0 
0.877696 0.997744 0.977567 0 0.943078 0 0.915692 0 
0.931532 0.9975 0.972557 0 0.942821 0 0.944701 0 
0.965779 0.995331 0.971992 0 0.967818 0.970857 0.996782 0.973278 
0.99741 0.989099 0.974867 0 0.968668 0.970489 0.998132 0.999197 
0.999694 0.996596 0.9696 0 0.944331 0 0.973311 0.999072 
0.999893 0.998964 0.970441 0 0.942943 0 0.972611 0.998833 
0.999893 0.998458 0.972416 0 0.942456 0 0.973638 0.998759 
0.999975 0.997726 0.97187 0 0.970559 0.973311 0.998112 0.999582 
0.999332 0.998784 0.972167 0 0.972347 0.996952 0.998745 0.999553 
0.999474 0.989953 0.970315 0 0.971847 0.997549 0.997863 0.999445 
0.999327 0.967107 0.960719 0 0.968305 0.994509 0.997518 0.999224 
0.999612 0.954424 0.901596 0 0.964473 0.99526 0.998904 0.999584 
0.999228 0.761178 0 0 0.968562 0.99756 0.999598 0.999774 
0.999284 0.390564 0 0 0.972031 0.998884 0.999787 0.999613 
0.999414 0 0 0 0.971446 0.998816 0.999891 0.997634 
0.966662 0.946038 0 0 0.967967 0.998295 0.998579 0.971075 
0 0.972286 0 0 0.960229 0.996732 0.997573 0.964655 
0 0.974358 0 0 0.951321 0.994256 0.996715 0.965291 
0.9705 0.996267 0.934447 0 0.962542 0.967384 0.971145 0 
0.97236 0.998286 0.96751 0 0.942626 0 0.944567 0 
0.973735 0.996909 0.971356 0 0.943959 0 0.965886 0.961373 
0.997074 0.967727 0.971163 0 0.953989 0 0.964272 0.954561 
0.998911 0 0.974965 0.968874 0.968972 0 0.944362 0 
0.926441 0 0.971772 0.994063 0.973442 0 0.944066 0 
0 0 0.972171 0.996082 0.970256 0 0.943106 0 
0 0 0.980707 0.997968 0.972206 0 0.933988 0 
0 0 0.972684 0.998394 0.97278 0 0.853138 0 
0 0 0.972221 0.998385 0.972765 0 0 0 
0 0 0.971606 0.998208 0.972369 0 0 0 
0 0 0.971808 0.998219 0.972041 0 0 0 
0 0 0.970432 0.997971 0.971329 0 0.917154 0 
0 0 0.93881 0.995103 0.965461 0 0.943205 0 
0 0 0 0.965257 0.922095 0 0.944402 0 
0 0 0 0.915804 0 0 0.944269 0 
0 0 0 0.773707 0 0 0.944285 0 
0 0 0 0 0 0 0.943969 0 
0 0 0 0 0 0.943858 0.943374 0 
0 0 0 0.907863 0 0.940235 0 0 
0 0 0 0.94239 0 0.891184 0 0 
0 0 0 0.942822 0 0 0 0 
0 0 0 0.913247 0 0 0 0 
0 0 0 0 0 0 0 0 
0 0 0 0 0 0 0 0 
