0 0 0 0 0 0 0 0 
0 0 0 0 0 0 0 0 
0 0 0 0 0 0 0 0 
0 0 0 0 0 0 0 0 
0 0 0 0 0 0 0 0 
0 0 0 0 0 0 0 0 
0 0 0 0 0 0 0 0 
0 0 0 0 0 0 0 0 
0 0 0 0 0 0 0 0 
0 0 0 0 0 0 0 0 
0 0 0 0 0 0 0 0 
0 0 0 0 0 0 0 0 
0 0 0 0 0 0 0 0 
0 0 0 0 0 0 0 0 
0 0 0 0 0 0 0 0 
0 0 0 0 0 0 0 0 
0 0 0 0 0 0 0 0 
0 0 0 0 0 0 0 0 
0 0 0 0 0 0 0 0 
0 0 0 0 0 0 0 0 
0 0 0 0 0 0 0 0 
0 0 0 0 0 0 0 0 
0 0 0 0 0 0 0 0 
0 0 0 0 0 0 0 0 
0 0 0 0 0 0 0 0 
0 0 0 0 0 0 0 0 
0 0 0 0 0 0 0 0 
0 0 0 0 0 0 0 0 
0 0 0 0 0 0 0 0 
0 0 0 0 0 0 0 0 
0 0 0 0 0 0 0 0 
0 0 0 0 0 0 0 0 
0 0 0 0 0 0 0 0 
0 0 0 0 0 0 0 0 
0 0 0 0 0 0 0 0 
0 0 0 0 0 0 0 0 
0 0 0 0 0 0 0 0 
0 0 0 0 0 0 0 0 
0 0 0 0 0 0 0 0 
0 0 0 0 0 0 0 0 
0 0 0 0 0 0 0 0 
0 0 0 0 0 0 0 0 
0 0 0 0 0 0 0 0 
0 0 0 0 0 0 0 0 
0 0 0 0 0 0 0 0 
0 0 0 0 0 0 0 0 
0 0 0 0 0 0 0 0 
0 0 0 0 0 0 0 0 
0.904678 0.842344 0.93098 0.952859 0.943291 0.938409 0.953177 0.958361 
0.992704 0.923185 0.983645 0.987426 0.990464 0.992825 0.994343 0.995988 
0.991186 0.876849 0.968856 0.982902 0.988942 0.995673 0.991506 0.988155 
0.963247 0.957041 0.985832 0.976266 0.971431 0.984139 0.967583 0.967791 
0.935187 0.986801 0.995388 0.991292 0.959827 0.935098 0.873852 0.940954 
0.980705 0.974294 0.992919 0.993323 0.975091 0.910984 0.885401 0.969553 
0.989405 0.98006 0.999837 0.997204 0.990188 0.964773 0.970929 0.990083 
0.997294 0.989837 0.996606 0.99508 0.98751 0.985867 0.988569 0.996903 
0.999245 0.960625 0.986648 0.985397 0.990502 0.999321 0.995113 0.996822 
0.999064 0.835093 0.945514 0.976611 0.994227 0.998629 0.99856 0.998272 
0.999161 0.806452 0.900237 0.966181 0.990967 0.998012 0.999513 0.997809 
0.996705 0.961255 0.970358 0.987193 0.989376 0.995593 0.996877 0.991991 
0.987817 0.993922 0.994421 0.999383 0.994578 0.989903 0.992181 0.975987 
0.965105 0.998604 0.998398 0.999738 0.997732 0.994352 0.996249 0.990658 
0.989973 0.994939 0.995794 0.997691 0.996511 0.996643 0.998464 0.997986 
0.998221 0.978279 0.987485 0.992919 0.994004 0.997946 0.999422 0.999579 
0.999627 0.985579 0.986253 0.993318 0.991618 0.996128 0.998855 0.999524 
0.99983 0.996886 0.996355 0.997619 0.994894 0.990857 0.995589 0.997676 
0.995646 0.999197 0.999837 0.999424 0.991052 0.97718 0.984933 0.98861 
0.975975 0.998034 0.99891 0.997628 0.996175 0.998663 0.988572 0.97204 
0.951631 0.992914 0.997948 0.998509 0.998861 0.997675 0.993914 0.988184 
0.983371 0.984811 0.996368 0.999694 0.999387 0.998934 0.994781 0.978883 
0.954103 0.986127 0.997032 0.999217 0.99882 0.997169 0.986442 0.930979 
0.776453 0.971835 0.994003 0.997992 0.997773 0.995145 0.977029 0.864713 
0.491313 0.972694 0.993312 0.995728 0.996971 0.993482 0.991767 0.907295 
0.563806 0.961645 0.986127 0.990426 0.991079 0.979388 0.981845 0.924359 
0.708058 0.979763 0.993996 0.996044 0.989347 0.958569 0.940661 0.871855 
0.892738 0.994526 0.998182 0.999364 0.994135 0.971498 0.922448 0.949781 
0.980897 0.99703 0.999795 0.996784 0.987187 0.949726 0.954713 0.987127 
0.996608 0.993475 0.990978 0.993148 0.975132 0.930686 0.977038 0.995107 
0.998935 0.992194 0.989359 0.980944 0.931332 0.820032 0.960092 0.988473 
0.996688 0.993107 0.993666 0.97704 0.888316 0 0.92964 0.961983 
0.981319 0.980804 0.980717 0.921362 0.9126 0 0.952483 0.938257 
0.876981 0.990744 0.948158 0 0.93291 0 0.879044 0.754704 
0 0.994782 0.935916 0 0.94194 0 0 0.290762 
0 0.963451 0 0 0.941932 0 0 0 
0 0.895655 0 0 0.942784 0 0 0 
0 0 0 0 0.936578 0 0 0 
0.945686 0 0 0 0.881097 0 0 0 
0.970582 0 0 0 0 0 0 0 
0.966717 0 0 0 0 0 0.943176 0.968907 
0.965562 0 0.91501 0 0 0 0.962081 0.963295 
0 0 0.942586 0 0.945211 0.965199 0.979492 0.943255 
0 0 0.939733 0 0.971155 0.996545 0.993126 0.960101 
0 0 0.899311 0 0.971646 0.998443 0.997638 0.970823 
0 0 0 0 0.968901 0.99732 0.998563 0.997498 
0.969252 0 0 0 0.962335 0.9921 0.996393 0.996299 
0.965611 0 0 0 0.911099 0.981898 0.997817 0.967421 
0 0 0 0 0 0.903909 0.986612 0.959019 
0 0 0 0 0 0 0.970141 0.96794 
0 0 0 0 0.937062 0.942438 0.995429 0.971791 
0 0 0 0 0.943801 0 0.972703 0.994923 
0.939403 0 0 0.945194 0.995593 0.971408 0.991995 0.966784 
0 0 0 0.971315 0.996536 0.990653 0.969809 0.919059 
0 0 0 0.964123 0.990264 0.981471 0.86769 0 
0 0 0 0.948099 0.989546 0.969243 0 0 
0 0 0 0.933811 0.99238 0.97122 0 0 
0 0 0 0 0.937358 0.964873 0 0 
0 0 0 0 0 0.894031 0 0 
0 0 0 0 0 0 0 0 
0 0.96112 0.91047 0 0 0 0 0 
0 0.9963 0.966581 0 0 0 0 0 
0 0.999448 0.996507 0.942646 0 0 0 0 
0 0.999376 0.999083 0.971705 0 0 0 0 
0.933389 0.999051 0.99949 0.997174 0.944418 0 0 0 
0.968864 0.999299 0.999143 0.998486 0.993298 0.943083 0 0.913831 
0.994949 0.999816 0.999373 0.998804 0.997517 0.995244 0.941591 0 
0.969349 0.999642 0.999306 0.999188 0.997658 0.994938 0.962553 0 
0.959377 0.998597 0.998668 0.997999 0.99385 0.991305 0.992319 0.963183 
0.992744 0.996657 0.998484 0.996571 0.992546 0.993668 0.997403 0.995115 
0.997755 0.987422 0.995179 0.989609 0.973869 0.987612 0.999321 0.989761 
0.992014 0.971133 0.991161 0.996249 0.985915 0.994252 0.995384 0.985461 
0.96361 0.985812 0.996411 0.997193 0.999255 0.998196 0.997913 0.992793 
0.961289 0.978989 0.995574 0.99846 0.997344 0.995854 0.995454 0.989206 
0.955827 0.92855 0.983948 0.995322 0.993731 0.987789 0.99291 0.995647 
0.98693 0.77002 0.94346 0.985513 0.994956 0.988467 0.9953 0.998197 
0.995918 0.771806 0.875896 0.962666 0.978105 0.96717 0.987946 0.997678 
0.990971 0.961015 0.959825 0.983759 0.968723 0.95063 0.981445 0.992113 
0.993016 0.986722 0.988775 0.994658 0.987738 0.983629 0.989221 0.996765 
0.998419 0.996963 0.992746 0.991134 0.984542 0.991792 0.994539 0.998282 
0.999871 0.998967 0.996436 0.98997 0.991798 0.997377 0.998012 0.998207 
0.999418 0.998341 0.997889 0.994037 0.99331 0.99807 0.999017 0.998631 
0.999395 0.997901 0.998975 0.997681 0.995508 0.998049 0.997773 0.995514 
0.997205 0.994227 0.998128 0.99924 0.99105 0.994833 0.99408 0.986385 
0.985873 0.983567 0.994777 0.994159 0.987684 0.995386 0.99722 0.991966 
0.971684 0.991688 0.997414 0.997525 0.999399 0.997547 0.998888 0.996553 
0.986511 0.99664 0.998706 0.99729 0.991699 0.9952 0.998365 0.994566 
0.989999 0.992121 0.996961 0.992854 0.982845 0.990942 0.989911 0.990802 
0.996771 0.986028 0.995816 0.990706 0.977067 0.972461 0.963359 0.984471 
0.997432 0.992761 0.997726 0.997082 0.993311 0.984274 0.970679 0.989963 
0.997904 0.997063 0.999068 0.998985 0.99783 0.991175 0.968074 0.954289 
0.991316 0.99264 0.997776 0.997995 0.997066 0.986005 0.910371 0 
0.93293 0.972457 0.992901 0.997275 0.997993 0.990714 0.929531 0 
0.734272 0.968782 0.993004 0.997903 0.996611 0.981105 0.856142 0 
0.29531 0.988661 0.99738 0.99911 0.999871 0.958995 0 0 
0.262456 0.995192 0.998584 0.998309 0.990761 0.912594 0 0 
0 0.997804 0.999506 0.997136 0.964204 0 0 0.941257 
0.955577 0.992445 0.997298 0.992764 0.945285 0 0 0.949253 
0.882982 0.942809 0.987009 0.984196 0.918153 0 0 0.838583 
0 0 0.954228 0.991117 0.953199 0 0 0 
0 0 0.912935 0.991065 0.966991 0 0 0 
0 0 0 0.972134 0.99913 0.940031 0 0 
0 0 0 0.97054 0.996787 0.964169 0 0 
0.912923 0 0 0.959153 0.992341 0.936315 0 0 
0 0 0 0.884087 0.954284 0 0 0 
0 0 0 0 0.931248 0 0 0 
0 0 0 0 0.916847 0.92897 0 0 
0 0 0.91517 0 0 0.941614 0 0 
0 0 0.912002 0 0 0.943628 0 0.884001 
0 0 0 0 0 0.944191 0 0 
0 0 0 0 0.954519 0.969342 0 0 
0 0 0 0 0.968798 0.965142 0 0 
0 0 0.913635 0 0.966986 0.921161 0 0.879958 
0 0 0.905937 0 0.93943 0 0 0 
0 0 0 0 0.930595 0 0.913206 0 
0 0 0 0 0.940098 0 0.922807 0 
0 0 0 0 0.943064 0 0.897803 0 
0 0 0 0 0.94153 0 0.927567 0 
0 0.914085 0 0 0.962351 0.970791 0.994253 0.971006 
0.972048 0 0 0 0.933521 0.994629 0.99887 0.998373 
0.998946 0 0 0 0 0.971904 0.99792 0.998556 
0.999372 0 0 0 0.916422 0.995098 0.999116 0.997273 
0.997526 0 0 0.913346 0 0.968721 0.996521 0.996948 
0.99142 0 0.913133 0.96643 0 0.947931 0.984968 0.985768 
0.941863 0.928355 0 0.950524 0 0.84955 0.92797 0.920473 
0 0.972264 0 0.9607 0.941812 0 0.802419 0.924786 
0 0.992248 0.954555 0.969662 0.978506 0.898234 0 0.936207 
0 0.997749 0.991784 0.979234 0.934296 0.97837 0.939764 0.967105 
0 0.999025 0.997139 0.967383 0 0.941069 0 0.938654 
0 0.998516 0.998389 0.971758 0 0.959821 0.938574 0.957319 
0 0.996495 0.997526 0.991978 0.951334 0.987561 0.985677 0.946008 
0 0.997136 0.995087 0.997554 0.986824 0.995675 0.998916 0.964585 
0 0.985187 0.989201 0.995597 0.996523 0.998808 0.998537 0.977096 
0 0.944434 0.983531 0.995251 0.998481 0.999488 0.999705 0.994706 
0.962033 0.883544 0.97065 0.992959 0.997114 0.999096 0.99896 0.995279 
0.981885 0.960182 0.986771 0.99618 0.99719 0.99906 0.999209 0.997531 
0.993609 0.991741 0.984722 0.989315 0.990498 0.996568 0.997438 0.995527 
0.997339 0.997566 0.989561 0.967712 0.961011 0.982154 0.984969 0.981589 
0.988439 0.998278 0.991124 0.961524 0.945182 0.940702 0.950871 0.960973 
0.929495 0.998878 0.994385 0.983987 0.984694 0.967899 0.967405 0.866466 
0.670856 0.997035 0.992941 0.999508 0.996546 0.991043 0.967668 0 
0 0.985501 0.989039 0.99616 0.998114 0.995688 0.970179 0 
0 0.944878 0.986675 0.997776 0.997122 0.989205 0.962409 0 
0.901847 0.804021 0.967923 0.993117 0.989876 0.957544 0.907395 0 
0 0 0.958176 0.994787 0.984728 0.90752 0.681797 0 
0 0 0.96498 0.996118 0.983312 0.842991 0 0 
0 0 0.968341 0.997145 0.968612 0 0 0 
0 0 0.966732 0.99668 0.973855 0 0 0 
0 0 0.931221 0.990194 0.932536 0 0 0 
0 0.935918 0 0.925046 0 0.906965 0 0 
0.936051 0.900428 0 0.818206 0 0.9411 0 0.912151 
0.992694 0 0 0.840493 0.92923 0.998344 0.917278 0 
0.964872 0 0 0 0 0.940813 0 0 
0.912923 0 0 0 0 0.941963 0.901285 0 
0.685947 0.938955 0 0 0.928171 0.871297 0 0 
0 0.970495 0 0 0.941868 0 0 0 
0.943603 0.968669 0 0 0.938702 0 0 0 
0.954151 0.963212 0 0 0.912529 0 0 0 
0.850123 0.992709 0.93546 0 0.914793 0 0 0 
0.53595 0.987641 0.968446 0 0.937721 0 0.906857 0 
0.751446 0.987043 0.970683 0 0.931198 0 0.942877 0 
0.93124 0.972774 0.967781 0 0.947247 0.960383 0.994791 0.967413 
0.991465 0.92636 0.95506 0 0.953276 0.956982 0.996191 0.999178 
0.998428 0.98295 0.9506 0 0.940961 0 0.97155 0.997752 
0.999471 0.998964 0.956163 0 0.935489 0 0.970365 0.996034 
0.999637 0.993684 0.951971 0 0.927938 0 0.974179 0.995166 
0.996025 0.98779 0.966182 0 0.965577 0.95775 0.994876 0.997807 
0.995398 0.977962 0.968753 0 0.970083 0.986404 0.992108 0.997329 
0.9966 0.941302 0.960848 0 0.967124 0.989032 0.984936 0.997011 
0.995336 0.810187 0.917297 0 0.944285 0.965792 0.983319 0.995073 
0.997666 0.789493 0.717152 0 0.917119 0.972989 0.993943 0.997642 
0.99468 0.333386 0 0 0.944875 0.988677 0.998007 0.998842 
0.995359 0.0827845 0 0 0.96828 0.997182 0.998842 0.997948 
0.989761 0 0 0 0.963959 0.996497 0.998477 0.993813 
0.932301 0.941991 0 0 0.941988 0.99448 0.995274 0.958334 
0 0.972061 0 0 0.894305 0.985984 0.990565 0.917821 
0 0.979732 0 0 0.838357 0.9755 0.988871 0.922539 
0.960916 0.988625 0.871348 0 0.918238 0.937882 0.967227 0 
0.968921 0.994616 0.942868 0 0.931348 0 0.938874 0 
0.974951 0.987725 0.964086 0 0.942014 0 0.937938 0.900917 
0.991525 0.923809 0.966392 0 0.941034 0 0.92856 0.856646 
0.975195 0 0.968035 0.945675 0.954789 0 0.942216 0 
0.821236 0 0.965794 0.970256 0.954099 0 0.942465 0 
0 0 0.968284 0.981625 0.954709 0 0.938643 0 
0 0 0.971462 0.994644 0.968733 0 0.900811 0 
0 0 0.971063 0.997578 0.972078 0 0.629683 0 
0 0 0.968216 0.997561 0.97192 0 0 0 
0 0 0.963798 0.996517 0.969158 0 0 0 
0 0 0.965843 0.99676 0.967087 0 0 0 
0 0 0.962224 0.996047 0.963941 0 0.915848 0 
0 0 0.896984 0.987721 0.933151 0 0.940592 0 
0 0 0 0.944454 0.807852 0 0.944567 0 
0 0 0 0.81327 0 0 0.943382 0 
0 0 0 0.429561 0 0 0.943653 0 
0 0 0 0 0 0 0.941742 0 
0 0 0 0 0 0.942051 0.937689 0 
0 0 0 0.862616 0 0.929459 0 0 
0 0 0 0.938606 0 0.778888 0 0 
0 0 0 0.93982 0 0 0 0 
0 0 0 0.892837 0 0 0 0 
0 0 0 0 0 0 0 0 
0 0 0 0 0 0 0 0 
