0 0 0 0 0 0 0 0 
0 0 0 0 0 0 0 0 
0 0 0 0 0 0 0 0 
0 0 0 0 0 0 0 0 
0 0 0 0 0 0 0 0 
0 0 0 0 0 0 0 0 
0 0 0 0 0 0 0 0 
0 0 0 0 0 0 0 0 
0 0 0 0 0 0 0 0 
0 0 0 0 0 0 0 0 
0 0 0 0 0 0 0 0 
0 0 0 0 0 0 0 0 
0 0 0 0 0 0 0 0 
0 0 0 0 0 0 0 0 
0 0 0 0 0 0 0 0 
0 0 0 0 0 0 0 0 
0 0 0 0 0 0 0 0 
0 0 0 0 0 0 0 0 
0 0 0 0 0 0 0 0 
0 0 0 0 0 0 0 0 
0 0 0 0 0 0 0 0 
0 0 0 0 0 0 0 0 
0 0 0 0 0 0 0 0 
0 0 0 0 0 0 0 0 
0 0 0 0 0 0 0 0 
0 0 0 0 0 0 0 0 
0 0 0 0 0 0 0 0 
0 0 0 0 0 0 0 0 
0 0 0 0 0 0 0 0 
0 0 0 0 0 0 0 0 
0 0 0 0 0 0 0 0 
0 0 0 0 0 0 0 0 
0 0 0 0 0 0 0 0 
0 0 0 0 0 0 0 0 
0 0 0 0 0 0 0 0 
0 0 0 0 0 0 0 0 
0 0 0 0 0 0 0 0 
0 0 0 0 0 0 0 0 
0 0 0 0 0 0 0 0 
0 0 0 0 0 0 0 0 
0 0 0 0 0 0 0 0 
0 0 0 0 0 0 0 0 
0 0 0 0 0 0 0 0 
0 0 0 0 0 0 0 0 
0 0 0 0 0 0 0 0 
0 0 0 0 0 0 0 0 
0 0 0 0 0 0 0 0 
0 0 0 0 0 0 0 0 
0.923475 0.961479 0.964546 0.897439 0.967835 0.96685 0.96434 0.964375 
0.997216 0.998892 0.998883 0.995479 0.999015 0.998953 0.998999 0.999051 
0.999908 0.999971 0.999973 0.999897 0.999973 0.999972 0.999976 0.999977 
0.999997 0.999999 0.999999 0.999998 0.999999 0.999999 0.999999 0.999999 
1 1 1 1 1 1 1 1 
1 1 1 1 1 1 1 1 
1 1 1 1 1 1 1 1 
1 1 1 1 1 1 1 1 
1 1 1 1 1 1 1 1 
1 1 1 1 1 1 1 1 
1 1 1 1 1 1 1 1 
1 1 1 1 1 1 1 1 
1 1 1 1 1 1 1 1 
1 1 1 1 1 1 1 1 
1 1 1 1 1 1 1 1 
1 1 1 1 1 1 1 1 
1 1 1 1 1 1 1 1 
1 1 1 1 1 1 1 1 
1 1 1 1 1 1 1 1 
1 1 1 1 1 1 1 1 
1 1 1 1 1 1 1 1 
1 1 1 1 1 1 1 1 
1 1 1 1 1 1 1 1 
1 1 1 1 1 1 1 1 
1 1 1 1 1 1 1 1 
1 1 1 1 1 1 1 1 
1 1 1 1 1 1 1 1 
1 1 1 1 1 1 1 1 
1 1 1 1 0.999998 0.999984 0.999998 1 
1 1 1 0.999997 0.999951 0.999357 0.999952 0.999998 
0.999999 1 0.999997 0.999934 0.998695 0.974334 0.998786 0.99995 
0.999981 0.999997 0.999933 0.998674 0.973591 0 0.978746 0.999359 
0.999287 0.999948 0.998659 0.97359 0.971577 0 0.972483 0.997894 
0.972968 0.999273 0.972957 0 0.945187 0 0.945955 0.970779 
0 0.997987 0.946709 0 0.944456 0 0 0.91824 
0 0.973139 0 0 0.944536 0 0 0 
0.918311 0.946785 0 0 0.947304 0 0 0 
0 0 0 0 0.943787 0 0 0 
0.946927 0 0 0 0.917456 0 0 0 
0.972314 0 0 0 0 0 0 0 
0.97295 0 0 0 0 0 0.945955 0.971525 
0.972236 0 0.917513 0 0 0 0.972202 0.972216 
0 0 0.944692 0 0.945996 0.972896 0.997927 0.972913 
0 0 0.943726 0 0.972302 0.998592 0.999221 0.972984 
0 0 0.917447 0 0.974002 0.999311 0.999303 0.973644 
0 0 0 0 0.973098 0.999291 0.999928 0.99861 
0.972234 0 0 0 0.974375 0.999313 0.999927 0.998608 
0.972219 0 0 0 0.946982 0.997445 0.999214 0.973638 
0 0 0 0 0 0.947374 0.997319 0.972916 
0 0 0 0 0 0 0.973521 0.972303 
0 0 0 0 0.944514 0.945884 0.996667 0.973502 
0 0 0 0 0.945893 0 0.974181 0.996614 
0.944433 0 0 0.946661 0.996726 0.974257 0.998025 0.972869 
0 0 0 0.972273 0.999191 0.999239 0.997761 0.946708 
0 0 0 0.97293 0.999217 0.998079 0.95069 0 
0 0 0 0.972271 0.998544 0.973639 0 0 
0 0 0 0.946807 0.996654 0.973275 0 0 
0 0 0 0 0.946607 0.970198 0 0 
0 0 0 0 0 0.918556 0 0 
0 0 0 0 0 0 0 0 
0 0.973076 0.946029 0 0 0 0 0 
0 0.998679 0.972904 0 0 0 0 0 
0 0.999919 0.997979 0.946835 0 0 0 0 
0 0.99998 0.999997 0.972951 0 0 0 0 
0.946763 0.999998 0.999934 0.998075 0.949015 0 0 0 
0.972919 1 0.999996 0.999887 0.99743 0.947366 0 0.918997 
0.996628 1 1 0.999994 0.999868 0.997324 0.946703 0 
0.973627 1 1 0.999999 0.999979 0.999265 0.97305 0 
0.97368 1 1 1 0.999998 0.99995 0.998696 0.974362 
0.998702 1 1 1 1 0.999998 0.999952 0.99936 
0.999953 1 1 1 1 1 0.999998 0.999984 
0.999999 1 1 1 1 1 1 1 
1 1 1 1 1 1 1 1 
1 1 1 1 1 1 1 1 
1 1 1 1 1 1 1 1 
1 1 1 1 1 1 1 1 
1 1 1 1 1 1 1 1 
1 1 1 1 1 1 1 1 
1 1 1 1 1 1 1 1 
1 1 1 1 1 1 1 1 
1 1 1 1 1 1 1 1 
1 1 1 1 1 1 1 1 
1 1 1 1 1 1 1 1 
1 1 1 1 1 1 1 1 
1 1 1 1 1 1 1 1 
1 1 1 1 1 1 1 1 
1 1 1 1 1 1 1 1 
1 1 1 1 1 1 1 1 
1 1 1 1 1 1 0.999999 0.999984 
0.999999 1 1 1 1 0.999998 0.999956 0.999356 
0.99998 1 1 1 0.999999 0.999955 0.998764 0.974327 
0.998791 1 1 1 0.999983 0.99932 0.973632 0 
0.977194 1 1 0.999999 0.999979 0.99924 0.972293 0 
0.973084 1 1 0.999998 0.999934 0.998025 0.946691 0 
0.972317 1 0.999999 0.999982 0.99933 0.974002 0 0 
0.946936 0.999999 0.999998 0.999932 0.99799 0.946774 0 0 
0 0.999981 0.999981 0.999324 0.973685 0 0 0.94594 
0.972216 0.999287 0.999931 0.999342 0.973944 0 0 0.979375 
0.972216 0.972968 0.998625 0.999239 0.973026 0 0 0.919299 
0 0 0.972932 0.998559 0.972966 0 0 0 
0 0 0.946688 0.997302 0.973555 0 0 0 
0 0 0 0.973555 0.997299 0.94665 0 0 
0 0 0 0.972984 0.998476 0.971561 0 0 
0.919096 0 0 0.97276 0.997255 0.94665 0 0 
0 0 0 0.946003 0.971475 0 0 0 
0 0 0 0 0.945184 0 0 0 
0 0 0 0 0.944454 0.944434 0 0 
0 0 0.91665 0 0 0.944434 0 0 
0 0 0.91665 0 0 0.944462 0 0.888868 
0 0 0 0 0 0.945246 0 0 
0 0 0 0 0.946133 0.97144 0 0 
0 0 0 0 0.971542 0.979096 0 0 
0 0 0.91665 0 0.970792 0.945971 0 0.888868 
0 0 0.91665 0 0.945165 0 0 0 
0 0 0 0 0.944453 0 0.917445 0 
0 0 0 0 0.944434 0 0.943684 0 
0 0 0 0 0.944453 0 0.944459 0 
0 0 0 0 0.945169 0 0.945903 0 
0 0.923683 0 0 0.9709 0.973957 0.997349 0.973609 
0.972968 0 0 0 0.946635 0.997383 0.999837 0.999317 
0.999287 0 0 0 0 0.974233 0.999352 0.999967 
0.999981 0 0 0 0.918998 0.996656 0.999883 0.999995 
0.999981 0 0 0.918178 0 0.973573 0.999318 0.99994 
0.999289 0 0.918178 0.968666 0 0.972293 0.999252 0.998644 
0.972977 0.946764 0 0.945858 0 0.946685 0.997681 0.973549 
0 0.972986 0 0.971541 0.946633 0 0.946646 0.970883 
0 0.999106 0.974326 0.998527 0.996659 0.947291 0 0.945881 
0 0.999961 0.999305 0.998644 0.974194 0.99535 0.946558 0.970163 
0 0.999981 0.999306 0.973661 0 0.946619 0 0.946011 
0 0.999983 0.999322 0.973662 0 0.97231 0.973618 0.971636 
0 0.999998 0.99995 0.998695 0.974321 0.99863 0.99865 0.97304 
0 1 0.999998 0.999953 0.999379 0.999933 0.999273 0.972998 
0 1 1 0.999999 0.999985 0.999982 0.999321 0.973647 
0 1 1 1 1 0.999998 0.999951 0.998678 
0.972968 1 1 1 1 1 0.999998 0.99995 
0.999287 1 1 1 1 1 1 0.999998 
0.999981 1 1 1 1 1 1 1 
0.999999 1 1 1 1 1 0.999999 0.999987 
0.999981 1 1 1 1 0.999998 0.999993 0.999831 
0.999287 1 1 1 0.999998 0.99995 0.998678 0.973647 
0.972968 1 1 1 0.999983 0.999321 0.973646 0 
0 0.999982 0.999998 0.999999 0.999982 0.999296 0.972996 0 
0 0.999296 0.99995 0.999997 0.999987 0.999437 0.972958 0 
0.919096 0.973038 0.998668 0.999949 0.999976 0.999227 0.972274 0 
0 0 0.973644 0.999317 0.999865 0.997322 0.946671 0 
0 0 0.972983 0.999229 0.997998 0.947382 0 0 
0 0 0.972939 0.998709 0.9736 0 0 0 
0 0 0.972257 0.998527 0.972364 0 0 0 
0 0 0.946633 0.996016 0.952187 0 0 0 
0 0.946019 0 0.945863 0 0.917566 0 0 
0.948711 0.94602 0 0.944474 0 0.945067 0 0.919033 
0.997769 0 0 0.944472 0.945806 0.993872 0.918916 0 
0.973612 0 0 0 0 0.946496 0 0 
0.972313 0 0 0 0 0.969398 0.918207 0 
0.946746 0.946754 0 0 0.944452 0.945127 0 0 
0 0.972353 0 0 0.944435 0 0 0 
0.954369 0.972994 0 0 0.944466 0 0 0 
0.972353 0.973644 0 0 0.944713 0 0 0 
0.972969 0.997985 0.946689 0 0.944466 0 0 0 
0.972988 0.999238 0.972275 0 0.944457 0 0.920805 0 
0.973008 0.999287 0.972952 0 0.945203 0 0.945268 0 
0.973685 0.999288 0.972968 0 0.971649 0.972897 0.997272 0.974285 
0.99873 0.999288 0.972969 0 0.971526 0.972959 0.998661 0.999306 
0.999953 0.99929 0.973063 0 0.945187 0 0.975537 0.999384 
0.999983 0.999381 0.977159 0 0.944475 0 0.973086 0.999294 
0.999982 0.99929 0.973063 0 0.945187 0 0.973648 0.999327 
0.999983 0.999288 0.972969 0 0.971563 0.973615 0.99868 0.999951 
0.999998 0.999289 0.972972 0 0.972914 0.998645 0.999943 0.999998 
1 0.999293 0.973072 0 0.972966 0.999272 0.99998 0.999999 
1 0.999334 0.976261 0 0.97297 0.999288 0.999983 1 
1 0.997973 0.946787 0 0.972984 0.999289 0.999981 1 
1 0.973034 0 0 0.973155 0.999304 0.999982 0.999998 
0.999988 0.948435 0 0 0.97406 0.999349 0.999981 0.999955 
0.99947 0 0 0 0.973032 0.99929 0.999931 0.998661 
0.972975 0.946746 0 0 0.972971 0.99927 0.999302 0.973644 
0 0.972315 0 0 0.972979 0.999254 0.999258 0.972986 
0 0.97364 0 0 0.972914 0.998596 0.998655 0.972953 
0.972335 0.998213 0.946933 0 0.971542 0.972904 0.972305 0 
0.973067 0.999286 0.972927 0 0.945188 0 0.945966 0 
0.973678 0.99867 0.973088 0 0.94448 0 0.97154 0.973029 
0.998626 0.972954 0.973048 0 0.945188 0 0.9716 0.972909 
0.997973 0 0.972324 0.97288 0.971541 0 0.947902 0 
0.947465 0 0.973056 0.997947 0.972976 0 0.944551 0 
0 0 0.972968 0.998639 0.974776 0 0.944416 0 
0 0 0.97295 0.99858 0.97303 0 0.943694 0 
0 0 0.973024 0.998575 0.97295 0 0.917447 0 
0 0 0.979227 0.99865 0.972952 0 0 0 
0 0 0.973026 0.998578 0.972968 0 0 0 
0 0 0.972983 0.998577 0.972951 0 0 0 
0 0 0.97305 0.998591 0.97293 0 0.917445 0 
0 0 0.946964 0.997561 0.972222 0 0.943682 0 
0 0 0 0.97157 0.945955 0 0.944417 0 
0 0 0 0.948504 0 0 0.944539 0 
0 0 0 0.917571 0 0 0.946284 0 
0 0 0 0 0 0 0.944521 0 
0 0 0 0 0 0.948501 0.944535 0 
0 0 0 0.917444 0 0.943783 0 0 
0 0 0 0.943662 0 0.917446 0 0 
0 0 0 0.943661 0 0 0 0 
0 0 0 0.917444 0 0 0 0 
0 0 0 0 0 0 0 0 
0 0 0 0 0 0 0 0 
