0 0 0 0 0 0 0 0 
0 0 0 0 0 0 0 0 
0 0 0 0 0 0 0 0 
0 0 0 0 0 0 0 0 
0 0 0 0 0 0 0 0 
0 0 0 0 0 0 0 0 
0 0 0 0 0 0 0 0 
0 0 0 0 0 0 0 0 
0 0 0 0 0 0 0 0 
0 0 0 0 0 0 0 0 
0 0 0 0 0 0 0 0 
0 0 0 0 0 0 0 0 
0 0 0 0 0 0 0 0 
0 0 0 0 0 0 0 0 
0 0 0 0 0 0 0 0 
0 0 0 0 0 0 0 0 
0 0 0 0 0 0 0 0 
0 0 0 0 0 0 0 0 
0 0 0 0 0 0 0 0 
0 0 0 0 0 0 0 0 
0 0 0 0 0 0 0 0 
0 0 0 0 0 0 0 0 
0 0 0 0 0 0 0 0 
0 0 0 0 0 0 0 0 
0 0 0 0 0 0 0 0 
0 0 0 0 0 0 0 0 
0 0 0 0 0 0 0 0 
0 0 0 0 0 0 0 0 
0 0 0 0 0 0 0 0 
0 0 0 0 0 0 0 0 
0 0 0 0 0 0 0 0 
0 0 0 0 0 0 0 0 
0 0 0 0 0 0 0 0 
0 0 0 0 0 0 0 0 
0 0 0 0 0 0 0 0 
0 0 0 0 0 0 0 0 
0 0 0 0 0 0 0 0 
0 0 0 0 0 0 0 0 
0 0 0 0 0 0 0 0 
0 0 0 0 0 0 0 0 
0 0 0 0 0 0 0 0 
0 0 0 0 0 0 0 0 
0 0 0 0 0 0 0 0 
0 0 0 0 0 0 0 0 
0 0 0 0 0 0 0 0 
0 0 0 0 0 0 0 0 
0 0 0 0 0 0 0 0 
0 0 0 0 0 0 0 0 
0.926361 0.962289 0.962907 0.962375 0.971167 0.965388 0.963954 0.963027 
0.9973 0.998916 0.998915 0.998995 0.999151 0.99899 0.998956 0.998766 
0.999915 0.999972 0.999972 0.999974 0.999976 0.999978 0.999975 0.999967 
0.999997 0.999999 0.999999 0.999999 0.999999 0.999999 0.999999 0.999999 
1 1 1 1 1 1 1 1 
1 1 1 1 1 1 1 1 
1 1 1 1 1 1 1 1 
1 1 1 1 1 1 1 1 
1 1 1 1 1 1 1 1 
1 1 1 1 1 1 1 1 
1 1 1 1 1 1 1 1 
1 1 1 1 1 1 1 1 
1 1 1 1 1 1 1 1 
1 1 1 1 1 1 1 1 
1 1 1 1 1 1 1 1 
1 1 1 1 1 1 1 1 
1 1 1 1 1 1 1 1 
1 1 1 1 1 1 1 1 
1 1 1 1 1 1 1 1 
1 1 1 1 1 1 1 1 
1 1 1 1 1 1 1 1 
1 1 1 1 1 1 1 1 
1 1 1 1 1 1 1 1 
1 1 1 1 1 1 1 1 
1 1 1 1 1 1 1 1 
1 1 1 1 1 1 1 1 
1 1 1 1 1 1 1 1 
1 1 1 1 1 1 1 1 
1 1 1 1 0.999998 0.999984 0.999998 1 
1 1 1 0.999997 0.999951 0.999355 0.999951 0.999997 
0.999999 1 0.999997 0.999934 0.998693 0.97432 0.998694 0.999949 
0.999981 0.999997 0.999933 0.998674 0.973591 0 0.973624 0.999271 
0.999287 0.999949 0.998663 0.97359 0.971577 0 0.97224 0.997906 
0.972968 0.999276 0.972998 0 0.945189 0 0.945937 0.970839 
0 0.997992 0.94698 0 0.944454 0 0 0.919211 
0 0.972956 0 0 0.944433 0 0 0 
0 0.946764 0 0 0.944412 0 0 0 
0 0 0 0 0.943682 0 0 0 
0.946982 0 0 0 0.917445 0 0 0 
0.972319 0 0 0 0 0 0 0 
0.972954 0 0 0 0 0 0.948294 0.971619 
0.972237 0 0.917444 0 0 0 0.972976 0.97227 
0 0 0.943661 0 0.945999 0.972928 0.998014 0.972962 
0 0 0.943661 0 0.972242 0.998594 0.999264 0.973528 
0 0 0.917444 0 0.973032 0.999256 0.999304 0.973684 
0 0 0 0 0.974939 0.999366 0.999931 0.998627 
0.972411 0 0 0 0.972428 0.999231 0.999925 0.99861 
0.972237 0 0 0 0.946683 0.997307 0.999204 0.973638 
0 0 0 0 0 0.947363 0.997321 0.972918 
0 0 0 0 0 0 0.973541 0.972313 
0 0 0 0 0.944513 0.945886 0.996726 0.973508 
0 0 0 0 0.945885 0 0.97511 0.996671 
0.944433 0 0 0.946653 0.996717 0.976087 0.998101 0.972877 
0 0 0 0.972272 0.999187 0.999301 0.997411 0.946754 
0 0 0 0.97293 0.999218 0.998082 0.951923 0 
0 0 0 0.97226 0.998546 0.973604 0 0 
0 0 0 0.946651 0.996605 0.972839 0 0 
0 0 0 0 0.946592 0.970133 0 0 
0 0 0 0 0 0.918221 0 0 
0 0 0 0 0 0 0 0 
0 0.97295 0.946013 0 0 0 0 0 
0 0.998642 0.972899 0 0 0 0 0 
0 0.999915 0.997966 0.946707 0 0 0 0 
0 0.99998 0.999271 0.972956 0 0 0 0 
0.946773 0.999998 0.999952 0.998576 0.947409 0 0 0 
0.972995 1 0.999996 0.999908 0.997393 0.94737 0 0.918998 
0.996636 1 1 0.999995 0.999871 0.997336 0.946824 0 
0.973627 1 1 0.999999 0.999978 0.999257 0.972968 0 
0.973681 1 1 1 0.999998 0.99995 0.998738 0.975397 
0.998757 1 1 1 1 0.999998 0.999954 0.999415 
0.999955 1 1 1 1 1 0.999998 0.999986 
0.999999 1 1 1 1 1 1 1 
1 1 1 1 1 1 1 1 
1 1 1 1 1 1 1 1 
1 1 1 1 1 1 1 1 
1 1 1 1 1 1 1 1 
1 1 1 1 1 1 1 1 
1 1 1 1 1 1 1 1 
1 1 1 1 1 1 1 1 
1 1 1 1 1 1 1 1 
1 1 1 1 1 1 1 1 
1 1 1 1 1 1 1 1 
1 1 1 1 1 1 1 1 
1 1 1 1 1 1 1 1 
1 1 1 1 1 1 1 1 
1 1 1 1 1 1 1 1 
1 1 1 1 1 1 1 1 
1 1 1 1 1 1 1 1 
1 1 1 1 1 1 0.999998 0.999984 
0.999998 1 1 1 1 0.999998 0.999951 0.999355 
0.999956 1 1 1 0.999999 0.999956 0.998699 0.974326 
0.999786 1 1 1 0.999988 0.999463 0.973706 0 
0.973667 1 1 1 0.999983 0.999318 0.973106 0 
0.972987 1 1 0.999998 0.999938 0.998016 0.946751 0 
0.972297 1 1 0.999983 0.999313 0.973058 0 0 
0.946744 1 0.999999 0.999936 0.998114 0.951835 0 0 
0 0.999987 0.999983 0.999356 0.974097 0 0 0.946058 
0.972831 0.999394 0.99998 0.999975 0.973023 0 0 0.974837 
0.972264 0.972973 0.998627 0.999239 0.972968 0 0 0.918317 
0 0 0.973004 0.998593 0.972967 0 0 0 
0 0 0.947948 0.99737 0.973562 0 0 0 
0 0 0 0.973561 0.997345 0.946659 0 0 
0 0 0 0.972944 0.998478 0.971562 0 0 
0.919096 0 0 0.972266 0.997219 0.946648 0 0 
0 0 0 0.947046 0.971556 0 0 0 
0 0 0 0 0.945192 0 0 0 
0 0 0 0 0.944497 0.944966 0 0 
0 0 0.91665 0 0 0.944477 0 0 
0 0 0.91665 0 0 0.944455 0 0.889238 
0 0 0 0 0 0.945165 0 0 
0 0 0 0 0.945915 0.970794 0 0 
0 0 0 0 0.971472 0.971557 0 0 
0 0 0.91665 0 0.970882 0.94799 0 0.888868 
0 0 0.91665 0 0.945227 0 0 0 
0 0 0 0 0.945103 0 0.917611 0 
0 0 0 0 0.944494 0 0.94692 0 
0 0 0 0 0.944456 0 0.948745 0 
0 0 0 0 0.945167 0 0.946008 0 
0 0.919096 0 0 0.970863 0.973504 0.99734 0.973686 
0.972968 0 0 0 0.946632 0.997349 0.999836 0.999326 
0.999292 0 0 0 0 0.974233 0.999348 0.999967 
0.999981 0 0 0 0.918999 0.996688 0.999886 0.999994 
0.999981 0 0 0.91894 0 0.973962 0.999344 0.999933 
0.999287 0 0.918243 0.969586 0 0.972322 0.999174 0.998638 
0.972968 0.951805 0 0.945918 0 0.946654 0.996638 0.973518 
0 0.973068 0 0.971543 0.946661 0 0.946613 0.970882 
0 0.99868 0.974314 0.998554 0.998478 0.947319 0 0.94588 
0 0.999949 0.999305 0.99864 0.974189 0.995361 0.946558 0.970151 
0 0.999982 0.999312 0.973661 0 0.946784 0 0.945899 
0 0.999983 0.999323 0.973663 0 0.972272 0.972895 0.97156 
0 0.999998 0.99995 0.998695 0.974318 0.998626 0.998591 0.972915 
0 1 0.999998 0.999951 0.999354 0.999931 0.99927 0.972984 
0 1 1 0.999998 0.999983 0.999982 0.999321 0.973644 
0 1 1 1 1 0.999998 0.999949 0.998661 
0.972968 1 1 1 1 1 0.999997 0.999949 
0.999287 1 1 1 1 1 1 0.999999 
0.999981 1 1 1 1 1 1 1 
0.999999 1 1 1 1 1 0.999999 0.999985 
0.999982 1 1 1 1 0.999998 0.999956 0.9994 
0.999287 1 1 1 0.999998 0.999954 0.998771 0.975259 
0.972967 1 1 1 0.999983 0.999321 0.973648 0 
0 0.999981 0.999998 0.999999 0.999981 0.999289 0.972985 0 
0 0.999287 0.999949 0.999997 0.999981 0.999286 0.972951 0 
0.919096 0.972968 0.998661 0.99995 0.999976 0.99923 0.972311 0 
0 0 0.973644 0.999318 0.999873 0.997436 0.956093 0 
0 0 0.972983 0.999231 0.997999 0.947391 0 0 
0 0 0.972941 0.998775 0.973599 0 0 0 
0 0 0.972256 0.998485 0.972282 0 0 0 
0 0 0.946652 0.995944 0.946731 0 0 0 
0 0.94636 0 0.945919 0 0.917485 0 0 
0.947401 0.946052 0 0.945251 0 0.945057 0 0.918979 
0.996072 0 0 0.944528 0.945808 0.993872 0.918916 0 
0.978633 0 0 0 0 0.9465 0 0 
0.972403 0 0 0 0 0.969486 0.918316 0 
0.946746 0.946745 0 0 0.944532 0.946627 0 0 
0 0.972297 0 0 0.944435 0 0 0 
0.946746 0.972987 0 0 0.944433 0 0 0 
0.972311 0.973644 0 0 0.944433 0 0 0 
0.973093 0.997989 0.946767 0 0.944433 0 0 0 
0.973002 0.999356 0.978535 0 0.944454 0 0.91749 0 
0.973006 0.99929 0.973026 0 0.945187 0 0.945153 0 
0.973663 0.999289 0.972968 0 0.971533 0.97294 0.997313 0.982597 
0.998735 0.999288 0.972968 0 0.971721 0.972938 0.99858 0.999343 
0.99995 0.999288 0.972968 0 0.945225 0 0.973643 0.999308 
0.999981 0.999288 0.972968 0 0.944604 0 0.973003 0.99929 
0.999981 0.999292 0.972968 0 0.945202 0 0.973646 0.999321 
0.999983 0.999293 0.972969 0 0.97156 0.973591 0.99869 0.999951 
0.999998 0.999289 0.972972 0 0.972914 0.998642 0.999944 0.999998 
1 0.999291 0.972982 0 0.972967 0.999281 0.999981 0.999999 
1 0.999258 0.972379 0 0.972968 0.999288 0.999981 1 
1 0.998535 0.950743 0 0.972968 0.999288 0.999981 0.999999 
1 0.973071 0 0 0.972968 0.999288 0.999981 0.999998 
0.999981 0.950387 0 0 0.972968 0.999288 0.999979 0.999948 
0.999287 0 0 0 0.972968 0.99929 0.999931 0.99866 
0.972968 0.946752 0 0 0.972971 0.999325 0.999306 0.973643 
0 0.972315 0 0 0.972966 0.999255 0.999252 0.972984 
0 0.973626 0 0 0.972912 0.998589 0.998573 0.972981 
0.98015 0.997985 0.94669 0 0.97154 0.972892 0.972236 0 
0.973037 0.999224 0.972276 0 0.945188 0 0.945956 0 
0.973666 0.998709 0.97301 0 0.944517 0 0.971525 0.972915 
0.998614 0.974928 0.975048 0 0.945695 0 0.971504 0.972894 
0.997972 0 0.972348 0.972879 0.971578 0 0.945185 0 
0.947456 0 0.972914 0.997927 0.972895 0 0.944454 0 
0 0 0.972947 0.998559 0.972946 0 0.944413 0 
0 0 0.97295 0.998581 0.972949 0 0.943682 0 
0 0 0.972957 0.998576 0.972948 0 0.917444 0 
0 0 0.972951 0.998574 0.972948 0 0 0 
0 0 0.973011 0.998578 0.972948 0 0 0 
0 0 0.974014 0.998634 0.972949 0 0 0 
0 0 0.97232 0.998542 0.972929 0 0.917456 0 
0 0 0.946669 0.997215 0.972202 0 0.943825 0 
0 0 0 0.971451 0.945952 0 0.951152 0 
0 0 0 0.944434 0 0 0.944623 0 
0 0 0 0.917466 0 0 0.944575 0 
0 0 0 0 0 0 0.944449 0 
0 0 0 0 0 0.944412 0.944433 0 
0 0 0 0.917489 0 0.943682 0 0 
0 0 0 0.943667 0 0.917445 0 0 
0 0 0 0.943662 0 0 0 0 
0 0 0 0.917449 0 0 0 0 
0 0 0 0 0 0 0 0 
0 0 0 0 0 0 0 0 
