0 0 0 0 0 0 0 0 
0 0 0 0 0 0 0 0 
0 0 0 0 0 0 0 0 
0 0 0 0 0 0 0 0 
0 0 0 0 0 0 0 0 
0 0 0 0 0 0 0 0 
0 0 0 0 0 0 0 0 
0 0 0 0 0 0 0 0 
0 0 0 0 0 0 0 0 
0 0 0 0 0 0 0 0 
0 0 0 0 0 0 0 0 
0 0 0 0 0 0 0 0 
0 0 0 0 0 0 0 0 
0 0 0 0 0 0 0 0 
0 0 0 0 0 0 0 0 
0 0 0 0 0 0 0 0 
0 0 0 0 0 0 0 0 
0 0 0 0 0 0 0 0 
0 0 0 0 0 0 0 0 
0 0 0 0 0 0 0 0 
0 0 0 0 0 0 0 0 
0 0 0 0 0 0 0 0 
0 0 0 0 0 0 0 0 
0 0 0 0 0 0 0 0 
0 0 0 0 0 0 0 0 
0 0 0 0 0 0 0 0 
0 0 0 0 0 0 0 0 
0 0 0 0 0 0 0 0 
0 0 0 0 0 0 0 0 
0 0 0 0 0 0 0 0 
0 0 0 0 0 0 0 0 
0 0 0 0 0 0 0 0 
0 0 0 0 0 0 0 0 
0 0 0 0 0 0 0 0 
0 0 0 0 0 0 0 0 
0 0 0 0 0 0 0 0 
0 0 0 0 0 0 0 0 
0 0 0 0 0 0 0 0 
0 0 0 0 0 0 0 0 
0 0 0 0 0 0 0 0 
0 0 0 0 0 0 0 0 
0 0 0 0 0 0 0 0 
0 0 0 0 0 0 0 0 
0 0 0 0 0 0 0 0 
0 0 0 0 0 0 0 0 
0 0 0 0 0 0 0 0 
0 0 0 0 0 0 0 0 
0 0 0 0 0 0 0 0 
0.710834 0.316071 0.776076 0.955014 0.800985 0.818064 0.93074 0.957683 
0.938313 0.437731 0.838839 0.832995 0.763731 0.920213 0.926762 0.966659 
0.890519 0.262623 0.655538 0.774414 0.859772 0.957773 0.88759 0.858506 
0.597948 0.577894 0.842868 0.677297 0.640783 0.840036 0.651699 0.655833 
0.422392 0.850626 0.95378 0.878063 0.553232 0.453046 0.237878 0.455962 
0.790676 0.670881 0.903211 0.91204 0.722742 0.317043 0.268271 0.686657 
0.846792 0.73489 0.941442 0.970612 0.891702 0.612513 0.591391 0.884296 
0.967688 0.886655 0.965345 0.938631 0.804531 0.793594 0.844985 0.964844 
0.991501 0.618797 0.862057 0.783703 0.853708 0.949696 0.918984 0.943823 
0.985359 0.208572 0.521137 0.712878 0.932974 0.984403 0.979188 0.971508 
0.989245 0.170555 0.299887 0.618501 0.879604 0.975493 0.988553 0.969056 
0.953129 0.631337 0.668241 0.839673 0.827586 0.940616 0.959918 0.887857 
0.837268 0.930591 0.928268 0.966588 0.91829 0.829519 0.854415 0.670325 
0.582537 0.986046 0.97917 0.989967 0.970771 0.906121 0.936435 0.861148 
0.867643 0.934789 0.936707 0.969971 0.942136 0.943351 0.978669 0.972682 
0.978364 0.701119 0.816864 0.888176 0.901513 0.973625 0.993626 0.994875 
0.995287 0.79334 0.785387 0.902756 0.856239 0.944113 0.986612 0.994553 
0.988638 0.960074 0.947488 0.970648 0.930083 0.861282 0.941569 0.97487 
0.94795 0.990546 0.981894 0.948698 0.86208 0.668142 0.782785 0.859759 
0.702353 0.971986 0.985281 0.958096 0.944898 0.870691 0.775025 0.644624 
0.501362 0.894085 0.97244 0.974276 0.985584 0.971084 0.891797 0.851959 
0.823907 0.754025 0.948962 0.98537 0.990815 0.990182 0.94 0.755222 
0.58866 0.820447 0.96635 0.990788 0.981782 0.962989 0.841686 0.452215 
0.158728 0.653343 0.92268 0.972781 0.964214 0.93786 0.747168 0.25804 
0.0374545 0.681899 0.924393 0.934745 0.963051 0.895031 0.834586 0.391688 
0.0590147 0.573362 0.806075 0.845914 0.873797 0.72095 0.834975 0.459469 
0.110881 0.737571 0.923927 0.949456 0.858966 0.538945 0.484571 0.236662 
0.326027 0.926815 0.979068 0.984716 0.938975 0.706389 0.361984 0.529042 
0.803658 0.958496 0.946834 0.958043 0.845041 0.494114 0.53465 0.8633 
0.964437 0.894653 0.850782 0.92569 0.729733 0.420248 0.758832 0.952204 
0.989741 0.876744 0.83983 0.76729 0.424025 0.195901 0.618553 0.867594 
0.964566 0.908972 0.937467 0.778687 0.348883 0 0.529901 0.569314 
0.804489 0.72503 0.786129 0.477894 0.465364 0 0.814208 0.507429 
0.3297 0.884955 0.654445 0 0.820416 0 0.460363 0.159115 
0 0.965151 0.813973 0 0.918295 0 0 0.0214301 
0 0.862592 0 0 0.906984 0 0 0 
0 0.464357 0 0 0.927474 0 0 0 
0 0 0 0 0.870371 0 0 0 
0.930522 0 0 0 0.568742 0 0 0 
0.948867 0 0 0 0 0 0 0 
0.86874 0 0 0 0 0 0.914377 0.943817 
0.875241 0 0.883485 0 0 0 0.831514 0.863558 
0 0 0.932631 0 0.887965 0.862711 0.733775 0.612114 
0 0 0.9007 0 0.958416 0.974329 0.916318 0.799551 
0 0 0.707239 0 0.954917 0.990104 0.976483 0.938665 
0 0 0 0 0.911612 0.973911 0.980328 0.986042 
0.931308 0 0 0 0.850767 0.888807 0.9401 0.971909 
0.871941 0 0 0 0.569269 0.809026 0.946339 0.882526 
0 0 0 0 0 0.517044 0.860579 0.767871 
0 0 0 0 0 0 0.928299 0.914376 
0 0 0 0 0.834855 0.899144 0.982383 0.9486 
0 0 0 0 0.921077 0 0.955899 0.977772 
0.875033 0 0 0.92386 0.985097 0.938374 0.919024 0.901271 
0 0 0 0.949571 0.966991 0.883527 0.67133 0.637759 
0 0 0 0.857434 0.862371 0.796815 0.360227 0 
0 0 0 0.656667 0.868549 0.923629 0 0 
0 0 0 0.788282 0.948704 0.957245 0 0 
0 0 0 0 0.814568 0.913858 0 0 
0 0 0 0 0 0.655163 0 0 
0 0 0 0 0 0 0 0 
0 0.811803 0.565491 0 0 0 0 0 
0 0.971097 0.887291 0 0 0 0 0 
0 0.995079 0.979733 0.882791 0 0 0 0 
0 0.989457 0.993041 0.95523 0 0 0 0 
0.758 0.982957 0.993722 0.987764 0.903865 0 0 0 
0.914838 0.987556 0.984857 0.978324 0.924374 0.88429 0 0.848538 
0.977708 0.998288 0.989806 0.980092 0.960523 0.973283 0.878822 0 
0.913445 0.995068 0.988394 0.99024 0.967213 0.938282 0.811499 0 
0.751832 0.977001 0.977136 0.971381 0.900063 0.853299 0.909768 0.801872 
0.910557 0.953957 0.983087 0.956436 0.838825 0.910924 0.971884 0.943345 
0.975045 0.825632 0.940026 0.849909 0.635594 0.813099 0.921538 0.834098 
0.90123 0.636449 0.87948 0.825306 0.789327 0.921971 0.934945 0.794046 
0.586152 0.82029 0.960393 0.961582 0.94851 0.978512 0.97722 0.90695 
0.591829 0.756504 0.955007 0.984058 0.960144 0.939104 0.933231 0.855345 
0.534099 0.446171 0.833363 0.94564 0.899725 0.800358 0.885405 0.948506 
0.832663 0.142358 0.529147 0.83224 0.926241 0.841384 0.941647 0.980516 
0.950838 0.14333 0.251478 0.600228 0.736595 0.582439 0.836356 0.941653 
0.854946 0.597699 0.584502 0.822227 0.620165 0.475865 0.757459 0.87753 
0.887153 0.797874 0.855081 0.947079 0.843307 0.789267 0.839314 0.95908 
0.979038 0.96313 0.882224 0.869324 0.759123 0.882565 0.913094 0.976313 
0.99423 0.987818 0.95066 0.833643 0.878313 0.96975 0.97023 0.966895 
0.990417 0.971298 0.969715 0.902523 0.886715 0.973528 0.987986 0.980043 
0.992572 0.968856 0.988268 0.966778 0.930402 0.975575 0.968591 0.930107 
0.965163 0.917255 0.976855 0.955213 0.850383 0.918282 0.906435 0.781624 
0.802988 0.756866 0.924111 0.905666 0.794028 0.931777 0.964849 0.896149 
0.642534 0.876612 0.965929 0.966662 0.908214 0.96635 0.987859 0.961626 
0.819994 0.957005 0.986147 0.966581 0.868153 0.92369 0.966979 0.91552 
0.845989 0.880546 0.960488 0.89309 0.745947 0.891557 0.866795 0.8566 
0.959472 0.789525 0.948163 0.858963 0.683662 0.650807 0.560899 0.779223 
0.949396 0.890407 0.969558 0.961088 0.916146 0.790826 0.636997 0.892906 
0.978512 0.962143 0.989902 0.987549 0.976522 0.895621 0.64296 0.713661 
0.918029 0.903243 0.973596 0.966409 0.960123 0.833107 0.415911 0 
0.597511 0.657686 0.901382 0.956595 0.977832 0.91032 0.572987 0 
0.136176 0.625057 0.907563 0.97142 0.955178 0.801387 0.330805 0 
0.0165878 0.847244 0.969048 0.991184 0.963451 0.79671 0 0 
0.0219419 0.926412 0.980532 0.978319 0.905546 0.577318 0 0 
0 0.972408 0.993034 0.973882 0.84859 0 0 0.905564 
0.812347 0.91258 0.974328 0.920854 0.65012 0 0 0.797186 
0.347967 0.626076 0.849493 0.804607 0.449124 0 0 0.360017 
0 0 0.734436 0.918173 0.734668 0 0 0 
0 0 0.582574 0.926439 0.884116 0 0 0 
0 0 0 0.957294 0.976294 0.851616 0 0 
0 0 0 0.945169 0.981894 0.860956 0 0 
0.834122 0 0 0.820507 0.945853 0.803667 0 0 
0 0 0 0.42383 0.774314 0 0 0 
0 0 0 0 0.787833 0 0 0 
0 0 0 0 0.637451 0.712241 0 0 
0 0 0.900344 0 0 0.899278 0 0 
0 0 0.853568 0 0 0.934833 0 0.831032 
0 0 0 0 0 0.931039 0 0 
0 0 0 0 0.927505 0.953338 0 0 
0 0 0 0 0.933306 0.890096 0 0 
0 0 0.885167 0 0.939854 0.645212 0 0.788005 
0 0 0.781925 0 0.872772 0 0 0 
0 0 0 0 0.757343 0 0.844941 0 
0 0 0 0 0.891562 0 0.713941 0 
0 0 0 0 0.93014 0 0.506969 0 
0 0 0 0 0.897088 0 0.738904 0 
0 0.849022 0 0 0.843717 0.938964 0.961663 0.928803 
0.957591 0 0 0 0.768252 0.963319 0.9888 0.985398 
0.99467 0 0 0 0 0.93563 0.975152 0.976172 
0.99206 0 0 0 0.883404 0.976592 0.963832 0.949515 
0.962781 0 0 0.852842 0 0.914651 0.966165 0.967349 
0.897027 0 0.850068 0.944842 0 0.708572 0.84091 0.861492 
0.619515 0.701312 0 0.875843 0 0.32281 0.442092 0.485635 
0 0.91468 0 0.830014 0.899274 0 0.227686 0.563574 
0 0.895615 0.71632 0.622077 0.802903 0.488568 0 0.84376 
0 0.97128 0.898336 0.735797 0.536313 0.796598 0.859544 0.940165 
0 0.985928 0.971872 0.885727 0 0.890888 0 0.853144 
0 0.977031 0.988618 0.954232 0 0.777628 0.57367 0.75295 
0 0.938162 0.968134 0.904938 0.669009 0.846252 0.838146 0.634908 
0 0.968172 0.927062 0.849196 0.806524 0.943343 0.964939 0.859977 
0 0.814652 0.833946 0.942047 0.950572 0.985622 0.98929 0.923014 
0 0.497721 0.802721 0.93439 0.981759 0.993567 0.988191 0.936711 
0.829878 0.264751 0.666287 0.902067 0.951792 0.986806 0.985573 0.932672 
0.747837 0.597579 0.84463 0.960018 0.9597 0.988883 0.990993 0.966924 
0.908352 0.899361 0.764538 0.861957 0.874941 0.96325 0.973729 0.936917 
0.970207 0.97234 0.864032 0.610691 0.558943 0.799994 0.815189 0.742683 
0.870168 0.977055 0.887447 0.56292 0.467522 0.441455 0.496448 0.637 
0.460587 0.988301 0.923675 0.7758 0.831093 0.619703 0.678868 0.315317 
0.0990393 0.96484 0.883392 0.902893 0.96263 0.883915 0.910356 0 
0 0.817304 0.829613 0.941914 0.976004 0.939073 0.941581 0 
0 0.517546 0.84972 0.966432 0.967943 0.864272 0.864827 0 
0.712614 0.202161 0.671904 0.911976 0.873221 0.56188 0.470546 0 
0 0 0.766772 0.952409 0.830616 0.366641 0.108557 0 
0 0 0.828353 0.967326 0.842022 0.303682 0 0 
0 0 0.905728 0.985074 0.903794 0 0 0 
0 0 0.896412 0.981454 0.886773 0 0 0 
0 0 0.740225 0.94134 0.75531 0 0 0 
0 0.837798 0 0.720564 0 0.785503 0 0 
0.781646 0.495253 0 0.261781 0 0.893448 0 0.804407 
0.960499 0 0 0.314616 0.792973 0.965488 0.7973 0 
0.88039 0 0 0 0 0.885713 0 0 
0.477301 0 0 0 0 0.653681 0.725589 0 
0.106469 0.827032 0 0 0.780314 0.382118 0 0 
0 0.953448 0 0 0.92439 0 0 0 
0.912928 0.908953 0 0 0.889111 0 0 0 
0.78475 0.769145 0 0 0.603801 0 0 0 
0.27609 0.933747 0.777945 0 0.623961 0 0 0 
0.0449711 0.814563 0.932232 0 0.884575 0 0.782461 0 
0.144463 0.826853 0.954921 0 0.775207 0 0.921781 0 
0.580115 0.69497 0.929378 0 0.66754 0.80974 0.975215 0.862176 
0.907793 0.362402 0.787602 0 0.735254 0.752723 0.96618 0.925424 
0.980515 0.805271 0.69056 0 0.907533 0 0.940892 0.976019 
0.993333 0.970452 0.754592 0 0.829935 0 0.929483 0.940154 
0.981958 0.92633 0.688408 0 0.723384 0 0.95396 0.922092 
0.931558 0.825706 0.893647 0 0.90552 0.743644 0.951774 0.973612 
0.923374 0.735182 0.93934 0 0.948556 0.807187 0.882949 0.964656 
0.94769 0.493132 0.874496 0 0.912046 0.878669 0.766558 0.920232 
0.919675 0.178591 0.575306 0 0.660083 0.58667 0.765164 0.927444 
0.969403 0.198146 0.142018 0 0.454413 0.678471 0.932736 0.970799 
0.909797 0.0208906 0 0 0.645559 0.857469 0.980505 0.988311 
0.931511 0.00405288 0 0 0.931739 0.977214 0.98323 0.975895 
0.882179 0 0 0 0.855262 0.958521 0.98331 0.940151 
0.553574 0.869499 0 0 0.62848 0.958917 0.952012 0.786591 
0 0.958562 0 0 0.378196 0.869001 0.8422 0.453551 
0 0.936615 0 0 0.22572 0.700258 0.909943 0.479064 
0.824931 0.895761 0.373183 0 0.507706 0.59038 0.937805 0 
0.909039 0.962185 0.64103 0 0.794868 0 0.874703 0 
0.964487 0.858846 0.866087 0 0.922753 0 0.595692 0.399863 
0.954113 0.505002 0.933356 0 0.898805 0 0.569552 0.256781 
0.814939 0 0.939971 0.644468 0.758001 0 0.825997 0 
0.239636 0 0.891618 0.582342 0.750657 0 0.927481 0 
0 0 0.916613 0.760164 0.730561 0 0.892264 0 
0 0 0.956863 0.944463 0.921793 0 0.610748 0 
0 0 0.945183 0.986301 0.963313 0 0.105177 0 
0 0 0.899469 0.987781 0.959973 0 0 0 
0 0 0.828571 0.97482 0.911859 0 0 0 
0 0 0.868572 0.981798 0.881518 0 0 0 
0 0 0.859816 0.979485 0.863872 0 0.897926 0 
0 0 0.475861 0.935501 0.586421 0 0.894592 0 
0 0 0 0.774755 0.225036 0 0.931835 0 
0 0 0 0.287789 0 0 0.927361 0 
0 0 0 0.0429147 0 0 0.935677 0 
0 0 0 0 0 0 0.908822 0 
0 0 0 0 0 0.925813 0.843804 0 
0 0 0 0.466963 0 0.84121 0 0 
0 0 0 0.919891 0 0.240932 0 0 
0 0 0 0.911501 0 0 0 0 
0 0 0 0.650702 0 0 0 0 
0 0 0 0 0 0 0 0 
0 0 0 0 0 0 0 0 
