0 0 0 0 0 0 0 0 
0 0 0 0 0 0 0 0 
0 0 0 0 0 0 0 0 
0 0 0 0 0 0 0 0 
0 0 0 0 0 0 0 0 
0 0 0 0 0 0 0 0 
0 0 0 0 0 0 0 0 
0 0 0 0 0 0 0 0 
0 0 0 0 0 0 0 0 
0 0 0 0 0 0 0 0 
0 0 0 0 0 0 0 0 
0 0 0 0 0 0 0 0 
0 0 0 0 0 0 0 0 
0 0 0 0 0 0 0 0 
0 0 0 0 0 0 0 0 
0 0 0 0 0 0 0 0 
0 0 0 0 0 0 0 0 
0 0 0 0 0 0 0 0 
0 0 0 0 0 0 0 0 
0 0 0 0 0 0 0 0 
0 0 0 0 0 0 0 0 
0 0 0 0 0 0 0 0 
0 0 0 0 0 0 0 0 
0 0 0 0 0 0 0 0 
0 0 0 0 0 0 0 0 
0 0 0 0 0 0 0 0 
0 0 0 0 0 0 0 0 
0 0 0 0 0 0 0 0 
0 0 0 0 0 0 0 0 
0 0 0 0 0 0 0 0 
0 0 0 0 0 0 0 0 
0 0 0 0 0 0 0 0 
0 0 0 0 0 0 0 0 
0 0 0 0 0 0 0 0 
0 0 0 0 0 0 0 0 
0 0 0 0 0 0 0 0 
0 0 0 0 0 0 0 0 
0 0 0 0 0 0 0 0 
0 0 0 0 0 0 0 0 
0 0 0 0 0 0 0 0 
0 0 0 0 0 0 0 0 
0 0 0 0 0 0 0 0 
0 0 0 0 0 0 0 0 
0 0 0 0 0 0 0 0 
0 0 0 0 0 0 0 0 
0 0 0 0 0 0 0 0 
0 0 0 0 0 0 0 0 
0 0 0 0 0 0 0 0 
0.93754 0.959664 0.958743 0.967492 0.943531 0.970123 0.986681 0.971982 
0.997566 0.999891 0.999001 0.999363 0.998897 0.99914 0.999345 0.999139 
0.999916 0.999973 0.999975 0.999983 0.999973 0.999975 0.999975 0.999976 
0.999997 0.999999 0.999999 0.999999 0.999999 0.999999 0.999999 0.999999 
1 1 1 1 1 1 1 1 
1 1 1 1 1 1 1 1 
1 1 1 1 1 1 1 1 
1 1 1 1 1 1 1 1 
1 1 1 1 1 1 1 1 
1 1 1 1 1 1 1 1 
1 1 1 1 1 1 1 1 
1 1 1 1 1 1 1 1 
1 1 1 1 1 1 1 1 
1 1 1 1 1 1 1 1 
1 1 1 1 1 1 1 1 
1 1 1 1 1 1 1 1 
1 1 1 1 1 1 1 1 
1 1 1 1 1 1 1 1 
1 1 1 1 1 1 1 1 
1 1 1 1 1 1 1 1 
1 1 1 1 1 1 1 1 
1 1 1 1 1 1 1 1 
1 1 1 1 1 1 1 1 
1 1 1 1 1 1 1 1 
1 1 1 1 1 1 1 1 
1 1 1 1 1 1 1 1 
1 1 1 1 1 1 1 1 
1 1 1 1 1 1 1 1 
1 1 1 1 0.999998 0.999984 0.999998 1 
1 1 1 0.999997 0.999951 0.999355 0.999951 0.999997 
0.999999 1 0.999997 0.999941 0.998694 0.97432 0.998696 0.999949 
0.999981 0.999998 0.999944 0.998842 0.9736 0 0.973655 0.99927 
0.999288 0.999952 0.99878 0.976828 0.971694 0 0.972599 0.997906 
0.972968 0.999271 0.972957 0 0.945438 0 0.945969 0.97078 
0 0.997969 0.946707 0 0.945319 0 0 0.91824 
0 0.972955 0 0 0.944492 0 0 0 
0.919096 0.946764 0 0 0.944414 0 0 0 
0 0 0 0 0.943683 0 0 0 
0.946746 0 0 0 0.91745 0 0 0 
0.972296 0 0 0 0 0 0 0 
0.972949 0 0 0 0 0 0.945958 0.971613 
0.972236 0 0.917479 0 0 0 0.972289 0.974422 
0 0 0.944017 0 0.946046 0.972906 0.997932 0.973007 
0 0 0.945826 0 0.972946 0.998708 0.999228 0.972986 
0 0 0.917586 0 0.972997 0.99927 0.999325 0.973644 
0 0 0 0 0.972957 0.999538 0.999943 0.998608 
0.972216 0 0 0 0.972281 0.999573 0.999932 0.998608 
0.972216 0 0 0 0.94667 0.997311 0.999206 0.973638 
0 0 0 0 0 0.947364 0.997366 0.972919 
0 0 0 0 0 0 0.974268 0.972354 
0 0 0 0 0.944515 0.945886 0.996715 0.973506 
0 0 0 0 0.945886 0 0.974177 0.996614 
0.944433 0 0 0.946652 0.996639 0.974243 0.997961 0.97288 
0 0 0 0.972272 0.999183 0.999217 0.997289 0.946846 
0 0 0 0.97293 0.999215 0.997981 0.947381 0 
0 0 0 0.972294 0.998543 0.973602 0 0 
0 0 0 0.947162 0.996644 0.972841 0 0 
0 0 0 0 0.946594 0.970133 0 0 
0 0 0 0 0 0.918221 0 0 
0 0 0 0 0 0 0 0 
0 0.972965 0.946016 0 0 0 0 0 
0 0.998645 0.972902 0 0 0 0 0 
0 0.999932 0.997984 0.946709 0 0 0 0 
0 0.99998 0.999272 0.972937 0 0 0 0 
0.946763 0.999998 0.999933 0.998072 0.948941 0 0 0 
0.97292 1 0.999995 0.999887 0.997429 0.947366 0 0.91916 
0.996642 1 1 0.999994 0.999868 0.997325 0.946725 0 
0.973627 1 1 0.999999 0.999979 0.999285 0.973332 0 
0.973679 1 1 1 0.999998 0.999951 0.998708 0.974321 
0.998697 1 1 1 1 0.999998 0.999952 0.999355 
0.999951 1 1 1 1 1 0.999998 0.999984 
0.999998 1 1 1 1 1 1 1 
1 1 1 1 1 1 1 1 
1 1 1 1 1 1 1 1 
1 1 1 1 1 1 1 1 
1 1 1 1 1 1 1 1 
1 1 1 1 1 1 1 1 
1 1 1 1 1 1 1 1 
1 1 1 1 1 1 1 1 
1 1 1 1 1 1 1 1 
1 1 1 1 1 1 1 1 
1 1 1 1 1 1 1 1 
1 1 1 1 1 1 1 1 
1 1 1 1 1 1 1 1 
1 1 1 1 1 1 1 1 
1 1 1 1 1 1 1 1 
1 1 1 1 1 1 1 1 
1 1 1 1 1 1 1 1 
1 1 1 1 1 1 0.999998 0.999984 
0.999998 1 1 1 1 0.999998 0.999951 0.999355 
0.999953 1 1 1 0.999998 0.99995 0.998695 0.974322 
0.998735 1 1 1 0.999982 0.99932 0.973629 0 
0.974195 1 1 1 0.999979 0.999243 0.972383 0 
0.973028 1 1 0.999998 0.999935 0.998088 0.952168 0 
0.972299 1 1 0.999994 0.999271 0.972939 0 0 
0.946746 0.999999 0.999998 0.999932 0.997985 0.946708 0 0 
0 0.999981 0.999981 0.99932 0.973628 0 0 0.94592 
0.972238 0.999288 0.999936 0.999287 0.972985 0 0 0.970103 
0.97222 0.972968 0.998652 0.999238 0.972968 0 0 0.918253 
0 0 0.973133 0.99858 0.973059 0 0 0 
0 0 0.946712 0.997404 0.978044 0 0 0 
0 0 0 0.983274 0.9974 0.946653 0 0 
0 0 0 0.972967 0.99848 0.971581 0 0 
0.919096 0 0 0.972209 0.997283 0.946849 0 0 
0 0 0 0.946012 0.97233 0 0 0 
0 0 0 0 0.945304 0 0 0 
0 0 0 0 0.945373 0.944495 0 0 
0 0 0.916688 0 0 0.944435 0 0 
0 0 0.916684 0 0 0.944455 0 0.888868 
0 0 0 0 0 0.945194 0 0 
0 0 0 0 0.945943 0.97107 0 0 
0 0 0 0 0.971469 0.971498 0 0 
0 0 0.91665 0 0.970797 0.945956 0 0.890212 
0 0 0.91665 0 0.945263 0 0 0 
0 0 0 0 0.947158 0 0.917445 0 
0 0 0 0 0.944532 0 0.943683 0 
0 0 0 0 0.944456 0 0.944456 0 
0 0 0 0 0.945172 0 0.945921 0 
0 0.919096 0 0 0.970866 0.973507 0.997382 0.974056 
0.972968 0 0 0 0.946633 0.997349 0.99984 0.999351 
0.999287 0 0 0 0 0.974231 0.999349 0.999967 
0.999981 0 0 0 0.918998 0.996657 0.999889 0.999995 
0.999982 0 0 0.91896 0 0.97358 0.999632 0.999983 
0.999385 0 0.918275 0.973602 0 0.972313 0.999181 0.998736 
0.977438 0.95727 0 0.945957 0 0.946915 0.996665 0.973606 
0 0.973156 0 0.971568 0.955695 0 0.946704 0.972683 
0 0.998689 0.974385 0.998535 0.99668 0.947334 0 0.94613 
0 0.999952 0.999317 0.998641 0.974203 0.997411 0.946644 0.970621 
0 0.999985 0.99936 0.973665 0 0.946664 0 0.945954 
0 0.999983 0.999326 0.973663 0 0.972287 0.972908 0.971646 
0 0.999998 0.99995 0.998695 0.974324 0.998705 0.998598 0.972924 
0 1 0.999998 0.999951 0.999355 0.999936 0.999271 0.972984 
0 1 1 0.999999 0.99999 0.999981 0.999321 0.973644 
0 1 1 1 1 0.999998 0.999949 0.998661 
0.97297 1 1 1 1 1 0.999997 0.999949 
0.999288 1 1 1 1 1 1 0.999998 
0.999981 1 1 1 1 1 1 1 
0.999999 1 1 1 1 1 0.999999 0.999987 
0.999981 1 1 1 1 0.999998 0.999955 0.999415 
0.999288 1 1 1 0.999998 0.99995 0.998678 0.973649 
0.972969 1 1 1 0.999983 0.999321 0.973645 0 
0 0.999981 0.999998 0.999999 0.999982 0.999293 0.972993 0 
0 0.999287 0.999949 0.999997 0.999985 0.99935 0.973012 0 
0.919096 0.972968 0.998661 0.999955 0.999978 0.999253 0.972284 0 
0 0 0.97365 0.999532 0.999872 0.997324 0.946671 0 
0 0 0.97299 0.999386 0.998004 0.947382 0 0 
0 0 0.972938 0.998683 0.973594 0 0 0 
0 0 0.972365 0.999294 0.972283 0 0 0 
0 0 0.950247 0.996035 0.946633 0 0 0 
0 0.946018 0 0.945883 0 0.917485 0 0 
0.9474 0.946018 0 0.944641 0 0.945058 0 0.918978 
0.995983 0 0 0.944491 0.945807 0.993875 0.918939 0 
0.973574 0 0 0 0 0.946496 0 0 
0.972313 0 0 0 0 0.9694 0.918215 0 
0.946746 0.946746 0 0 0.944854 0.945162 0 0 
0 0.972306 0 0 0.944478 0 0 0 
0.947347 0.97309 0 0 0.944436 0 0 0 
0.974662 0.974375 0 0 0.944433 0 0 0 
0.973065 0.998036 0.946692 0 0.944433 0 0 0 
0.97299 0.99924 0.972276 0 0.944454 0 0.917488 0 
0.973011 0.999292 0.972951 0 0.945185 0 0.945151 0 
0.973708 0.999731 0.973064 0 0.971503 0.972875 0.997265 0.974288 
0.999735 0.999381 0.978159 0 0.971506 0.972913 0.998578 0.999303 
0.999956 0.99929 0.983032 0 0.945277 0 0.973642 0.999305 
0.999981 0.999288 0.972972 0 0.946627 0 0.973003 0.99929 
0.999981 0.999292 0.973031 0 0.945279 0 0.973645 0.999324 
0.999983 0.999348 0.974053 0 0.971561 0.973589 0.998676 0.99995 
0.999998 0.999291 0.973031 0 0.972914 0.998641 0.999932 0.999997 
1 0.999287 0.972952 0 0.972966 0.999273 0.99998 0.999999 
1 0.999238 0.972275 0 0.97297 0.999298 0.999982 1 
1 0.997968 0.946689 0 0.972993 0.999291 0.999982 0.999999 
1 0.972955 0 0 0.973236 0.999311 0.999984 0.999998 
0.999982 0.946764 0 0 0.972993 0.99929 0.999979 0.999949 
0.999293 0 0 0 0.97297 0.999286 0.999937 0.998665 
0.97301 0.946746 0 0 0.973003 0.999278 0.999888 0.973649 
0 0.972314 0 0 0.973399 0.999285 0.999261 0.972984 
0 0.973627 0 0 0.972968 0.998595 0.99858 0.972931 
0.972241 0.997989 0.946691 0 0.97174 0.972913 0.972238 0 
0.973007 0.999224 0.97228 0 0.945209 0 0.945956 0 
0.973664 0.998658 0.972918 0 0.944479 0 0.971524 0.97291 
0.998625 0.973398 0.97233 0 0.945304 0 0.971504 0.972906 
0.99938 0 0.980595 0.973027 0.974245 0 0.945185 0 
0.947468 0 0.972953 0.997943 0.973007 0 0.944453 0 
0 0 0.972958 0.998775 0.972969 0 0.944414 0 
0 0 0.972965 0.998607 0.973019 0 0.943779 0 
0 0 0.973097 0.99921 0.972995 0 0.919903 0 
0 0 0.972963 0.99859 0.973034 0 0 0 
0 0 0.97295 0.998656 0.978834 0 0 0 
0 0 0.972943 0.998575 0.973029 0 0 0 
0 0 0.972372 0.998535 0.972932 0 0.918004 0 
0 0 0.946683 0.997221 0.972311 0 0.943816 0 
0 0 0 0.97155 0.948684 0 0.946407 0 
0 0 0 0.944436 0 0 0.944535 0 
0 0 0 0.917467 0 0 0.944539 0 
0 0 0 0 0 0 0.944446 0 
0 0 0 0 0 0.951256 0.944507 0 
0 0 0 0.917517 0 0.944147 0 0 
0 0 0 0.94367 0 0.922215 0 0 
0 0 0 0.943661 0 0 0 0 
0 0 0 0.917444 0 0 0 0 
0 0 0 0 0 0 0 0 
0 0 0 0 0 0 0 0 
