0 0 0 0 0 0 0 0 
0 0 0 0 0 0 0 0 
0 0 0 0 0 0 0 0 
0 0 0 0 0 0 0 0 
0 0 0 0 0 0 0 0 
0 0 0 0 0 0 0 0 
0 0 0 0 0 0 0 0 
0 0 0 0 0 0 0 0 
0 0 0 0 0 0 0 0 
0 0 0 0 0 0 0 0 
0 0 0 0 0 0 0 0 
0 0 0 0 0 0 0 0 
0 0 0 0 0 0 0 0 
0 0 0 0 0 0 0 0 
0 0 0 0 0 0 0 0 
0 0 0 0 0 0 0 0 
0 0 0 0 0 0 0 0 
0 0 0 0 0 0 0 0 
0 0 0 0 0 0 0 0 
0 0 0 0 0 0 0 0 
0 0 0 0 0 0 0 0 
0 0 0 0 0 0 0 0 
0 0 0 0 0 0 0 0 
0 0 0 0 0 0 0 0 
0 0 0 0 0 0 0 0 
0 0 0 0 0 0 0 0 
0 0 0 0 0 0 0 0 
0 0 0 0 0 0 0 0 
0 0 0 0 0 0 0 0 
0 0 0 0 0 0 0 0 
0 0 0 0 0 0 0 0 
0 0 0 0 0 0 0 0 
0 0 0 0 0 0 0 0 
0 0 0 0 0 0 0 0 
0 0 0 0 0 0 0 0 
0 0 0 0 0 0 0 0 
0 0 0 0 0 0 0 0 
0 0 0 0 0 0 0 0 
0 0 0 0 0 0 0 0 
0 0 0 0 0 0 0 0 
0 0 0 0 0 0 0 0 
0 0 0 0 0 0 0 0 
0 0 0 0 0 0 0 0 
0 0 0 0 0 0 0 0 
0 0 0 0 0 0 0 0 
0 0 0 0 0 0 0 0 
0 0 0 0 0 0 0 0 
0 0 0 0 0 0 0 0 
0.919597 0.961494 0.951681 0.997153 0.949052 0.955558 0.987574 0.972655 
0.997153 0.998862 0.999064 0.999046 0.998781 0.998951 0.998917 0.999146 
0.999907 0.999962 0.999969 0.999972 0.999971 0.999973 0.999972 0.999976 
0.999996 0.999995 0.999997 0.999998 0.999997 0.999997 0.999996 0.999999 
0.999996 0.999998 0.999999 1 0.999997 0.999995 0.999993 0.999996 
0.999998 0.999998 1 0.999999 0.999998 0.999995 0.999993 0.999997 
0.999999 0.999998 1 1 0.999999 0.999997 0.999997 0.999999 
1 0.999998 0.999999 1 1 1 0.999999 1 
1 0.999995 0.999999 0.999999 1 1 1 1 
1 0.999987 0.999995 0.999999 1 1 1 1 
1 0.999986 0.999993 0.999998 1 1 1 1 
1 0.999999 0.999997 0.999999 1 1 1 0.999999 
1 0.999999 1 1 1 1 0.999999 0.999999 
1 1 1 1 1 1 1 0.999999 
0.999999 0.999999 1 1 1 1 1 1 
1 0.999999 0.999999 1 1 1 1 1 
1 0.999999 0.999999 1 1 1 1 1 
1 1 1 1 1 0.999999 1 1 
0.999999 1 1 1 0.999999 0.999999 1 0.999999 
0.999998 1 1 1 1 1 0.999999 1 
0.999997 0.999999 1 1 1 1 0.999999 0.999999 
0.999997 0.999999 1 1 1 1 1 0.999999 
0.999993 0.999999 1 1 1 1 0.999998 0.999992 
0.999973 0.999998 1 1 1 0.999999 0.999997 0.999997 
0.999945 0.999998 0.999999 1 1 0.999999 0.999998 0.99999 
0.99999 1 0.999999 0.999999 0.999999 0.999998 0.999997 0.99999 
0.999974 0.999999 0.999999 1 0.999999 0.999997 0.999996 0.999999 
0.999989 0.999999 1 1 0.999999 0.999997 0.999999 0.999998 
0.999998 1 1 1 0.999997 0.999981 0.999996 0.999999 
1 1 0.999999 0.999996 0.999949 0.99935 0.999949 0.999997 
0.999999 1 0.999996 0.999932 0.998688 0.974309 0.99869 0.999947 
0.99998 0.999997 0.999933 0.998672 0.973585 0 0.97362 0.999269 
0.999285 0.999969 0.998746 0.973588 0.971602 0 0.972237 0.997908 
0.972959 0.999359 0.97805 0 0.945555 0 0.945925 0.970753 
0 0.997971 0.946797 0 0.944487 0 0 0.918003 
0 0.972953 0 0 0.944434 0 0 0 
0 0.946759 0 0 0.944411 0 0 0 
0 0 0 0 0.94368 0 0 0 
0.946747 0 0 0 0.91744 0 0 0 
0.97235 0 0 0 0 0 0 0 
0.973771 0 0 0 0 0 0.945975 0.971702 
0.972293 0 0.917444 0 0 0 0.97221 0.972234 
0 0 0.943661 0 0.94607 0.979252 0.998076 0.972919 
0 0 0.94366 0 0.972246 0.998664 0.999226 0.972981 
0 0 0.917442 0 0.973015 0.99926 0.999302 0.973641 
0 0 0 0 0.973458 0.999328 0.999944 0.998608 
0.972216 0 0 0 0.972313 0.999243 0.999931 0.998608 
0.972215 0 0 0 0.946691 0.99775 0.999225 0.973639 
0 0 0 0 0 0.947382 0.997415 0.972998 
0 0 0 0 0 0 0.977695 0.9742 
0 0 0 0 0.944513 0.945887 0.996871 0.97359 
0 0 0 0 0.945883 0 0.978275 0.996722 
0.944432 0 0 0.946652 0.996643 0.974248 0.998066 0.972867 
0 0 0 0.972278 0.999263 0.999263 0.997276 0.946683 
0 0 0 0.972987 0.999238 0.999154 0.947389 0 
0 0 0 0.973213 0.998595 0.973619 0 0 
0 0 0 0.946711 0.996607 0.972839 0 0 
0 0 0 0 0.946591 0.970132 0 0 
0 0 0 0 0 0.918218 0 0 
0 0 0 0 0 0 0 0 
0 0.972953 0.946013 0 0 0 0 0 
0 0.998643 0.972899 0 0 0 0 0 
0 0.999915 0.997966 0.946707 0 0 0 0 
0 0.99998 0.999271 0.972937 0 0 0 0 
0.946761 0.999998 0.999932 0.998003 0.947386 0 0 0 
0.972919 1 0.999996 0.999885 0.997361 0.947366 0 0.919001 
0.996628 1 1 0.999994 0.999868 0.997353 0.946982 0 
0.973626 1 1 0.999999 0.999984 0.999423 0.972984 0 
0.973679 1 1 1 0.999998 0.999954 0.998678 0.974326 
0.998697 1 1 1 0.999999 0.999997 0.999957 0.999638 
0.999958 0.999999 0.999999 0.999999 0.999999 1 0.999998 0.999994 
0.999998 0.999998 0.999999 0.999999 0.999999 1 1 0.999999 
0.999999 0.999999 1 1 1 1 1 0.999999 
0.999997 0.999998 0.999999 1 1 1 1 0.999999 
0.999997 0.999993 0.999997 0.999999 0.999999 0.999999 0.999999 1 
0.999999 0.999984 0.999993 0.999998 0.999999 0.999999 1 1 
0.999999 0.999996 0.999993 0.999997 0.999998 0.999998 1 1 
0.999999 0.999997 0.999997 0.999999 0.999998 0.999999 0.999999 0.999999 
1 1 0.999999 0.999999 0.999999 0.999999 0.999999 1 
1 1 0.999999 0.999999 0.999999 0.999999 1 1 
1 1 1 1 0.999999 1 1 1 
1 1 1 1 1 1 1 1 
1 1 1 1 1 1 1 1 
1 1 1 1 1 1 1 0.999999 
1 1 1 1 0.999999 1 1 0.999999 
0.999998 1 1 1 1 1 1 1 
1 1 1 1 0.999999 1 1 1 
0.999999 0.999999 1 1 0.999999 0.999999 0.999999 0.999999 
1 0.999999 1 0.999999 1 0.999998 0.999997 0.999984 
0.999999 0.999999 1 1 1 0.999997 0.999972 0.999374 
0.999976 1 1 1 0.999998 0.999953 0.998807 0.974534 
0.998715 0.999999 1 0.999999 0.999983 0.999414 0.978602 0 
0.973656 0.999998 0.999999 0.999999 0.999979 0.999255 0.972535 0 
0.972953 0.999998 0.999999 0.999998 0.999931 0.998047 0.946701 0 
0.972216 0.999999 0.999999 0.99998 0.999351 0.978797 0 0 
0.94655 0.999999 0.999998 0.999932 0.997988 0.946815 0 0 
0 0.999981 0.999981 0.99932 0.973625 0 0 0.945925 
0.972218 0.999287 0.99994 0.999286 0.972984 0 0 0.970174 
0.972239 0.972965 0.998638 0.999237 0.972966 0 0 0.918221 
0 0 0.972932 0.998558 0.972963 0 0 0 
0 0 0.946686 0.997305 0.973556 0 0 0 
0 0 0 0.973588 0.997344 0.947213 0 0 
0 0 0 0.972998 0.998499 0.971604 0 0 
0.919095 0 0 0.972215 0.997301 0.94665 0 0 
0 0 0 0.946087 0.976867 0 0 0 
0 0 0 0 0.945271 0 0 0 
0 0 0 0 0.944451 0.944431 0 0 
0 0 0.91665 0 0 0.944433 0 0 
0 0 0.916649 0 0 0.944454 0 0.888867 
0 0 0 0 0 0.945192 0 0 
0 0 0 0 0.945962 0.971089 0 0 
0 0 0 0 0.971668 0.972518 0 0 
0 0 0.916649 0 0.971274 0.94602 0 0.888866 
0 0 0.916649 0 0.945206 0 0 0 
0 0 0 0 0.944453 0 0.917443 0 
0 0 0 0 0.944433 0 0.94368 0 
0 0 0 0 0.944453 0 0.944448 0 
0 0 0 0 0.945167 0 0.945898 0 
0 0.919095 0 0 0.970869 0.97355 0.99732 0.973608 
0.972967 0 0 0 0.946636 0.997385 0.999837 0.999317 
0.999287 0 0 0 0 0.974236 0.999348 0.999966 
0.999981 0 0 0 0.918999 0.996675 0.999992 0.999994 
0.99998 0 0 0.918177 0 0.97376 0.999331 0.999932 
0.999287 0 0.9182 0.968668 0 0.972305 0.999175 0.998646 
0.972965 0.947857 0 0.945857 0 0.946644 0.996642 0.973602 
0 0.973053 0 0.97154 0.946631 0 0.9466 0.970888 
0 0.998683 0.974313 0.998525 0.996652 0.947285 0 0.945889 
0 0.99995 0.999306 0.998638 0.974157 0.995343 0.946561 0.970179 
0 0.999981 0.999306 0.97366 0 0.946614 0 0.945907 
0 0.999982 0.999322 0.973662 0 0.972254 0.972898 0.971616 
0 0.999998 0.99995 0.998695 0.974317 0.998627 0.998646 0.973559 
0 1 0.999997 0.999951 0.999353 0.999931 0.999278 0.97303 
0 1 0.999999 0.999998 0.999983 0.999985 0.999386 0.973649 
0 0.999996 0.999998 1 0.999999 0.999998 0.999953 0.998661 
0.97297 0.999993 0.999999 1 1 1 0.999998 0.999948 
0.999287 0.999996 0.999999 1 1 1 1 0.999998 
0.999981 0.999999 0.999999 0.999999 0.999999 0.999999 1 0.999999 
0.999998 1 0.999999 0.999998 0.999998 0.999998 0.999997 0.999983 
0.999979 1 0.999999 0.999998 0.999997 0.999994 0.999951 0.999494 
0.999277 1 1 1 0.999998 0.99995 0.998853 0.982791 
0.972934 0.999999 1 0.999999 0.999982 0.99932 0.973646 0 
0 0.999995 1 0.999999 0.999981 0.999288 0.972984 0 
0 0.999284 0.999947 0.999997 0.999981 0.999289 0.972948 0 
0.919094 0.972965 0.998659 0.999954 0.999989 0.999289 0.972269 0 
0 0 0.973649 0.999586 0.999872 0.997339 0.946645 0 
0 0 0.972982 0.999228 0.997996 0.947375 0 0 
0 0 0.972933 0.998604 0.973588 0 0 0 
0 0 0.972359 0.998514 0.972271 0 0 0 
0 0 0.950177 0.997724 0.94667 0 0 0 
0 0.946059 0 0.945898 0 0.917484 0 0 
0.947399 0.946388 0 0.944481 0 0.945058 0 0.918977 
0.995984 0 0 0.944659 0.945825 0.993897 0.918918 0 
0.973581 0 0 0 0 0.946772 0 0 
0.972307 0 0 0 0 0.969508 0.924212 0 
0.946719 0.946745 0 0 0.944551 0.945135 0 0 
0 0.972302 0 0 0.944446 0 0 0 
0.946745 0.973018 0 0 0.944432 0 0 0 
0.972308 0.973651 0 0 0.944429 0 0 0 
0.973081 0.997986 0.946689 0 0.94443 0 0 0 
0.972967 0.999238 0.972276 0 0.944452 0 0.917816 0 
0.973017 0.999292 0.97295 0 0.945183 0 0.945181 0 
0.973662 0.99945 0.972973 0 0.971501 0.972874 0.997284 0.974281 
0.998695 0.999291 0.972967 0 0.971502 0.972926 0.999235 0.999323 
0.99995 0.999287 0.972966 0 0.945186 0 0.973666 0.999326 
0.999983 0.999289 0.972967 0 0.944481 0 0.973026 0.999294 
0.999982 0.999289 0.972973 0 0.945187 0 0.973648 0.999321 
0.999982 0.999292 0.973007 0 0.971559 0.973592 0.998677 0.99995 
0.999998 0.999288 0.973023 0 0.972913 0.998641 0.999932 0.999997 
1 0.999332 0.980743 0 0.972965 0.99927 0.999979 0.999999 
1 0.99923 0.972315 0 0.972965 0.999285 0.99998 0.999999 
1 0.997981 0.946664 0 0.972964 0.999287 0.999981 0.999999 
0.999999 0.972811 0 0 0.972967 0.999304 0.999982 0.999998 
0.999981 0.94613 0 0 0.972967 0.999289 0.99998 0.999951 
0.999287 0 0 0 0.972967 0.999286 0.999955 0.998694 
0.972964 0.947983 0 0 0.972969 0.999269 0.999302 0.973645 
0 0.972392 0 0 0.972989 0.999253 0.999251 0.97298 
0 0.97363 0 0 0.972907 0.998586 0.998571 0.972927 
0.972238 0.997998 0.946774 0 0.971535 0.972889 0.972235 0 
0.973057 0.999262 0.972594 0 0.945184 0 0.945956 0 
0.975039 0.998706 0.97295 0 0.944475 0 0.971589 0.974174 
0.998763 0.973292 0.972285 0 0.945199 0 0.971505 0.972977 
0.998695 0 0.972255 0.972882 0.971597 0 0.945198 0 
0.947519 0 0.972912 0.997928 0.972914 0 0.944568 0 
0 0 0.972948 0.998557 0.972948 0 0.944424 0 
0 0 0.973038 0.998578 0.972948 0 0.943668 0 
0 0 0.975162 0.998659 0.972949 0 0.917391 0 
0 0 0.973035 0.998579 0.972948 0 0 0 
0 0 0.972948 0.998574 0.972947 0 0 0 
0 0 0.972929 0.998572 0.972947 0 0 0 
0 0 0.972255 0.998521 0.972925 0 0.917444 0 
0 0 0.946671 0.997212 0.972197 0 0.943681 0 
0 0 0 0.971442 0.945939 0 0.944412 0 
0 0 0 0.944396 0 0 0.944432 0 
0 0 0 0.917334 0 0 0.944433 0 
0 0 0 0 0 0 0.944432 0 
0 0 0 0 0 0.944411 0.944431 0 
0 0 0 0.92376 0 0.943676 0 0 
0 0 0 0.943744 0 0.917424 0 0 
0 0 0 0.943707 0 0 0 0 
0 0 0 0.918058 0 0 0 0 
0 0 0 0 0 0 0 0 
0 0 0 0 0 0 0 0 
