0 0 0 0 0 0 0 0 
0 0 0 0 0 0 0 0 
0 0 0 0 0 0 0 0 
0 0 0 0 0 0 0 0 
0 0 0 0 0 0 0 0 
0 0 0 0 0 0 0 0 
0 0 0 0 0 0 0 0 
0 0 0 0 0 0 0 0 
0 0 0 0 0 0 0 0 
0 0 0 0 0 0 0 0 
0 0 0 0 0 0 0 0 
0 0 0 0 0 0 0 0 
0 0 0 0 0 0 0 0 
0 0 0 0 0 0 0 0 
0 0 0 0 0 0 0 0 
0 0 0 0 0 0 0 0 
0 0 0 0 0 0 0 0 
0 0 0 0 0 0 0 0 
0 0 0 0 0 0 0 0 
0 0 0 0 0 0 0 0 
0 0 0 0 0 0 0 0 
0 0 0 0 0 0 0 0 
0 0 0 0 0 0 0 0 
0 0 0 0 0 0 0 0 
0 0 0 0 0 0 0 0 
0 0 0 0 0 0 0 0 
0 0 0 0 0 0 0 0 
0 0 0 0 0 0 0 0 
0 0 0 0 0 0 0 0 
0 0 0 0 0 0 0 0 
0 0 0 0 0 0 0 0 
0 0 0 0 0 0 0 0 
0 0 0 0 0 0 0 0 
0 0 0 0 0 0 0 0 
0 0 0 0 0 0 0 0 
0 0 0 0 0 0 0 0 
0 0 0 0 0 0 0 0 
0 0 0 0 0 0 0 0 
0 0 0 0 0 0 0 0 
0 0 0 0 0 0 0 0 
0 0 0 0 0 0 0 0 
0 0 0 0 0 0 0 0 
0 0 0 0 0 0 0 0 
0 0 0 0 0 0 0 0 
0 0 0 0 0 0 0 0 
0 0 0 0 0 0 0 0 
0 0 0 0 0 0 0 0 
0 0 0 0 0 0 0 0 
0.0767379 0.0111548 0.128301 0.496383 0.138475 0.141968 0.550127 0.902598 
0.430749 0.0232774 0.208862 0.137787 0.0737947 0.335588 0.286179 0.655494 
0.243023 0.0057944 0.0482087 0.110203 0.199101 0.634367 0.222063 0.189761 
0.037639 0.0375662 0.190157 0.0483966 0.0428031 0.193831 0.0437535 0.0651728 
0.0150739 0.188117 0.608561 0.212117 0.028122 0.021549 0.00438609 0.0167214 
0.131241 0.0464526 0.248443 0.289809 0.0648094 0.00780464 0.0056883 0.0698358 
0.139622 0.0763604 0.408783 0.698527 0.282201 0.0405895 0.033622 0.225393 
0.592348 0.221449 0.658698 0.411801 0.0976029 0.105921 0.153699 0.617319 
0.876139 0.046267 0.223371 0.0883915 0.152355 0.510281 0.249232 0.33128 
0.717004 0.00460651 0.0291264 0.0712208 0.410585 0.807945 0.672551 0.54304 
0.840723 0.00349653 0.0071499 0.0387192 0.206158 0.665353 0.858071 0.57349 
0.440697 0.0487768 0.0526009 0.168447 0.110581 0.403575 0.54853 0.214898 
0.15527 0.357661 0.325369 0.630988 0.290258 0.110123 0.159537 0.0438519 
0.0303904 0.783951 0.696512 0.886052 0.633163 0.231183 0.392071 0.161046 
0.189727 0.369505 0.329258 0.633647 0.349089 0.349489 0.687004 0.599582 
0.685669 0.0583333 0.128802 0.203733 0.226659 0.668772 0.915372 0.912459 
0.923958 0.0972283 0.0854612 0.254994 0.134362 0.40363 0.813205 0.921155 
0.808488 0.512194 0.402382 0.67718 0.359988 0.137827 0.404418 0.674718 
0.382886 0.863354 0.718697 0.390514 0.158654 0.0388388 0.0982222 0.193651 
0.0660112 0.587928 0.784031 0.427439 0.411908 0.18916 0.100492 0.0416043 
0.0227751 0.229603 0.624877 0.559803 0.79968 0.64855 0.212261 0.197546 
0.177567 0.0780398 0.413406 0.759646 0.689715 0.823708 0.447674 0.091085 
0.0461336 0.151836 0.615877 0.884695 0.680118 0.522542 0.155291 0.0188537 
0.00268261 0.0485705 0.305514 0.625234 0.474342 0.399056 0.0740647 0.00554239 
0.000299388 0.0684555 0.391965 0.330355 0.612392 0.225777 0.170743 0.0160736 
0.000747334 0.0387343 0.110157 0.133472 0.195373 0.0628696 0.216268 0.0255513 
0.00189098 0.0779683 0.338559 0.475893 0.167597 0.024357 0.0264857 0.00465599 
0.0109194 0.339885 0.75521 0.831478 0.46303 0.08231 0.0105655 0.0270888 
0.125351 0.504178 0.388679 0.501692 0.160072 0.0212455 0.0267937 0.199051 
0.580909 0.219711 0.135277 0.414423 0.0834747 0.0153198 0.108126 0.551731 
0.876304 0.193556 0.142173 0.090319 0.012268 0.00325511 0.0485256 0.19947 
0.581127 0.304479 0.507933 0.123336 0.0121245 0 0.0315171 0.0296037 
0.12547 0.0641525 0.123019 0.0220526 0.0249947 0 0.239321 0.0302515 
0.0114231 0.218691 0.0484183 0 0.210713 0 0.0293187 0.00326874 
0 0.665917 0.192249 0 0.648016 0 0 0.000561825 
0 0.216862 0 0 0.453462 0 0 0 
0 0.0226902 0 0 0.742851 0 0 0 
0 0 0 0 0.348287 0 0 0 
0.656078 0 0 0 0.0501067 0 0 0 
0.632492 0 0 0 0 0 0 0 
0.191566 0 0 0 0 0 0.582838 0.677191 
0.245066 0 0.485586 0 0 0 0.169451 0.24605 
0 0 0.811596 0 0.369021 0.214186 0.0649274 0.0404099 
0 0 0.491657 0 0.782308 0.684489 0.29511 0.129208 
0 0 0.0998672 0 0.68084 0.88152 0.650753 0.54 
0 0 0 0 0.334724 0.640987 0.595673 0.847709 
0.490006 0 0 0 0.226346 0.200995 0.332173 0.646655 
0.229947 0 0 0 0.0346318 0.133631 0.512301 0.252306 
0 0 0 0 0 0.0291554 0.183253 0.0920345 
0 0 0 0 0 0 0.455948 0.397525 
0 0 0 0 0.19701 0.433347 0.818627 0.581987 
0 0 0 0 0.609308 0 0.702492 0.771154 
0.331897 0 0 0.580271 0.856608 0.544826 0.296333 0.349283 
0 0 0 0.690752 0.590199 0.210947 0.0502462 0.0623545 
0 0 0 0.224199 0.164486 0.109452 0.0135798 0 
0 0 0 0.0472969 0.178158 0.481528 0 0 
0 0 0 0.160016 0.528109 0.803783 0 0 
0 0 0 0 0.163131 0.449053 0 0 
0 0 0 0 0 0.0778961 0 0 
0 0 0 0 0 0 0 0 
0 0.137692 0.035888 0 0 0 0 0 
0 0.64363 0.278896 0 0 0 0 0 
0 0.949046 0.745094 0.306178 0 0 0 0 
0 0.769191 0.900392 0.681583 0 0 0 0 
0.109136 0.659069 0.899919 0.850392 0.438814 0 0 0 
0.355999 0.730485 0.682159 0.649232 0.263864 0.329541 0 0.307109 
0.777353 0.933081 0.723045 0.634507 0.450656 0.735158 0.321962 0 
0.35431 0.915959 0.752657 0.858963 0.564855 0.386471 0.122364 0 
0.075533 0.599752 0.581951 0.586683 0.224051 0.132645 0.298057 0.112128 
0.263371 0.463974 0.804894 0.521172 0.135091 0.298564 0.732822 0.423957 
0.707083 0.136797 0.431715 0.154189 0.0337551 0.108713 0.318718 0.118466 
0.261733 0.0414675 0.207359 0.118799 0.0936626 0.327722 0.354459 0.101801 
0.0348043 0.152216 0.586041 0.528248 0.417328 0.751368 0.756036 0.318532 
0.0432579 0.0984502 0.514015 0.82986 0.49603 0.368217 0.347906 0.157373 
0.0258588 0.0193021 0.155889 0.467785 0.218404 0.0850117 0.187732 0.498864 
0.149739 0.0022378 0.0241869 0.152943 0.428132 0.151973 0.444009 0.802999 
0.437058 0.00249158 0.00485202 0.0339261 0.0866394 0.0297653 0.14512 0.443823 
0.153416 0.0510793 0.0345615 0.167699 0.0384539 0.0166043 0.0945425 0.182169 
0.200746 0.11165 0.180668 0.579001 0.174084 0.117109 0.131954 0.539285 
0.687481 0.569148 0.179095 0.182633 0.0705269 0.213749 0.253368 0.660419 
0.917305 0.837232 0.455384 0.117309 0.206455 0.657472 0.562296 0.459633 
0.794906 0.509841 0.578137 0.226844 0.177359 0.6132 0.837946 0.678211 
0.884286 0.561492 0.857053 0.568525 0.324606 0.698076 0.570366 0.304016 
0.557145 0.297133 0.718093 0.486921 0.135472 0.279638 0.238057 0.0780497 
0.115112 0.0762109 0.306148 0.225961 0.082988 0.339268 0.583013 0.241736 
0.0434886 0.197186 0.565992 0.593181 0.254139 0.585315 0.867133 0.601898 
0.144431 0.514558 0.843512 0.60576 0.166814 0.284207 0.635064 0.270106 
0.145911 0.193809 0.538134 0.218241 0.0694649 0.28649 0.189356 0.153074 
0.55566 0.0980195 0.432812 0.154411 0.0496752 0.0473116 0.0261267 0.0881724 
0.398416 0.219862 0.589459 0.520772 0.311946 0.112181 0.0432879 0.287518 
0.761773 0.552393 0.877053 0.815312 0.729395 0.26639 0.0484213 0.0711811 
0.326863 0.265725 0.681249 0.484452 0.488248 0.134112 0.0143927 0 
0.0419447 0.0485704 0.240141 0.43154 0.746093 0.326995 0.0441487 0 
0.00273023 0.0414498 0.260206 0.603458 0.455315 0.112008 0.0111678 0 
0.000208967 0.166957 0.621022 0.869243 0.59023 0.138822 0 0 
0.000925673 0.309379 0.692584 0.659783 0.264313 0.0394247 0 0 
0 0.64101 0.890207 0.677582 0.194464 0 0 0.585792 
0.174645 0.293341 0.64088 0.320837 0.0520629 0 0 0.175682 
0.00391927 0.0485276 0.178609 0.111812 0.0164634 0 0 0.0174523 
0 0 0.0833264 0.398178 0.0880243 0 0 0 
0 0 0.0410746 0.36184 0.2649 0 0 0 
0 0 0 0.749293 0.751397 0.240461 0 0 
0 0 0 0.608046 0.845759 0.201694 0 0 
0.252378 0 0 0.144894 0.520871 0.161038 0 0 
0 0 0 0.0158283 0.121525 0 0 0 
0 0 0 0 0.184714 0 0 0 
0 0 0 0 0.0674863 0.0948221 0 0 
0 0 0.709192 0 0 0.481528 0 0 
0 0 0.335755 0 0 0.813972 0 0.379418 
0 0 0 0 0 0.691406 0 0 
0 0 0 0 0.665776 0.726133 0 0 
0 0 0 0 0.451103 0.295047 0 0 
0 0 0.582143 0 0.733449 0.0411973 0 0.256196 
0 0 0.17649 0 0.329734 0 0 0 
0 0 0 0 0.110747 0 0.361234 0 
0 0 0 0 0.421058 0 0.099335 0 
0 0 0 0 0.778789 0 0.0338913 0 
0 0 0 0 0.422903 0 0.114492 0 
0 0.30415 0 0 0.172438 0.554147 0.564134 0.385497 
0.677623 0 0 0 0.121047 0.568169 0.859828 0.755147 
0.921943 0 0 0 0 0.43857 0.58954 0.56164 
0.879518 0 0 0 0.47954 0.745979 0.453647 0.343312 
0.489566 0 0 0.31869 0 0.386253 0.606721 0.654576 
0.25319 0 0.317994 0.719536 0 0.0796908 0.16818 0.214143 
0.0468857 0.0751333 0 0.327527 0 0.0147743 0.0172293 0.0253459 
0 0.414205 0 0.173276 0.525851 0 0.00839282 0.0444556 
0 0.205633 0.0796895 0.0344724 0.152513 0.0263109 0 0.261818 
0 0.616784 0.247562 0.0746111 0.0263898 0.123624 0.280562 0.682554 
0 0.741797 0.63146 0.263515 0 0.486022 0 0.266086 
0 0.631246 0.868399 0.633566 0 0.114296 0.031752 0.122258 
0 0.319079 0.602843 0.26195 0.0526676 0.170962 0.16663 0.0436614 
0 0.565207 0.3272 0.135712 0.101968 0.370358 0.631199 0.214501 
0 0.13045 0.125597 0.449501 0.42111 0.794068 0.883659 0.408483 
0 0.0194235 0.135306 0.346797 0.678953 0.907882 0.807336 0.345076 
0.191795 0.00534043 0.0481977 0.239914 0.38719 0.759196 0.756651 0.319036 
0.0735957 0.0395437 0.185385 0.628455 0.478465 0.835391 0.880877 0.577689 
0.267339 0.258779 0.071694 0.194573 0.190791 0.598244 0.59825 0.347364 
0.659018 0.659679 0.185203 0.0365473 0.027191 0.131488 0.13772 0.0679056 
0.201708 0.630244 0.226982 0.0287743 0.0202982 0.0143062 0.0209776 0.0713318 
0.021573 0.872004 0.331171 0.0899322 0.171872 0.0381242 0.0687157 0.0107415 
0.00154455 0.578237 0.179416 0.245387 0.614544 0.197299 0.420106 0 
0 0.125881 0.125068 0.386235 0.671773 0.367603 0.619655 0 
0 0.0278385 0.190017 0.636012 0.648468 0.169281 0.259239 0 
0.113856 0.00428338 0.0507857 0.281328 0.202041 0.0280577 0.0247971 0 
0 0 0.104719 0.564486 0.146603 0.0122535 0.00164077 0 
0 0 0.148554 0.673555 0.148135 0.00927921 0 0 
0 0 0.333016 0.899617 0.326249 0 0 0 
0 0 0.307547 0.860178 0.270255 0 0 0 
0 0 0.0928707 0.529946 0.101102 0 0 0 
0 0.246651 0 0.108979 0 0.186402 0 0 
0.119252 0.0267482 0 0.00828631 0 0.413507 0 0.205653 
0.636476 0 0 0.010775 0.173598 0.778517 0.189946 0 
0.263367 0 0 0 0 0.406846 0 0 
0.0223195 0 0 0 0 0.0572333 0.146616 0 
0.00257744 0.168065 0 0 0.156604 0.0143756 0 0 
0 0.775274 0 0 0.77595 0 0 0 
0.523657 0.332088 0 0 0.430125 0 0 0 
0.115643 0.0808947 0 0 0.0488435 0 0 0 
0.00761004 0.437202 0.118015 0 0.0553844 0 0 0 
0.000476628 0.110893 0.577064 0 0.47958 0 0.173858 0 
0.00333974 0.14734 0.848948 0 0.147814 0 0.626929 0 
0.0394728 0.0619818 0.58417 0 0.0627163 0.146662 0.858746 0.185791 
0.278903 0.00164593 0.146922 0 0.0868093 0.0878753 0.661181 0.233725 
0.739988 0.120419 0.0649156 0 0.626858 0 0.505003 0.690066 
0.894587 0.83726 0.0970925 0 0.218713 0 0.427673 0.31973 
0.741846 0.332303 0.0450715 0 0.0914065 0 0.763218 0.247092 
0.271317 0.138106 0.330031 0 0.410183 0.0715131 0.49648 0.695032 
0.293373 0.0806347 0.718464 0 0.800804 0.0922288 0.20262 0.584767 
0.419438 0.0218914 0.325712 0 0.422086 0.25901 0.074612 0.284081 
0.261324 0.00260149 0.045128 0 0.0657698 0.028078 0.0828812 0.3022 
0.628629 0.000132728 0.00303834 0.0287279 0.0233051 0.0537639 0.398879 0.639694 
0.236704 9.19214e-06 0.000241941 0 0.0380796 0.148637 0.80248 0.884486 
0.348205 0.000132066 0 0 0.608983 0.757533 0.671314 0.668003 
0.231514 0 0 0 0.203114 0.444731 0.794273 0.465215 
0.0227734 0.253733 0 0 0.0365086 0.664487 0.494435 0.116173 
0 0.807516 0 0 0.00727088 0.233571 0.146971 0.0167689 
0 0.44789 0 0 0.00331159 0.0649978 0.364375 0.00747831 
0.161151 0.221211 0.010308 0 0.0341057 0.0300724 0.744093 0 
0.311879 0.729897 0.0375601 0 0.171171 0 0.365139 0 
0.869951 0.173484 0.247985 0 0.732641 0 0.0463453 0.0024431 
0.623088 0.0109942 0.684938 0 0.474762 0 0.0430253 0.000950154 
0.144352 0 0.714215 0.0438067 0.106794 0 0.218502 0 
0.00377416 0 0.318468 0.0221341 0.126438 0 0.792987 0 
0 0 0.422356 0.0775576 0.0830135 0 0.4588 0 
0 0 0.794816 0.360978 0.446043 0 0.0561255 0 
0 0 0.559064 0.816534 0.837832 0 0.00105365 0 
0 0 0.287553 0.880813 0.772264 0 0 0 
0 0 0.137831 0.708217 0.323573 0 0 0 
0 0 0.218561 0.853051 0.233374 0 0 0 
0 0 0.232527 0.873151 0.231745 0 0.658912 0 
0 0 0.00562539 0.603593 0.026744 0 0.375229 0 
0 0 0 0.151761 0.000711561 0 0.775408 0 
0 0 0 0.0103934 0 0 0.641311 0 
0 0 0 4.56675e-05 0 0 0.828562 0 
0 0 0 0 0 0 0.511686 0 
0 0 0 0 0 0.805623 0.198962 0 
0 0 0 0.0162978 0 0.266883 0 0 
0 0 0 0.838228 0 0.00169753 0 0 
0 0 0 0.619644 0 0 0 0 
0 0 0 0.0676969 0 0 0 0 
0 0 0 0 0 0 0 0 
0 0 0 0 0 0 0 0 
