0 0 0 0 0 0 0 0 
0 0 0 0 0 0 0 0 
0 0 0 0 0 0 0 0 
0 0 0 0 0 0 0 0 
0 0 0 0 0 0 0 0 
0 0 0 0 0 0 0 0 
0 0 0 0 0 0 0 0 
0 0 0 0 0 0 0 0 
0 0 0 0 0 0 0 0 
0 0 0 0 0 0 0 0 
0 0 0 0 0 0 0 0 
0 0 0 0 0 0 0 0 
0 0 0 0 0 0 0 0 
0 0 0 0 0 0 0 0 
0 0 0 0 0 0 0 0 
0 0 0 0 0 0 0 0 
0 0 0 0 0 0 0 0 
0 0 0 0 0 0 0 0 
0 0 0 0 0 0 0 0 
0 0 0 0 0 0 0 0 
0 0 0 0 0 0 0 0 
0 0 0 0 0 0 0 0 
0 0 0 0 0 0 0 0 
0 0 0 0 0 0 0 0 
0 0 0 0 0 0 0 0 
0 0 0 0 0 0 0 0 
0 0 0 0 0 0 0 0 
0 0 0 0 0 0 0 0 
0 0 0 0 0 0 0 0 
0 0 0 0 0 0 0 0 
0 0 0 0 0 0 0 0 
0 0 0 0 0 0 0 0 
0 0 0 0 0 0 0 0 
0 0 0 0 0 0 0 0 
0 0 0 0 0 0 0 0 
0 0 0 0 0 0 0 0 
0 0 0 0 0 0 0 0 
0 0 0 0 0 0 0 0 
0 0 0 0 0 0 0 0 
0 0 0 0 0 0 0 0 
0 0 0 0 0 0 0 0 
0 0 0 0 0 0 0 0 
0 0 0 0 0 0 0 0 
0 0 0 0 0 0 0 0 
0 0 0 0 0 0 0 0 
0 0 0 0 0 0 0 0 
0 0 0 0 0 0 0 0 
0 0 0 0 0 0 0 0 
0.926433 0.962125 0.961499 0.965373 0.97442 0.972046 0.961627 0.957913 
0.997587 0.998917 0.998918 0.999012 0.999113 0.999173 0.998986 0.998662 
0.999924 0.999972 0.999973 0.999974 0.999975 0.999979 0.999976 0.999968 
0.999998 0.999999 0.999999 0.999999 0.999999 0.999999 0.999999 0.999999 
1 1 1 1 1 1 1 1 
1 1 1 1 1 1 1 1 
1 1 1 1 1 1 1 1 
1 1 1 1 1 1 1 1 
1 1 1 1 1 1 1 1 
1 1 1 1 1 1 1 1 
1 1 1 1 1 1 1 1 
1 1 1 1 1 1 1 1 
1 1 1 1 1 1 1 1 
1 1 1 1 1 1 1 1 
1 1 1 1 1 1 1 1 
1 1 1 1 1 1 1 1 
1 1 1 1 1 1 1 1 
1 1 1 1 1 1 1 1 
1 1 1 1 1 1 1 1 
1 1 1 1 1 1 1 1 
1 1 1 1 1 1 1 1 
1 1 1 1 1 1 1 1 
1 1 1 1 1 1 1 1 
1 1 1 1 1 1 1 1 
1 1 1 1 1 1 1 1 
1 1 1 1 1 1 1 1 
1 1 1 1 1 1 1 1 
1 1 1 1 1 1 1 1 
1 1 1 1 0.999998 0.999984 0.999998 1 
1 1 1 0.999997 0.999951 0.999355 0.999951 0.999997 
0.999999 1 0.999997 0.999934 0.998693 0.97432 0.998694 0.999949 
0.999981 0.999997 0.999933 0.998674 0.973591 0 0.973624 0.999272 
0.999287 0.999949 0.998665 0.97359 0.971577 0 0.972242 0.997925 
0.972967 0.999278 0.973021 0 0.94519 0 0.945937 0.970857 
0 0.998002 0.947146 0 0.944454 0 0 0.919764 
0 0.972956 0 0 0.944433 0 0 0 
0 0.946764 0 0 0.944412 0 0 0 
0 0 0 0 0.943682 0 0 0 
0.947127 0 0 0 0.917445 0 0 0 
0.972329 0 0 0 0 0 0 0 
0.972956 0 0 0 0 0 0.949711 0.971629 
0.972238 0 0.917444 0 0 0 0.973428 0.972286 
0 0 0.943661 0 0.946001 0.972946 0.998056 0.972979 
0 0 0.943661 0 0.972242 0.998596 0.999281 0.973882 
0 0 0.917444 0 0.973045 0.999256 0.999304 0.9737 
0 0 0 0 0.976237 0.999379 0.999931 0.998635 
0.97253 0 0 0 0.972485 0.999234 0.999925 0.99861 
0.972246 0 0 0 0.946687 0.997308 0.999205 0.973638 
0 0 0 0 0 0.947363 0.997322 0.972919 
0 0 0 0 0 0 0.973553 0.972319 
0 0 0 0 0.944513 0.945887 0.996746 0.973509 
0 0 0 0 0.945885 0 0.975719 0.99669 
0.944433 0 0 0.946653 0.996731 0.977293 0.998134 0.972881 
0 0 0 0.972272 0.999187 0.999316 0.997401 0.946793 
0 0 0 0.97293 0.999218 0.998051 0.954728 0 
0 0 0 0.972263 0.99855 0.973604 0 0 
0 0 0 0.946652 0.996606 0.972839 0 0 
0 0 0 0 0.946592 0.970133 0 0 
0 0 0 0 0 0.918221 0 0 
0 0 0 0 0 0 0 0 
0 0.97295 0.946013 0 0 0 0 0 
0 0.998642 0.972899 0 0 0 0 0 
0 0.999915 0.997966 0.946707 0 0 0 0 
0 0.99998 0.99927 0.972957 0 0 0 0 
0.946778 0.999998 0.999953 0.998974 0.947412 0 0 0 
0.973043 1 0.999996 0.99991 0.997419 0.947372 0 0.918998 
0.996641 1 1 0.999995 0.999873 0.997342 0.946907 0 
0.973627 1 1 0.999999 0.999978 0.999257 0.972975 0 
0.973681 1 1 1 0.999998 0.99995 0.998756 0.9761 
0.998774 1 1 1 1 0.999998 0.999954 0.999433 
0.999955 1 1 1 1 1 0.999998 0.999986 
0.999999 1 1 1 1 1 1 1 
1 1 1 1 1 1 1 1 
1 1 1 1 1 1 1 1 
1 1 1 1 1 1 1 1 
1 1 1 1 1 1 1 1 
1 1 1 1 1 1 1 1 
1 1 1 1 1 1 1 1 
1 1 1 1 1 1 1 1 
1 1 1 1 1 1 1 1 
1 1 1 1 1 1 1 1 
1 1 1 1 1 1 1 1 
1 1 1 1 1 1 1 1 
1 1 1 1 1 1 1 1 
1 1 1 1 1 1 1 1 
1 1 1 1 1 1 1 1 
1 1 1 1 1 1 1 1 
1 1 1 1 1 1 1 1 
1 1 1 1 1 1 0.999998 0.999984 
0.999998 1 1 1 1 0.999998 0.999952 0.999355 
0.999951 1 1 1 0.999999 0.999957 0.998701 0.974322 
0.998697 1 1 1 0.999989 0.999559 0.973737 0 
0.973663 1 1 1 0.999984 0.999351 0.973633 0 
0.972987 1 1 0.999998 0.999941 0.998047 0.946771 0 
0.972296 1 1 0.999984 0.999338 0.973026 0 0 
0.946744 1 0.999999 0.999937 0.998081 0.954998 0 0 
0 0.999988 0.999983 0.999369 0.974402 0 0 0.94603 
0.973206 0.999463 0.999936 0.99929 0.973037 0 0 0.977929 
0.97228 0.972974 0.998627 0.99924 0.972969 0 0 0.918271 
0 0 0.973023 0.998614 0.972969 0 0 0 
0 0 0.948719 0.99739 0.973564 0 0 0 
0 0 0 0.973564 0.997376 0.946663 0 0 
0 0 0 0.972945 0.99848 0.971562 0 0 
0.919096 0 0 0.972284 0.997221 0.946648 0 0 
0 0 0 0.947712 0.971588 0 0 0 
0 0 0 0 0.945194 0 0 0 
0 0 0 0 0.944512 0.945289 0 0 
0 0 0.91665 0 0 0.944492 0 0 
0 0 0.91665 0 0 0.944455 0 0.889432 
0 0 0 0 0 0.945166 0 0 
0 0 0 0 0.945915 0.970795 0 0 
0 0 0 0 0.971472 0.971572 0 0 
0 0 0.91665 0 0.970895 0.949261 0 0.888868 
0 0 0.91665 0 0.94525 0 0 0 
0 0 0 0 0.945497 0 0.917638 0 
0 0 0 0 0.944516 0 0.948804 0 
0 0 0 0 0.944456 0 0.951307 0 
0 0 0 0 0.945167 0 0.945983 0 
0 0.919096 0 0 0.970863 0.973505 0.997355 0.973737 
0.972968 0 0 0 0.946632 0.997349 0.999838 0.999331 
0.999294 0 0 0 0 0.974233 0.999348 0.999967 
0.999982 0 0 0 0.919 0.9967 0.999887 0.999994 
0.999981 0 0 0.919355 0 0.974215 0.999357 0.999934 
0.999287 0 0.918261 0.970164 0 0.972335 0.999174 0.998638 
0.972968 0.954917 0 0.945936 0 0.946654 0.996638 0.973518 
0 0.973021 0 0.971543 0.946638 0 0.946613 0.970882 
0 0.998679 0.974314 0.998533 0.999741 0.947297 0 0.94588 
0 0.999949 0.999306 0.998639 0.974167 0.995368 0.946558 0.970151 
0 0.999982 0.999316 0.973662 0 0.946887 0 0.945899 
0 0.999983 0.999323 0.973663 0 0.97228 0.972895 0.97156 
0 0.999998 0.99995 0.998695 0.974318 0.998627 0.998591 0.972917 
0 1 0.999998 0.999951 0.999354 0.999931 0.99927 0.972984 
0 1 1 0.999998 0.999983 0.999983 0.999321 0.973644 
0 1 1 1 1 0.999998 0.999949 0.998661 
0.972968 1 1 1 1 1 0.999997 0.999949 
0.999287 1 1 1 1 1 1 0.999998 
0.999981 1 1 1 1 1 1 1 
0.999999 1 1 1 1 1 0.999999 0.999985 
0.999982 1 1 1 1 0.999998 0.999957 0.999418 
0.999287 1 1 1 0.999998 0.999954 0.9988 0.976315 
0.972967 1 1 1 0.999983 0.999321 0.973649 0 
0 0.999981 0.999998 0.999999 0.999981 0.999289 0.972985 0 
0 0.999287 0.999949 0.999997 0.999981 0.999286 0.972951 0 
0.919096 0.972968 0.998661 0.999951 0.999977 0.999233 0.972299 0 
0 0 0.973644 0.999319 0.999876 0.997477 0.94695 0 
0 0 0.972983 0.999233 0.997999 0.947394 0 0 
0 0 0.972943 0.998894 0.973602 0 0 0 
0 0 0.972258 0.998489 0.972287 0 0 0 
0 0 0.946664 0.995954 0.946791 0 0 0 
0 0.946569 0 0.945937 0 0.917485 0 0 
0.9474 0.946065 0 0.945723 0 0.945057 0 0.918978 
0.996022 0 0 0.944546 0.945808 0.993872 0.918916 0 
0.981967 0 0 0 0 0.946501 0 0 
0.972351 0 0 0 0 0.969508 0.918381 0 
0.946746 0.946745 0 0 0.944548 0.947542 0 0 
0 0.972297 0 0 0.944435 0 0 0 
0.946746 0.972987 0 0 0.944433 0 0 0 
0.972318 0.973644 0 0 0.944433 0 0 0 
0.973174 0.997989 0.946689 0 0.944433 0 0 0 
0.973008 0.99931 0.972279 0 0.944454 0 0.917492 0 
0.973006 0.999291 0.97295 0 0.945187 0 0.945153 0 
0.973663 0.999289 0.972967 0 0.971546 0.972981 0.997277 0.974282 
0.998696 0.999288 0.972968 0 0.97186 0.972952 0.998582 0.999304 
0.99995 0.999288 0.972968 0 0.945241 0 0.973643 0.99931 
0.999982 0.999289 0.972968 0 0.944681 0 0.973004 0.99929 
0.999981 0.999295 0.972969 0 0.945209 0 0.973647 0.999321 
0.999983 0.999296 0.972969 0 0.97156 0.973592 0.998699 0.999952 
0.999998 0.99929 0.972974 0 0.972914 0.998643 0.999952 0.999998 
1 0.999293 0.973002 0 0.972967 0.999288 0.999982 1 
1 0.999258 0.972358 0 0.972968 0.999289 0.999981 1 
1 0.998837 0.953229 0 0.972968 0.999288 0.999981 0.999999 
1 0.973058 0 0 0.972968 0.999288 0.999981 0.999998 
0.999981 0.952618 0 0 0.972968 0.999288 0.999979 0.999948 
0.999287 0 0 0 0.972968 0.999291 0.999931 0.998661 
0.972968 0.946756 0 0 0.972973 0.999364 0.999307 0.973643 
0 0.972316 0 0 0.972966 0.999256 0.999252 0.972983 
0 0.973626 0 0 0.972912 0.998589 0.998573 0.97293 
0.972238 0.997985 0.94669 0 0.97154 0.972892 0.972236 0 
0.972987 0.999223 0.972277 0 0.945188 0 0.945956 0 
0.97367 0.998722 0.973011 0 0.944531 0 0.971525 0.972919 
0.998615 0.976138 0.976832 0 0.946005 0 0.971504 0.972895 
0.997974 0 0.972349 0.972878 0.971593 0 0.945185 0 
0.947456 0 0.972913 0.997927 0.972896 0 0.944454 0 
0 0 0.972947 0.998559 0.972946 0 0.944413 0 
0 0 0.972952 0.998585 0.972949 0 0.943682 0 
0 0 0.972963 0.998578 0.972948 0 0.917444 0 
0 0 0.972952 0.998575 0.972948 0 0 0 
0 0 0.973028 0.998578 0.972948 0 0 0 
0 0 0.974719 0.998653 0.972949 0 0 0 
0 0 0.972339 0.998554 0.97293 0 0.91746 0 
0 0 0.946669 0.997216 0.972202 0 0.943793 0 
0 0 0 0.971451 0.945952 0 0.944445 0 
0 0 0 0.944434 0 0 0.944618 0 
0 0 0 0.917465 0 0 0.944658 0 
0 0 0 0 0 0 0.944456 0 
0 0 0 0 0 0.944412 0.944433 0 
0 0 0 0.917514 0 0.943682 0 0 
0 0 0 0.94367 0 0.917444 0 0 
0 0 0 0.943663 0 0 0 0 
0 0 0 0.917451 0 0 0 0 
0 0 0 0 0 0 0 0 
0 0 0 0 0 0 0 0 
