0 0 0 0 0 0 0 0 
0 0 0 0 0 0 0 0 
0 0 0 0 0 0 0 0 
0 0 0 0 0 0 0 0 
0 0 0 0 0 0 0 0 
0 0 0 0 0 0 0 0 
0 0 0 0 0 0 0 0 
0 0 0 0 0 0 0 0 
0 0 0 0 0 0 0 0 
0 0 0 0 0 0 0 0 
0 0 0 0 0 0 0 0 
0 0 0 0 0 0 0 0 
0 0 0 0 0 0 0 0 
0 0 0 0 0 0 0 0 
0 0 0 0 0 0 0 0 
0 0 0 0 0 0 0 0 
0 0 0 0 0 0 0 0 
0 0 0 0 0 0 0 0 
0 0 0 0 0 0 0 0 
0 0 0 0 0 0 0 0 
0 0 0 0 0 0 0 0 
0 0 0 0 0 0 0 0 
0 0 0 0 0 0 0 0 
0 0 0 0 0 0 0 0 
0 0 0 0 0 0 0 0 
0 0 0 0 0 0 0 0 
0 0 0 0 0 0 0 0 
0 0 0 0 0 0 0 0 
0 0 0 0 0 0 0 0 
0 0 0 0 0 0 0 0 
0 0 0 0 0 0 0 0 
0 0 0 0 0 0 0 0 
0 0 0 0 0 0 0 0 
0 0 0 0 0 0 0 0 
0 0 0 0 0 0 0 0 
0 0 0 0 0 0 0 0 
0 0 0 0 0 0 0 0 
0 0 0 0 0 0 0 0 
0 0 0 0 0 0 0 0 
0 0 0 0 0 0 0 0 
0 0 0 0 0 0 0 0 
0 0 0 0 0 0 0 0 
0 0 0 0 0 0 0 0 
0 0 0 0 0 0 0 0 
0 0 0 0 0 0 0 0 
0 0 0 0 0 0 0 0 
0 0 0 0 0 0 0 0 
0 0 0 0 0 0 0 0 
0.93198 0.96241 0.965256 0.964795 0.964868 0.967973 0.958293 0.958213 
0.997341 0.998906 0.998919 0.998995 0.99915 0.998954 0.999013 0.998984 
0.999918 0.999971 0.999971 0.999973 0.999978 0.999973 0.999974 0.999973 
0.999997 0.999999 0.999999 0.999999 0.999999 0.999999 0.999999 0.999999 
1 1 1 1 1 1 1 1 
1 1 1 1 1 1 1 1 
1 1 1 1 1 1 1 1 
1 1 1 1 1 1 1 1 
1 1 1 1 1 1 1 1 
1 1 1 1 1 1 1 1 
1 1 1 1 1 1 1 1 
1 1 1 1 1 1 1 1 
1 1 1 1 1 1 1 1 
1 1 1 1 1 1 1 1 
1 1 1 1 1 1 1 1 
1 1 1 1 1 1 1 1 
1 1 1 1 1 1 1 1 
1 1 1 1 1 1 1 1 
1 1 1 1 1 1 1 1 
1 1 1 1 1 1 1 1 
1 1 1 1 1 1 1 1 
1 1 1 1 1 1 1 1 
1 1 1 1 1 1 1 1 
1 1 1 1 1 1 1 1 
1 1 1 1 1 1 1 1 
1 1 1 1 1 1 1 1 
1 1 1 1 1 1 1 1 
1 1 1 1 1 1 1 1 
1 1 1 1 0.999999 0.999987 0.999999 1 
1 1 1 0.999997 0.999955 0.999419 0.999956 0.999998 
0.999999 1 0.999997 0.999934 0.998693 0.974326 0.998749 0.999952 
0.999981 0.999997 0.999933 0.998674 0.973593 0 0.974551 0.999323 
0.999287 0.999948 0.998659 0.973592 0.971653 0 0.972295 0.997882 
0.972968 0.999272 0.972956 0 0.955607 0 0.945937 0.970785 
0 0.997971 0.946723 0 0.944534 0 0 0.918305 
0 0.972955 0 0 0.944435 0 0 0 
0 0.946764 0 0 0.944412 0 0 0 
0 0 0 0 0.943682 0 0 0 
0.948246 0 0 0 0.917445 0 0 0 
0.972373 0 0 0 0 0 0 0 
0.972952 0 0 0 0 0 0.946092 0.971541 
0.972236 0 0.917444 0 0 0 0.972252 0.972313 
0 0 0.943661 0 0.945994 0.972899 0.998022 0.978049 
0 0 0.943661 0 0.972273 0.998589 0.999225 0.973099 
0 0 0.917444 0 0.981609 0.999286 0.999301 0.973647 
0 0 0 0 0.973081 0.999294 0.999929 0.99861 
0.972227 0 0 0 0.972289 0.99924 0.999924 0.998608 
0.972218 0 0 0 0.946692 0.999011 0.999223 0.973638 
0 0 0 0 0 0.947382 0.997318 0.972916 
0 0 0 0 0 0 0.973522 0.972303 
0 0 0 0 0.944513 0.945885 0.996673 0.973503 
0 0 0 0 0.945884 0 0.974238 0.99662 
0.944433 0 0 0.954745 0.996695 0.97435 0.998278 0.972881 
0 0 0 0.972319 0.999184 0.99923 0.997313 0.946692 
0 0 0 0.972929 0.999216 0.998004 0.947639 0 
0 0 0 0.972255 0.99854 0.973603 0 0 
0 0 0 0.94665 0.996604 0.972839 0 0 
0 0 0 0 0.946592 0.970133 0 0 
0 0 0 0 0 0.918221 0 0 
0 0 0 0 0 0 0 0 
0 0.97295 0.946013 0 0 0 0 0 
0 0.998642 0.972899 0 0 0 0 0 
0 0.999915 0.997969 0.946756 0 0 0 0 
0 0.999981 0.999313 0.973576 0 0 0 0 
0.946763 0.999998 0.999937 0.998068 0.947388 0 0 0 
0.972924 1 0.999996 0.999888 0.997358 0.947364 0 0.934 
0.996748 1 1 0.999994 0.999867 0.997324 0.946697 0 
0.973627 1 1 0.999999 0.999978 0.999255 0.972954 0 
0.97368 1 1 1 1 0.999949 0.998684 0.974377 
0.998703 1 1 1 1 0.999998 0.999955 0.999832 
0.999956 1 1 1 1 1 0.999998 0.999988 
0.999998 1 1 1 1 1 1 1 
1 1 1 1 1 1 1 1 
1 1 1 1 1 1 1 1 
1 1 1 1 1 1 1 1 
1 1 1 1 1 1 1 1 
1 1 1 1 1 1 1 1 
1 1 1 1 1 1 1 1 
1 1 1 1 1 1 1 1 
1 1 1 1 1 1 1 1 
1 1 1 1 1 1 1 1 
1 1 1 1 1 1 1 1 
1 1 1 1 1 1 1 1 
1 1 1 1 1 1 1 1 
1 1 1 1 1 1 1 1 
1 1 1 1 1 1 1 1 
1 1 1 1 1 1 1 1 
1 1 1 1 1 1 1 1 
1 1 1 1 1 1 0.999998 0.999984 
0.999999 1 1 1 1 0.999998 0.999951 0.999355 
0.999957 1 1 1 0.999998 0.999951 0.998695 0.974326 
0.99883 1 1 1 0.999983 0.999326 0.973634 0 
0.976052 1 1 0.999999 0.999979 0.999245 0.972334 0 
0.973077 1 1 0.999998 0.999931 0.99797 0.946696 0 
0.972299 1 1 0.99998 0.999274 0.972962 0 0 
0.946745 1 0.999998 0.999934 0.998012 0.947 0 0 
0 0.999982 0.999981 0.999326 0.973651 0 0 0.945946 
0.972252 0.999293 0.999934 0.999316 0.972991 0 0 0.970336 
0.972222 0.972968 0.998626 0.999238 0.972967 0 0 0.918248 
0 0 0.972941 0.998562 0.973023 0 0 0 
0 0 0.946761 0.997369 0.980905 0 0 0 
0 0 0 0.973555 0.997359 0.946651 0 0 
0 0 0 0.972942 0.998475 0.971561 0 0 
0.919096 0 0 0.972213 0.997251 0.94665 0 0 
0 0 0 0.94606 0.972023 0 0 0 
0 0 0 0 0.954096 0 0 0 
0 0 0 0 0.94449 0.944465 0 0 
0 0 0.91665 0 0 0.944438 0 0 
0 0 0.91665 0 0 0.944456 0 0.894371 
0 0 0 0 0 0.945363 0 0 
0 0 0 0 0.946112 0.977937 0 0 
0 0 0 0 0.971534 0.971746 0 0 
0 0 0.91665 0 0.978329 0.94755 0 0.888868 
0 0 0.91665 0 0.945232 0 0 0 
0 0 0 0 0.944492 0 0.917473 0 
0 0 0 0 0.94444 0 0.943893 0 
0 0 0 0 0.944454 0 0.944793 0 
0 0 0 0 0.945167 0 0.94737 0 
0 0.928781 0 0 0.970863 0.973503 0.997387 0.973614 
0.972968 0 0 0 0.946632 0.997348 0.999835 0.999318 
0.999288 0 0 0 0 0.974232 0.999347 0.999966 
0.999981 0 0 0 0.918999 0.996736 0.999884 1 
0.999987 0 0 0.918335 0 0.979816 0.999399 0.999938 
0.999456 0 0.918289 0.972464 0 0.972452 0.999641 0.998645 
0.972974 0.94705 0 0.945964 0 0.948224 0.996718 0.97352 
0 0.972999 0 0.971553 0.946641 0 0.946615 0.970882 
0 0.99868 0.974324 0.998717 0.996743 0.947299 0 0.945882 
0 0.999949 0.999312 0.99865 0.974169 0.995347 0.946559 0.970202 
0 0.999987 0.999899 0.973668 0 0.946625 0 0.946676 
0 0.999986 0.999329 0.973673 0 0.972258 0.972896 0.971612 
0 0.999999 0.99996 0.998898 0.975029 0.998672 0.998596 0.972992 
0 1 0.999998 0.999962 0.999401 0.999999 0.999344 0.97461 
0 1 1 0.999999 0.999985 0.999981 0.999324 0.973721 
0 1 1 1 1 0.999998 0.99995 0.998663 
0.972968 1 1 1 1 1 0.999997 0.999949 
0.999287 1 1 1 1 1 1 0.999998 
0.999981 1 1 1 1 1 1 1 
0.999999 1 1 1 1 1 0.999999 0.999983 
0.999981 1 1 1 1 1 0.99996 0.999331 
0.999287 1 1 1 0.999999 0.999961 0.998878 0.973733 
0.972968 1 1 1 0.999984 0.999387 0.974909 0 
0 0.999981 0.999998 0.999999 0.999981 0.999292 0.973054 0 
0 0.999287 0.999949 0.999997 0.999981 0.999286 0.972953 0 
0.919096 0.972968 0.998737 0.99995 0.999976 0.999224 0.972315 0 
0 0 0.979891 0.999393 0.999868 0.997363 0.947206 0 
0 0 0.97306 0.999224 0.997998 0.947384 0 0 
0 0 0.972933 0.998611 0.97359 0 0 0 
0 0 0.972253 0.998475 0.972271 0 0 0 
0 0 0.946633 0.995926 0.946638 0 0 0 
0 0.946038 0 0.945869 0 0.917485 0 0 
0.947401 0.946022 0 0.944519 0 0.945057 0 0.918979 
0.996006 0 0 0.944479 0.945806 0.993872 0.918916 0 
0.973822 0 0 0 0 0.946496 0 0 
0.972337 0 0 0 0 0.969408 0.918208 0 
0.946747 0.946745 0 0 0.944463 0.945214 0 0 
0 0.972297 0 0 0.944434 0 0 0 
0.946745 0.972986 0 0 0.944433 0 0 0 
0.972298 0.973646 0 0 0.944433 0 0 0 
0.972975 0.998031 0.947372 0 0.944433 0 0 0 
0.972989 0.999269 0.972631 0 0.944454 0 0.917488 0 
0.973005 0.999294 0.973047 0 0.945185 0 0.945153 0 
0.973664 0.999445 0.979809 0 0.971505 0.972879 0.997297 0.974686 
0.998727 0.999293 0.973036 0 0.971515 0.972911 0.99858 0.999334 
0.999952 0.999293 0.972968 0 0.945189 0 0.973738 0.999309 
0.999981 0.999374 0.972972 0 0.944482 0 0.976802 0.999384 
0.999983 0.999293 0.972968 0 0.945188 0 0.973741 0.999324 
0.999983 0.999288 0.972968 0 0.971559 0.973589 0.998678 0.99997 
0.999999 0.999291 0.972968 0 0.972914 0.998641 0.999933 0.999998 
1 0.999889 0.972955 0 0.972966 0.999272 0.99998 0.999999 
1 0.999319 0.972302 0 0.972968 0.999287 0.999981 1 
1 0.998013 0.946923 0 0.972968 0.999287 0.999981 0.999999 
1 0.972978 0 0 0.972968 0.999288 0.999981 0.999998 
0.999981 0.94697 0 0 0.972968 0.999293 0.999979 0.999948 
0.999287 0 0 0 0.972973 0.999398 0.999964 0.998661 
0.972968 0.946746 0 0 0.972968 0.999277 0.999303 0.973643 
0 0.972314 0 0 0.972966 0.999263 0.999258 0.972985 
0 0.973626 0 0 0.972924 0.998872 0.998651 0.972971 
0.972691 0.997984 0.946689 0 0.971541 0.972905 0.972242 0 
0.973021 0.999224 0.972274 0 0.945187 0 0.945956 0 
0.973662 0.998718 0.972934 0 0.944479 0 0.971524 0.97291 
0.998612 0.974995 0.972486 0 0.945216 0 0.971504 0.972893 
0.99797 0 0.972271 0.972877 0.971543 0 0.945185 0 
0.947455 0 0.972915 0.997927 0.972894 0 0.944453 0 
0 0 0.972991 0.998561 0.972946 0 0.944412 0 
0 0 0.973546 0.998615 0.972949 0 0.943682 0 
0 0 0.972993 0.998577 0.972948 0 0.917445 0 
0 0 0.97295 0.998574 0.972948 0 0 0 
0 0 0.972955 0.998575 0.972948 0 0 0 
0 0 0.972984 0.998579 0.972948 0 0 0 
0 0 0.972262 0.998524 0.972927 0 0.917447 0 
0 0 0.946668 0.997214 0.972201 0 0.943721 0 
0 0 0 0.971451 0.945953 0 0.944802 0 
0 0 0 0.944434 0 0 0.944477 0 
0 0 0 0.917467 0 0 0.944507 0 
0 0 0 0 0 0 0.945437 0 
0 0 0 0 0 0.944414 0.944496 0 
0 0 0 0.917447 0 0.943682 0 0 
0 0 0 0.943661 0 0.917445 0 0 
0 0 0 0.943661 0 0 0 0 
0 0 0 0.917444 0 0 0 0 
0 0 0 0 0 0 0 0 
0 0 0 0 0 0 0 0 
