0 0 0 0 0 0 0 0 
0 0 0 0 0 0 0 0 
0 0 0 0 0 0 0 0 
0 0 0 0 0 0 0 0 
0 0 0 0 0 0 0 0 
0 0 0 0 0 0 0 0 
0 0 0 0 0 0 0 0 
0 0 0 0 0 0 0 0 
0 0 0 0 0 0 0 0 
0 0 0 0 0 0 0 0 
0 0 0 0 0 0 0 0 
0 0 0 0 0 0 0 0 
0 0 0 0 0 0 0 0 
0 0 0 0 0 0 0 0 
0 0 0 0 0 0 0 0 
0 0 0 0 0 0 0 0 
0 0 0 0 0 0 0 0 
0 0 0 0 0 0 0 0 
0 0 0 0 0 0 0 0 
0 0 0 0 0 0 0 0 
0 0 0 0 0 0 0 0 
0 0 0 0 0 0 0 0 
0 0 0 0 0 0 0 0 
0 0 0 0 0 0 0 0 
0 0 0 0 0 0 0 0 
0 0 0 0 0 0 0 0 
0 0 0 0 0 0 0 0 
0 0 0 0 0 0 0 0 
0 0 0 0 0 0 0 0 
0 0 0 0 0 0 0 0 
0 0 0 0 0 0 0 0 
0 0 0 0 0 0 0 0 
0 0 0 0 0 0 0 0 
0 0 0 0 0 0 0 0 
0 0 0 0 0 0 0 0 
0 0 0 0 0 0 0 0 
0 0 0 0 0 0 0 0 
0 0 0 0 0 0 0 0 
0 0 0 0 0 0 0 0 
0 0 0 0 0 0 0 0 
0 0 0 0 0 0 0 0 
0 0 0 0 0 0 0 0 
0 0 0 0 0 0 0 0 
0 0 0 0 0 0 0 0 
0 0 0 0 0 0 0 0 
0 0 0 0 0 0 0 0 
0 0 0 0 0 0 0 0 
0 0 0 0 0 0 0 0 
0.95294 0.961207 0.940479 0.96795 0.960469 0.94242 0.97025 0.966655 
0.996077 0.998901 0.998912 0.999032 0.998912 0.998918 0.999217 0.999167 
0.999877 0.999972 0.999973 0.999974 0.999973 0.999974 0.999981 0.999982 
0.999997 0.999999 0.999999 0.999999 0.999999 0.999999 1 1 
1 1 1 1 1 1 1 1 
1 1 1 1 1 1 1 1 
1 1 1 1 1 1 1 1 
1 1 1 1 1 1 1 1 
1 1 1 1 1 1 1 1 
1 1 1 1 1 1 1 1 
1 1 1 1 1 1 1 1 
1 1 1 1 1 1 1 1 
1 1 1 1 1 1 1 1 
1 1 1 1 1 1 1 1 
1 1 1 1 1 1 1 1 
1 1 1 1 1 1 1 1 
1 1 1 1 1 1 1 1 
1 1 1 1 1 1 1 1 
1 1 1 1 1 1 1 1 
1 1 1 1 1 1 1 1 
1 1 1 1 1 1 1 1 
1 1 1 1 1 1 1 1 
1 1 1 1 1 1 1 1 
1 1 1 1 1 1 1 1 
1 1 1 1 1 1 1 1 
1 1 1 1 1 1 1 1 
1 1 1 1 1 1 1 1 
1 1 1 1 1 1 1 1 
1 1 1 1 0.999998 0.999984 0.999999 1 
1 1 1 0.999997 0.999951 0.999355 0.999951 0.999997 
0.999999 1 0.999997 0.999934 0.998693 0.97432 0.998694 0.999949 
0.999981 0.999997 0.999934 0.998675 0.973591 0 0.973624 0.99927 
0.99929 0.999952 0.998753 0.973593 0.971577 0 0.972239 0.997897 
0.972988 0.999382 0.976932 0 0.945187 0 0.945935 0.97078 
0 0.997973 0.946806 0 0.944454 0 0 0.91824 
0 0.972955 0 0 0.944433 0 0 0 
0.919096 0.946764 0 0 0.944412 0 0 0 
0 0 0 0 0.943682 0 0 0 
0.946801 0 0 0 0.917445 0 0 0 
0.972304 0 0 0 0 0 0 0 
0.972956 0 0 0 0 0 0.94605 0.971536 
0.972238 0 0.917542 0 0 0 0.972277 0.972227 
0 0 0.945973 0 0.946145 0.973438 0.998052 0.972922 
0 0 0.943899 0 0.974964 0.998727 0.99924 0.972984 
0 0 0.921489 0 0.97331 0.999282 0.999303 0.973642 
0 0 0 0 0.972977 0.999286 0.999929 0.998616 
0.97222 0 0 0 0.972275 0.999221 0.999932 0.998739 
0.972241 0 0 0 0.946672 0.9974 0.999208 0.973646 
0 0 0 0 0 0.952989 0.997419 0.972918 
0 0 0 0 0 0 0.973553 0.972303 
0 0 0 0 0.944527 0.946024 0.998334 0.973532 
0 0 0 0 0.945884 0 0.974206 0.996614 
0.944433 0 0 0.946652 0.996638 0.974246 0.99796 0.972863 
0 0 0 0.972273 0.999186 0.999255 0.997277 0.946686 
0 0 0 0.972968 0.999218 0.997984 0.94738 0 
0 0 0 0.972752 0.998578 0.973603 0 0 
0 0 0 0.946695 0.996693 0.972843 0 0 
0 0 0 0 0.948789 0.970221 0 0 
0 0 0 0 0 0.918223 0 0 
0 0 0 0 0 0 0 0 
0 0.97295 0.946014 0 0 0 0 0 
0 0.998643 0.972925 0 0 0 0 0 
0 0.99994 0.998626 0.946807 0 0 0 0 
0 0.999981 0.999295 0.972946 0 0 0 0 
0.946795 0.999998 0.999933 0.998014 0.947531 0 0 0 
0.972954 1 0.999996 0.999887 0.9974 0.947689 0 0.918998 
0.996633 1 1 0.999994 0.999872 0.997385 0.947109 0 
0.973642 1 1 0.999999 0.999983 0.99926 0.972988 0 
0.97382 1 1 1 0.999999 0.999966 0.998695 0.974474 
0.998726 1 1 1 1 0.999998 0.999952 0.99937 
0.999954 1 1 1 1 1 0.999998 0.999985 
0.999999 1 1 1 1 1 1 1 
1 1 1 1 1 1 1 1 
1 1 1 1 1 1 1 1 
1 1 1 1 1 1 1 1 
1 1 1 1 1 1 1 1 
1 1 1 1 1 1 1 1 
1 1 1 1 1 1 1 1 
1 1 1 1 1 1 1 1 
1 1 1 1 1 1 1 1 
1 1 1 1 1 1 1 1 
1 1 1 1 1 1 1 1 
1 1 1 1 1 1 1 1 
1 1 1 1 1 1 1 1 
1 1 1 1 1 1 1 1 
1 1 1 1 1 1 1 1 
1 1 1 1 1 1 1 1 
1 1 1 1 1 1 1 1 
1 1 1 1 1 1 0.999998 0.999984 
0.999999 1 1 1 1 0.999998 0.999952 0.999355 
0.999951 1 1 1 0.999998 0.999952 0.998708 0.974321 
0.998697 1 1 1 0.999983 0.999334 0.973766 0 
0.973663 1 1 0.999999 0.99998 0.999254 0.972393 0 
0.972988 1 1 0.999998 0.999939 0.998025 0.946783 0 
0.972309 1 1 0.999982 0.999293 0.972942 0 0 
0.94685 1 0.999998 0.999933 0.997995 0.946708 0 0 
0 0.999982 0.999982 0.99933 0.973723 0 0 0.945965 
0.980167 0.999288 0.999941 0.999314 0.973316 0 0 0.970105 
0.972264 0.972968 0.998864 0.999248 0.972997 0 0 0.918222 
0 0 0.97298 0.998562 0.972966 0 0 0 
0 0 0.94716 0.997337 0.973559 0 0 0 
0 0 0 0.973561 0.9973 0.94665 0 0 
0 0 0 0.972943 0.998473 0.971561 0 0 
0.919096 0 0 0.972202 0.997212 0.946648 0 0 
0 0 0 0.945953 0.971471 0 0 0 
0 0 0 0 0.945184 0 0 0 
0 0 0 0 0.944455 0.944439 0 0 
0 0 0.91665 0 0 0.944466 0 0 
0 0 0.91665 0 0 0.944458 0 0.889545 
0 0 0 0 0 0.945167 0 0 
0 0 0 0 0.945927 0.970832 0 0 
0 0 0 0 0.971572 0.972007 0 0 
0 0 0.917924 0 0.970834 0.946322 0 0.888871 
0 0 0.917084 0 0.945187 0 0 0 
0 0 0 0 0.944676 0 0.917468 0 
0 0 0 0 0.94574 0 0.943878 0 
0 0 0 0 0.951458 0 0.944476 0 
0 0 0 0 0.945241 0 0.945913 0 
0 0.919096 0 0 0.970873 0.973528 0.997342 0.973903 
0.972968 0 0 0 0.946659 0.997984 0.99986 0.999343 
0.999287 0 0 0 0 0.976938 0.999438 0.999973 
0.999981 0 0 0 0.918999 0.996747 0.999886 0.999996 
0.999983 0 0 0.918298 0 0.973576 0.999314 0.999936 
0.999365 0 0.91818 0.968681 0 0.972328 0.999176 0.998712 
0.97456 0.946772 0 0.94586 0 0.947174 0.996675 0.973523 
0 0.972975 0 0.971557 0.946784 0 0.946618 0.970896 
0 0.998679 0.974314 0.998534 0.99678 0.948063 0 0.945883 
0 0.999949 0.999307 0.998699 0.975232 0.995457 0.946562 0.970155 
0 0.999981 0.999309 0.973663 0 0.94662 0 0.945924 
0 0.999983 0.999325 0.973673 0 0.972255 0.972894 0.971563 
0 0.999999 0.99996 0.998872 0.974342 0.998627 0.998591 0.972913 
0 1 0.999998 0.999965 0.999417 0.999935 0.99927 0.972983 
0 1 1 0.999999 0.999987 0.999981 0.999321 0.973644 
0 1 1 1 1 0.999998 0.999949 0.998661 
0.972974 1 1 1 1 1 0.999998 0.999954 
0.99941 1 1 1 1 1 1 0.999999 
0.999987 1 1 1 1 1 1 1 
0.999999 1 1 1 1 1 0.999998 0.999983 
0.999982 1 1 1 1 0.999999 0.99995 0.999323 
0.999288 1 1 1 0.999998 0.99995 0.998678 0.973644 
0.972968 1 1 1 0.999983 0.999323 0.973644 0 
0 0.999982 0.999998 0.999999 0.999984 0.999316 0.972987 0 
0 0.999385 0.999951 0.999997 0.999981 0.999288 0.97295 0 
0.919096 0.977366 0.998756 0.99995 0.999976 0.999221 0.972274 0 
0 0 0.973645 0.999317 0.99987 0.997322 0.946671 0 
0 0 0.972983 0.999228 0.998113 0.947387 0 0 
0 0 0.972933 0.99869 0.975888 0 0 0 
0 0 0.972253 0.99848 0.972375 0 0 0 
0 0 0.946635 0.995927 0.946637 0 0 0 
0 0.946018 0 0.945879 0 0.917485 0 0 
0.947433 0.946018 0 0.944477 0 0.945057 0 0.928403 
0.996714 0 0 0.944472 0.945806 0.993873 0.918916 0 
0.973606 0 0 0 0 0.946509 0 0 
0.972313 0 0 0 0 0.969497 0.918215 0 
0.946746 0.946745 0 0 0.944453 0.94514 0 0 
0 0.972297 0 0 0.944433 0 0 0 
0.946746 0.972987 0 0 0.944435 0 0 0 
0.972298 0.973644 0 0 0.944528 0 0 0 
0.972969 0.997985 0.946689 0 0.946814 0 0 0 
0.972987 0.999239 0.972276 0 0.944629 0 0.917488 0 
0.973005 0.999298 0.97296 0 0.945197 0 0.945151 0 
0.973663 0.99929 0.972971 0 0.971521 0.982165 0.997283 0.974281 
0.998696 0.999295 0.973005 0 0.971504 0.972926 0.998576 0.999302 
0.99995 0.99932 0.973358 0 0.945186 0 0.973642 0.999311 
0.999981 0.999291 0.973004 0 0.944476 0 0.973009 0.999461 
0.999987 0.999292 0.97303 0 0.945187 0 0.973645 0.999327 
0.999983 0.999346 0.973901 0 0.97156 0.973593 0.998676 0.99995 
0.999998 0.999295 0.973029 0 0.972926 0.99869 0.999936 0.999997 
1 0.999325 0.972954 0 0.973129 0.999285 0.999981 0.999999 
1 0.999337 0.97228 0 0.979485 0.999415 0.999987 1 
1 0.997973 0.946689 0 0.976724 0.999387 0.999983 0.999999 
1 0.972955 0 0 0.973067 0.99929 0.999987 0.999998 
0.999981 0.946764 0 0 0.972969 0.999288 0.999979 0.99995 
0.999287 0 0 0 0.97297 0.99929 0.999935 0.998718 
0.972968 0.946746 0 0 0.973074 0.999344 0.999362 0.974588 
0 0.972314 0 0 0.976583 0.99937 0.999258 0.973042 
0 0.973645 0 0 0.973106 0.999124 0.998591 0.972932 
0.972237 0.99992 0.946709 0 0.9717 0.975315 0.972357 0 
0.972985 0.999266 0.972276 0 0.945202 0 0.945962 0 
0.97366 0.998657 0.972916 0 0.94452 0 0.971538 0.972912 
0.998612 0.973334 0.972288 0 0.945193 0 0.971506 0.972894 
0.997977 0 0.972259 0.972877 0.971541 0 0.945185 0 
0.947515 0 0.972913 0.997927 0.972894 0 0.944455 0 
0 0 0.972947 0.998558 0.972946 0 0.944423 0 
0 0 0.972948 0.998574 0.972948 0 0.943684 0 
0 0 0.972948 0.998574 0.972948 0 0.917448 0 
0 0 0.972948 0.998574 0.972948 0 0 0 
0 0 0.972947 0.998574 0.972951 0 0 0 
0 0 0.97293 0.998573 0.972948 0 0 0 
0 0 0.972259 0.998528 0.972927 0 0.917445 0 
0 0 0.9467 0.99727 0.972208 0 0.943684 0 
0 0 0 0.971457 0.945955 0 0.944456 0 
0 0 0 0.944435 0 0 0.944953 0 
0 0 0 0.917467 0 0 0.944673 0 
0 0 0 0 0 0 0.947668 0 
0 0 0 0 0 0.944473 0.944591 0 
0 0 0 0.917446 0 0.95158 0 0 
0 0 0 0.94367 0 0.917502 0 0 
0 0 0 0.943663 0 0 0 0 
0 0 0 0.917444 0 0 0 0 
0 0 0 0 0 0 0 0 
0 0 0 0 0 0 0 0 
