0 0 0 0 0 0 0 0 
0 0 0 0 0 0 0 0 
0 0 0 0 0 0 0 0 
0 0 0 0 0 0 0 0 
0 0 0 0 0 0 0 0 
0 0 0 0 0 0 0 0 
0 0 0 0 0 0 0 0 
0 0 0 0 0 0 0 0 
0 0 0 0 0 0 0 0 
0 0 0 0 0 0 0 0 
0 0 0 0 0 0 0 0 
0 0 0 0 0 0 0 0 
0 0 0 0 0 0 0 0 
0 0 0 0 0 0 0 0 
0 0 0 0 0 0 0 0 
0 0 0 0 0 0 0 0 
0 0 0 0 0 0 0 0 
0 0 0 0 0 0 0 0 
0 0 0 0 0 0 0 0 
0 0 0 0 0 0 0 0 
0 0 0 0 0 0 0 0 
0 0 0 0 0 0 0 0 
0 0 0 0 0 0 0 0 
0 0 0 0 0 0 0 0 
0 0 0 0 0 0 0 0 
0 0 0 0 0 0 0 0 
0 0 0 0 0 0 0 0 
0 0 0 0 0 0 0 0 
0 0 0 0 0 0 0 0 
0 0 0 0 0 0 0 0 
0 0 0 0 0 0 0 0 
0 0 0 0 0 0 0 0 
0 0 0 0 0 0 0 0 
0 0 0 0 0 0 0 0 
0 0 0 0 0 0 0 0 
0 0 0 0 0 0 0 0 
0 0 0 0 0 0 0 0 
0 0 0 0 0 0 0 0 
0 0 0 0 0 0 0 0 
0 0 0 0 0 0 0 0 
0 0 0 0 0 0 0 0 
0 0 0 0 0 0 0 0 
0 0 0 0 0 0 0 0 
0 0 0 0 0 0 0 0 
0 0 0 0 0 0 0 0 
0 0 0 0 0 0 0 0 
0 0 0 0 0 0 0 0 
0 0 0 0 0 0 0 0 
0.929907 0.962297 0.965876 0.967345 0.962477 0.967092 0.976225 0.962957 
0.996968 0.998913 0.999001 0.999028 0.99895 0.999165 0.999222 0.998956 
0.999899 0.999971 0.999974 0.999974 0.999975 0.99998 0.999979 0.999974 
0.999997 0.999999 0.999999 0.999999 0.999999 0.999999 0.999999 1 
1 1 1 1 1 1 1 1 
1 1 1 1 1 1 1 1 
1 1 1 1 1 1 1 1 
1 1 1 1 1 1 1 1 
1 1 1 1 1 1 1 1 
1 1 1 1 1 1 1 1 
1 1 1 1 1 1 1 1 
1 1 1 1 1 1 1 1 
1 1 1 1 1 1 1 1 
1 1 1 1 1 1 1 1 
1 1 1 1 1 1 1 1 
1 1 1 1 1 1 1 1 
1 1 1 1 1 1 1 1 
1 1 1 1 1 1 1 1 
1 1 1 1 1 1 1 1 
1 1 1 1 1 1 1 1 
1 1 1 1 1 1 1 1 
1 1 1 1 1 1 1 1 
1 1 1 1 1 1 1 1 
1 1 1 1 1 1 1 1 
1 1 1 1 1 1 1 1 
1 1 1 1 1 1 1 1 
1 1 1 1 1 1 1 1 
1 1 1 1 1 1 1 1 
1 1 1 1 0.999998 0.999985 0.999998 1 
1 1 1 0.999997 0.999954 0.999412 0.999955 0.999998 
1 1 0.999997 0.999936 0.99875 0.97532 0.998753 0.99995 
0.999982 0.999997 0.999933 0.998674 0.973593 0 0.973708 0.999272 
0.999288 0.999948 0.998659 0.97359 0.971578 0 0.974052 0.997956 
0.972968 0.999271 0.972952 0 0.9452 0 0.946123 0.970792 
0 0.997971 0.946707 0 0.944486 0 0 0.918241 
0 0.972987 0 0 0.944438 0 0 0 
0.228579 0.947156 0 0 0.944412 0 0 0 
0 0 0 0 0.943682 0 0 0 
0.946749 0 0 0 0.917445 0 0 0 
0.972307 0 0 0 0 0 0 0 
0.972951 0 0 0 0 0 0.945964 0.971584 
0.972237 0 0.917444 0 0 0 0.972211 0.972225 
0 0 0.943663 0 0.94611 0.972917 0.998021 0.972924 
0 0 0.943743 0 0.972253 0.99859 0.999227 0.972983 
0 0 0.919076 0 0.972953 0.999253 0.999301 0.973642 
0 0 0 0 0.972951 0.999283 0.999928 0.998611 
0.972216 0 0 0 0.9723 0.999222 0.999936 0.998708 
0.972216 0 0 0 0.946968 0.997338 0.999486 0.975437 
0 0 0 0 0 0.947369 0.999815 0.97303 
0 0 0 0 0 0 0.973529 0.972325 
0 0 0 0 0.944513 0.945884 0.996667 0.973506 
0 0 0 0 0.945883 0 0.974176 0.996614 
0.944433 0 0 0.946658 0.99664 0.974244 0.997983 0.972864 
0 0 0 0.972274 0.999189 0.999251 0.997933 0.946711 
0 0 0 0.97293 0.999228 0.999541 0.947416 0 
0 0 0 0.972274 0.998561 0.973828 0 0 
0 0 0 0.946828 0.996623 0.972862 0 0 
0 0 0 0 0.946593 0.970134 0 0 
0 0 0 0 0 0.918221 0 0 
0 0 0 0 0 0 0 0 
0 0.97295 0.946013 0 0 0 0 0 
0 0.998642 0.972901 0 0 0 0 0 
0 0.999916 0.998013 0.947461 0 0 0 0 
0 0.99998 0.999273 0.972986 0 0 0 0 
0.946763 0.999998 0.999932 0.998001 0.947383 0 0 0 
0.972921 1 0.999995 0.999884 0.997356 0.947364 0 0.919016 
0.996658 1 1 0.999994 0.99987 0.997325 0.946709 0 
0.973965 1 1 0.999999 0.999978 0.999255 0.972955 0 
0.973709 1 1 1 0.999998 0.999948 0.998678 0.97432 
0.998698 1 1 1 1 0.999998 0.999951 0.999355 
0.999951 1 1 1 1 1 0.999998 0.999984 
0.999998 1 1 1 1 1 1 1 
1 1 1 1 1 1 1 1 
1 1 1 1 1 1 1 1 
1 1 1 1 1 1 1 1 
1 1 1 1 1 1 1 1 
1 1 1 1 1 1 1 1 
1 1 1 1 1 1 1 1 
1 1 1 1 1 1 1 1 
1 1 1 1 1 1 1 1 
1 1 1 1 1 1 1 1 
1 1 1 1 1 1 1 1 
1 1 1 1 1 1 1 1 
1 1 1 1 1 1 1 1 
1 1 1 1 1 1 1 1 
1 1 1 1 1 1 1 1 
1 1 1 1 1 1 1 1 
1 1 1 1 1 1 1 1 
1 1 1 1 1 1 0.999998 0.999984 
0.999998 1 1 1 1 0.999998 0.999951 0.999355 
0.999951 1 1 1 0.999998 0.99995 0.998695 0.97432 
0.998697 1 1 1 0.999992 0.999321 0.973636 0 
0.973664 1 1 0.999999 0.99998 0.99925 0.972371 0 
0.972987 1 1 0.999998 0.999937 0.998 0.946704 0 
0.972297 1 1 0.999991 0.999322 0.972941 0 0 
0.946745 0.999999 0.999998 0.999935 0.998 0.946709 0 0 
0 0.999981 0.999982 0.999339 0.973739 0 0 0.946594 
0.972216 0.999287 0.999932 0.999289 0.972998 0 0 0.970163 
0.972216 0.972968 0.998655 0.99924 0.972968 0 0 0.918397 
0 0 0.972968 0.998562 0.972965 0 0 0 
0 0 0.947086 0.997333 0.973562 0 0 0 
0 0 0 0.973557 0.997355 0.947605 0 0 
0 0 0 0.972942 0.998477 0.971619 0 0 
0.919096 0 0 0.972202 0.997214 0.94665 0 0 
0 0 0 0.945953 0.971472 0 0 0 
0 0 0 0 0.945193 0 0 0 
0 0 0 0 0.944549 0.946729 0 0 
0 0 0.91665 0 0 0.944527 0 0 
0 0 0.91665 0 0 0.944455 0 0.888878 
0 0 0 0 0 0.945166 0 0 
0 0 0 0 0.95344 0.970853 0 0 
0 0 0 0 0.971525 0.971468 0 0 
0 0 0.91665 0 0.970795 0.945916 0 0.888933 
0 0 0.91665 0 0.945166 0 0 0 
0 0 0 0 0.944453 0 0.918454 0 
0 0 0 0 0.944434 0 0.943924 0 
0 0 0 0 0.944462 0 0.944475 0 
0 0 0 0 0.945241 0 0.945903 0 
0 0.919107 0 0 0.971091 0.973524 0.997315 0.973608 
0.972968 0 0 0 0.946657 0.997355 0.999834 0.999317 
0.999291 0 0 0 0 0.974269 0.999353 0.999966 
0.999981 0 0 0 0.919003 0.996693 0.999968 0.999995 
0.999982 0 0 0.918181 0 0.973673 0.999318 0.999934 
0.999299 0 0.918181 0.968756 0 0.974976 0.999265 0.998704 
0.972969 0.946764 0 0.947749 0 0.946751 0.996707 0.974762 
0 0.972974 0 0.973106 0.948046 0 0.946617 0.970952 
0 0.998681 0.974317 0.998605 0.996726 0.947292 0 0.945925 
0 0.999949 0.999305 0.998642 0.974162 0.995349 0.946619 0.970654 
0 0.999981 0.999306 0.973661 0 0.946616 0 0.945942 
0 0.999983 0.999322 0.973662 0 0.972255 0.972894 0.971561 
0 0.999998 0.99995 0.998696 0.974323 0.998626 0.998591 0.972913 
0 1 0.999998 0.999955 0.999417 0.999935 0.99927 0.972984 
0 1 1 0.999999 0.999987 0.999981 0.999321 0.973644 
0 1 1 1 1 0.999998 0.999949 0.998661 
0.972968 1 1 1 1 1 0.999998 0.999953 
0.999288 1 1 1 1 1 1 0.999999 
0.999983 1 1 1 1 1 1 1 
0.999999 1 1 1 1 1 0.999998 0.999983 
0.999982 1 1 1 1 0.999998 0.999951 0.999322 
0.999297 1 1 1 0.999998 0.999951 0.998686 0.973645 
0.972969 1 1 1 0.999983 0.999323 0.973655 0 
0 0.999981 0.999998 0.999999 0.999982 0.999303 0.973057 0 
0 0.999287 0.999949 0.999997 0.999987 0.999481 0.972968 0 
0.919096 0.972968 0.998662 0.99995 0.999976 0.999231 0.972315 0 
0 0 0.973647 0.999317 0.999868 0.997353 0.947085 0 
0 0 0.972984 0.999226 0.998091 0.947384 0 0 
0 0 0.972932 0.998696 0.978504 0 0 0 
0 0 0.972253 0.998476 0.972365 0 0 0 
0 0 0.946631 0.995924 0.946633 0 0 0 
0 0.946021 0 0.945862 0 0.917511 0 0 
0.947401 0.946033 0 0.944474 0 0.94525 0 0.919191 
0.996001 0 0 0.944472 0.945809 0.993936 0.91892 0 
0.973575 0 0 0 0 0.947144 0 0 
0.972313 0 0 0 0 0.969481 0.918203 0 
0.946746 0.946797 0 0 0.944517 0.945563 0 0 
0 0.980049 0 0 0.944444 0 0 0 
0.947719 0.973038 0 0 0.94446 0 0 0 
0.972356 0.973644 0 0 0.944437 0 0 0 
0.972971 0.997989 0.946769 0 0.944434 0 0 0 
0.972989 0.999314 0.973827 0 0.944454 0 0.921482 0 
0.973101 0.99929 0.973026 0 0.945185 0 0.945283 0 
0.977633 0.999289 0.972973 0 0.971503 0.972879 0.997302 0.974287 
0.99879 0.999289 0.97297 0 0.971503 0.972908 0.99858 0.999303 
0.999951 0.999294 0.973011 0 0.945185 0 0.973642 0.999305 
0.999981 0.999328 0.973531 0 0.944475 0 0.973005 0.99929 
0.999981 0.999291 0.97301 0 0.945187 0 0.973648 0.999321 
0.999983 0.999288 0.972972 0 0.971561 0.973592 0.998702 0.999952 
0.999998 0.999293 0.973043 0 0.972984 0.998645 0.999935 0.999997 
1 0.999357 0.974036 0 0.974286 0.999338 0.999982 0.999999 
1 0.999244 0.972358 0 0.973039 0.999291 0.999985 1 
1 0.997968 0.946693 0 0.972976 0.999289 0.999981 0.999999 
1 0.972955 0 0 0.972969 0.999288 0.999981 0.999998 
0.999981 0.946764 0 0 0.972968 0.999288 0.999979 0.99995 
0.999287 0 0 0 0.972968 0.999286 0.999934 0.998734 
0.972968 0.946969 0 0 0.972967 0.999272 0.999378 0.975263 
0 0.979115 0 0 0.972965 0.999256 0.999285 0.973063 
0 0.97385 0 0 0.972916 0.998629 0.998579 0.972932 
0.972238 0.99799 0.946689 0 0.971584 0.973372 0.972282 0 
0.972985 0.999222 0.972273 0 0.945189 0 0.946015 0 
0.97366 0.998625 0.972913 0 0.944475 0 0.972347 0.973026 
0.998617 0.972951 0.972255 0 0.945187 0 0.97162 0.97394 
0.998029 0 0.972254 0.972893 0.971544 0 0.945189 0 
0.947457 0 0.97293 0.998319 0.97294 0 0.944453 0 
0 0 0.972947 0.998577 0.972968 0 0.944412 0 
0 0 0.972948 0.998575 0.972952 0 0.943682 0 
0 0 0.972948 0.998575 0.972954 0 0.917445 0 
0 0 0.972948 0.998574 0.972949 0 0 0 
0 0 0.972955 0.998575 0.972948 0 0 0 
0 0 0.972987 0.998585 0.972948 0 0 0 
0 0 0.972269 0.998615 0.972933 0 0.917445 0 
0 0 0.94669 0.998851 0.972224 0 0.943682 0 
0 0 0 0.971473 0.945953 0 0.944413 0 
0 0 0 0.944434 0 0 0.944526 0 
0 0 0 0.917467 0 0 0.949709 0 
0 0 0 0 0 0 0.944528 0 
0 0 0 0 0 0.944628 0.944456 0 
0 0 0 0.917548 0 0.943705 0 0 
0 0 0 0.947832 0 0.917446 0 0 
0 0 0 0.943762 0 0 0 0 
0 0 0 0.917445 0 0 0 0 
0 0 0 0 0 0 0 0 
0 0 0 0 0 0 0 0 
