0 0 0 0 0 0 0 0 
0 0 0 0 0 0 0 0 
0 0 0 0 0 0 0 0 
0 0 0 0 0 0 0 0 
0 0 0 0 0 0 0 0 
0 0 0 0 0 0 0 0 
0 0 0 0 0 0 0 0 
0 0 0 0 0 0 0 0 
0 0 0 0 0 0 0 0 
0 0 0 0 0 0 0 0 
0 0 0 0 0 0 0 0 
0 0 0 0 0 0 0 0 
0 0 0 0 0 0 0 0 
0 0 0 0 0 0 0 0 
0 0 0 0 0 0 0 0 
0 0 0 0 0 0 0 0 
0 0 0 0 0 0 0 0 
0 0 0 0 0 0 0 0 
0 0 0 0 0 0 0 0 
0 0 0 0 0 0 0 0 
0 0 0 0 0 0 0 0 
0 0 0 0 0 0 0 0 
0 0 0 0 0 0 0 0 
0 0 0 0 0 0 0 0 
0 0 0 0 0 0 0 0 
0 0 0 0 0 0 0 0 
0 0 0 0 0 0 0 0 
0 0 0 0 0 0 0 0 
0 0 0 0 0 0 0 0 
0 0 0 0 0 0 0 0 
0 0 0 0 0 0 0 0 
0 0 0 0 0 0 0 0 
0 0 0 0 0 0 0 0 
0 0 0 0 0 0 0 0 
0 0 0 0 0 0 0 0 
0 0 0 0 0 0 0 0 
0 0 0 0 0 0 0 0 
0 0 0 0 0 0 0 0 
0 0 0 0 0 0 0 0 
0 0 0 0 0 0 0 0 
0 0 0 0 0 0 0 0 
0 0 0 0 0 0 0 0 
0 0 0 0 0 0 0 0 
0 0 0 0 0 0 0 0 
0 0 0 0 0 0 0 0 
0 0 0 0 0 0 0 0 
0 0 0 0 0 0 0 0 
0 0 0 0 0 0 0 0 
0.0464914 0.00604719 0.0814567 0.396625 0.0889019 0.0884479 0.441435 0.882469 
0.32358 0.0133943 0.144216 0.086718 0.0424936 0.231939 0.192153 0.554459 
0.163833 0.00291582 0.0275736 0.0715057 0.132534 0.515153 0.147387 0.124126 
0.0210517 0.0215544 0.126771 0.0273903 0.024375 0.129538 0.0248462 0.0414524 
0.00791867 0.12563 0.512347 0.141357 0.0156767 0.012191 0.00217652 0.00868332 
0.0867509 0.0264317 0.165991 0.200771 0.0379867 0.0040452 0.00277949 0.0435738 
0.0869362 0.0452539 0.298753 0.610025 0.197735 0.0231915 0.0186206 0.147941 
0.475642 0.150322 0.563919 0.303049 0.057593 0.0647336 0.0970871 0.511336 
0.835825 0.0268914 0.151505 0.052025 0.0952467 0.401309 0.163351 0.225642 
0.597363 0.00238121 0.0166037 0.0427428 0.30556 0.738836 0.562929 0.420654 
0.777076 0.00180231 0.00369078 0.0217963 0.134191 0.556842 0.806435 0.457351 
0.326455 0.0284207 0.0302521 0.109651 0.0657309 0.297559 0.436853 0.140016 
0.100758 0.25488 0.224816 0.525798 0.198214 0.065265 0.10061 0.0243058 
0.0166591 0.705672 0.593532 0.845269 0.527195 0.151126 0.289282 0.100396 
0.12307 0.25588 0.227254 0.527793 0.244327 0.243474 0.583529 0.480051 
0.578074 0.0337759 0.0825794 0.132422 0.148903 0.566717 0.881128 0.871247 
0.889733 0.0589953 0.0497901 0.173928 0.0810259 0.29335 0.739323 0.887735 
0.728545 0.394547 0.289448 0.584447 0.262159 0.0838353 0.294337 0.573726 
0.276243 0.80771 0.619378 0.279154 0.0991653 0.020818 0.0601077 0.128171 
0.0388945 0.470423 0.705338 0.311235 0.303417 0.121607 0.0637208 0.0231607 
0.0125588 0.151647 0.515373 0.435844 0.727211 0.541051 0.137309 0.135322 
0.120981 0.0454393 0.29856 0.670124 0.574989 0.760216 0.340065 0.0551697 
0.0283735 0.0982609 0.507907 0.841928 0.571068 0.404328 0.0978033 0.0102855 
0.00122021 0.0277593 0.208935 0.515455 0.3536 0.295344 0.043238 0.00275078 
0.000129075 0.0416035 0.294454 0.229089 0.511778 0.149385 0.114847 0.00883167 
0.000345397 0.0235998 0.0669176 0.0816723 0.128742 0.0362835 0.152024 0.0147687 
0.00093959 0.046036 0.239728 0.365114 0.106037 0.0132352 0.0152585 0.00232849 
0.0059313 0.241583 0.673949 0.772635 0.355183 0.0507628 0.00560748 0.0150086 
0.0781731 0.39267 0.278537 0.38675 0.101266 0.0116242 0.0148229 0.129145 
0.464001 0.146163 0.0824676 0.314864 0.0508957 0.00827925 0.0676527 0.442873 
0.828445 0.12844 0.0896765 0.0548789 0.00649594 0.00151355 0.0294317 0.129236 
0.464229 0.217492 0.406895 0.0786887 0.00662051 0 0.0180588 0.0162984 
0.0782505 0.0372415 0.0783912 0.0122435 0.0143825 0 0.17203 0.0175028 
0.0062029 0.144691 0.0276028 0 0.143134 0 0.0172075 0.00165158 
0 0.566529 0.128601 0 0.558975 0 0 0.000343196 
0 0.143673 0 0 0.343655 0 0 0 
0 0.012722 0 0 0.673224 0 0 0 
0 0 0 0 0.254667 0 0 0 
0.554126 0 0 0 0.030225 0 0 0 
0.524388 0 0 0 0 0 0 0 
0.123067 0 0 0 0 0 0.482846 0.588115 
0.16819 0 0.381702 0 0 0 0.109879 0.168816 
0 0 0.762386 0 0.270764 0.141461 0.0372137 0.0230344 
0 0 0.386677 0 0.701262 0.581238 0.20182 0.0806237 
0 0 0.0632123 0 0.57889 0.83771 0.540156 0.427244 
0 0 0 0 0.23497 0.522414 0.476248 0.782856 
0.382503 0 0 0 0.157094 0.129525 0.228528 0.544344 
0.153404 0 0 0 0.0197982 0.0848193 0.409053 0.169993 
0 0 0 0 0 0.0165714 0.11836 0.0548001 
0 0 0 0 0 0 0.346439 0.295468 
0 0 0 0 0.128962 0.329216 0.755091 0.466967 
0 0 0 0 0.508963 0 0.606812 0.693962 
0.24066 0 0 0.470406 0.806551 0.435808 0.201638 0.252099 
0 0 0 0.600088 0.477042 0.137271 0.028401 0.0381941 
0 0 0 0.151455 0.0952528 0.0667037 0.00761649 0 
0 0 0 0.0265887 0.113253 0.374862 0 0 
0 0 0 0.106012 0.419402 0.744977 0 0 
0 0 0 0 0.104256 0.343846 0 0 
0 0 0 0 0 0.0482863 0 0 
0 0 0 0 0 0 0 0 
0 0.0862411 0.0201624 0 0 0 0 0 
0 0.530564 0.189276 0 0 0 0 0 
0 0.932683 0.652057 0.211642 0 0 0 0 
0 0.672979 0.858117 0.578793 0 0 0 0 
0.0693718 0.543024 0.857465 0.7916 0.333236 0 0 0 
0.253028 0.625177 0.567066 0.536799 0.173154 0.236482 0 0.219512 
0.700655 0.903387 0.616703 0.516479 0.332263 0.654671 0.231453 0 
0.251946 0.878177 0.652598 0.806659 0.450342 0.280391 0.0746104 0 
0.0440249 0.479199 0.457691 0.470208 0.146302 0.0802496 0.209038 0.0675196 
0.178552 0.351783 0.73916 0.40766 0.0830656 0.209369 0.653759 0.313001 
0.612558 0.0855144 0.32481 0.0966237 0.0182382 0.0652374 0.2241 0.0710353 
0.177635 0.0232753 0.135811 0.0723129 0.055355 0.231786 0.252824 0.0535451 
0.0196097 0.0987352 0.480176 0.411486 0.304906 0.66961 0.676983 0.226616 
0.0254048 0.0604938 0.400301 0.773651 0.380759 0.262817 0.247509 0.0981887 
0.0141208 0.010553 0.0985294 0.358539 0.14138 0.0492204 0.119017 0.38992 
0.0946208 0.00110341 0.0132834 0.0971182 0.330124 0.0961715 0.336587 0.739086 
0.33167 0.00114525 0.00242325 0.0189467 0.0537319 0.016306 0.0909006 0.336457 
0.0963301 0.0322847 0.0194104 0.110573 0.0216921 0.00857577 0.0601276 0.115765 
0.130175 0.0683808 0.118302 0.481324 0.114255 0.0755561 0.0814869 0.426785 
0.580442 0.452497 0.112382 0.119427 0.0405724 0.141643 0.167772 0.553347 
0.883002 0.774985 0.34229 0.0705137 0.136804 0.547097 0.443919 0.33454 
0.704435 0.387314 0.462851 0.148269 0.111329 0.496523 0.778478 0.569604 
0.83493 0.44722 0.805603 0.454492 0.226222 0.604197 0.453915 0.2055 
0.439371 0.205248 0.626031 0.374057 0.0825009 0.190775 0.156296 0.0446703 
0.0710138 0.0441764 0.210511 0.147318 0.0475482 0.239474 0.472702 0.161096 
0.0245888 0.128113 0.451087 0.484756 0.169845 0.474497 0.820565 0.495311 
0.0923826 0.404836 0.789465 0.495664 0.10496 0.191544 0.531539 0.181459 
0.0917793 0.125644 0.425103 0.142225 0.0403028 0.205467 0.122799 0.0959672 
0.444412 0.0588692 0.325359 0.0957081 0.0280444 0.0273451 0.0141669 0.0518589 
0.284986 0.144669 0.474931 0.405053 0.21715 0.0706918 0.0247027 0.201536 
0.680284 0.441801 0.831134 0.743316 0.64124 0.183843 0.0210379 0.0419499 
0.229416 0.18033 0.582144 0.36206 0.369572 0.0821717 0.00764638 0 
0.0242365 0.0275707 0.158828 0.315803 0.665705 0.234017 0.0262101 0 
0.00140481 0.0234294 0.17382 0.490892 0.338202 0.0679063 0.00604369 0 
0.00010482 0.107238 0.51034 0.822646 0.479907 0.0887911 0 0 
0.000589329 0.213934 0.587036 0.547869 0.17728 0.0226677 0 0 
0 0.535173 0.850828 0.562968 0.127769 0 0 0.492685 
0.116571 0.202345 0.537141 0.223963 0.0300282 0 0 0.117198 
0 0.0281674 0.116831 0.068054 0.00874919 0 0 0.00996433 
0 0 0.0507371 0.292694 0.0534069 0 0 0 
0 0 0.0233001 0.259749 0.180587 0 0 0 
0 0 0 0.668411 0.665454 0.163535 0 0 
0 0 0 0.498522 0.794395 0.130087 0 0 
0.178286 0 0 0.0889778 0.412214 0.105411 0 0 
0 0 0 0.00816852 0.0765051 0 0 0 
0 0 0 0 0.128636 0 0 0 
0 0 0 0 0.0428898 0.0591684 0 0 
0 0 0.636731 0 0 0.376684 0 0 
0 0 0.244707 0 0 0.762538 0 0.291482 
0 0 0 0 0 0.597624 0 0 
0 0 0 0 0.572626 0.639832 0 0 
0 0 0 0 0.338164 0.205071 0 0 
0 0 0.490669 0 0.661085 0.0171633 0 0.186381 
0 0 0.118006 0 0.238166 0 0 0 
0 0 0 0 0.0685893 0 0.274259 0 
0 0 0 0 0.319113 0 0.0638971 0 
0 0 0 0 0.719741 0 0.0206481 0 
0 0 0 0 0.320184 0 0.0725648 0 
0 0.219683 0 0 0.11008 0.44686 0.449349 0.274093 
0.571241 0 0 0 0.0759747 0.452874 0.80885 0.66107 
0.886969 0 0 0 0 0.32399 0.471841 0.438264 
0.828528 0 0 0 0.376797 0.664697 0.334055 0.235993 
0.370839 0 0 0.230008 0 0.281207 0.499483 0.557292 
0.171361 0 0.229416 0.641705 0 0.0486164 0.10873 0.143779 
0.0271015 0.0454569 0 0.235837 0 0.00892718 0.0095055 0.0144311 
0 0.311374 0 0.1128 0.429274 0 0.00507851 0.0194653 
0 0.131968 0.0495449 0.0187237 0.100075 0.0150228 0 0.18302 
0 0.503576 0.164679 0.0452309 0.0144477 0.0771273 0.197465 0.598329 
0 0.644632 0.520376 0.17793 0 0.380018 0 0.185633 
0 0.51804 0.820932 0.532323 0 0.0716913 0.0175505 0.0809612 
0 0.218807 0.493293 0.175954 0.0305007 0.11336 0.107902 0.024655 
0 0.455404 0.230215 0.0830138 0.060445 0.264159 0.526684 0.142121 
0 0.0818253 0.0766076 0.345629 0.306274 0.714359 0.840703 0.30129 
0 0.0104861 0.0885867 0.246249 0.57681 0.870598 0.727346 0.242114 
0.131457 0.00264434 0.0271697 0.158839 0.274181 0.663828 0.662421 0.21947 
0.0425465 0.022309 0.122844 0.531425 0.360686 0.769596 0.834608 0.465391 
0.181396 0.175902 0.0409247 0.128515 0.121926 0.488236 0.485495 0.241961 
0.557141 0.553231 0.120716 0.0204972 0.0147601 0.08311 0.0873017 0.0388695 
0.132394 0.510192 0.151185 0.0158427 0.0113395 0.00766072 0.0113573 0.0470659 
0.0118511 0.824869 0.233761 0.0539594 0.11293 0.0214327 0.0416555 0.00585772 
0.000755664 0.461249 0.113789 0.164704 0.512979 0.125356 0.318914 0 
0 0.0784334 0.0779755 0.278876 0.569266 0.262568 0.521852 0 
0 0.0156547 0.125866 0.534556 0.546246 0.105655 0.180294 0 
0.0759679 0.00217601 0.0287895 0.191439 0.132466 0.0150654 0.01383 0 
0 0 0.0641061 0.459134 0.0928035 0.00650457 0.000780879 0 
0 0 0.0921318 0.573876 0.0914254 0.0047517 0 0 
0 0 0.235185 0.871842 0.229821 0 0 0 
0 0 0.214435 0.815984 0.183725 0 0 0 
0 0 0.0550146 0.422748 0.0532581 0 0 0 
0 0.173587 0 0.0691952 0 0.127516 0 0 
0.0732927 0.0150353 0 0.00442969 0 0.311292 0 0.139666 
0.533024 0 0 0.00551264 0.113324 0.715129 0.125757 0 
0.179914 0 0 0 0 0.306551 0 0 
0.0120215 0 0 0 0 0.0330331 0.101361 0 
0.00147252 0.106298 0 0 0.100625 0.00764763 0 0 
0 0.704765 0 0 0.719541 0 0 0 
0.416892 0.23318 0 0 0.328251 0 0 0 
0.0719913 0.0460771 0 0 0.0280531 0 0 0 
0.00389882 0.333269 0.0709022 0 0.0319784 0 0 0 
0.000220404 0.0645194 0.473509 0 0.383889 0 0.115552 0 
0.00181114 0.0914962 0.810425 0 0.0973054 0 0.529037 0 
0.0230721 0.0344176 0.481283 0 0.0387964 0.0910724 0.820126 0.116775 
0.190814 0.0115043 0.0953904 0 0.0511323 0.050834 0.560694 0.14399 
0.645893 0.0715477 0.0404975 0 0.539103 0 0.39011 0.591643 
0.847969 0.777889 0.0562025 0 0.148967 0 0.317692 0.216094 
0.647148 0.231997 0.0231679 0 0.0560173 0.0552431 0.695116 0.157158 
0.182231 0.0886123 0.238073 0 0.308404 0.0386128 0.381982 0.602805 
0.202082 0.0456426 0.639481 0.0700926 0.748722 0.0492781 0.131483 0.47609 
0.313229 0.0107944 0.235451 0.0305766 0.318513 0.182605 0.0428585 0.186798 
0.174373 0.00116444 0.027008 0.00525451 0.0397361 0.0145653 0.0487162 0.206731 
0.522764 4.59177e-05 0.00136703 0.018786 0.0138784 0.0305875 0.290949 0.534075 
0.153737 2.36348e-06 0.000105293 0.0027758 0.0178008 0.0858946 0.710276 0.845149 
0.248465 4.89865e-05 0.000658204 0.0300377 0.509437 0.677546 0.553824 0.560949 
0.155898 0.00350719 0.000137396 0.00522906 0.133274 0.323186 0.7236 0.352832 
0.000782175 0.170645 0 0.00141301 0.0157091 0.571642 0.380042 0.0701405 
0 0.745322 6.79836e-05 0.0013341 0.00240396 0.159158 0.0913493 0.00879447 
0.000628175 0.332985 1.77929e-05 0.000286643 0.00130339 0.0378989 0.267153 2.01743e-05 
0.106679 0.141884 0.00459766 0.000622903 0.0209082 0.0114091 0.675539 0 
0.214276 0.647104 0.0151207 0.00866964 0.112104 0 0.269805 0 
0.830898 0.110745 0.170805 0 0.634493 0 0.027122 0 
0.500766 6.49004e-05 0.59766 0.000527319 0.371723 0 0.0263209 0 
0.0911433 0 0.633346 0.0207424 0.0667881 0 0.146985 0 
0.00119649 0 0.225271 0.00964623 0.0852676 0 0.742423 0 
0 0 0.317073 0.0441443 0.0500806 0 0.355184 0 
0 0 0.734786 0.2504 0.339339 0 0.0331558 0 
0 0 0.444211 0.746171 0.773326 0 0.000227583 0 
0 0 0.194493 0.837164 0.692773 0 0 0 
0 0 0.0833053 0.609439 0.223248 0 0 0 
0 0 0.143338 0.805044 0.153027 0 0 0 
0 0 0.155299 0.836303 0.154505 0 0.596021 0 
0 0 0 0.502559 0.00135101 0 0.27084 0 
0 0 0 0.0993134 0 0 0.712603 0 
0 0 0 0.00551454 0 0 0.537413 0 
0 0 0 0 0 0 0.783365 0 
0 0 0 0 0 0 0.405433 0 
0 0 0 0 0 0.764388 0.126914 0 
0 0 0 0.00186564 0 0.185732 0 0 
0 0 0 0.804512 0 0 0 0 
0 0 0 0.522226 0 0 0 0 
0 0 0 0.0392793 0 0 0 0 
0 0 0 0 0 0 0 0 
0 0 0 0 0 0 0 0 
