0 0 0 0 0 0 0 0 
0 0 0 0 0 0 0 0 
0 0 0 0 0 0 0 0 
0 0 0 0 0 0 0 0 
0 0 0 0 0 0 0 0 
0 0 0 0 0 0 0 0 
0 0 0 0 0 0 0 0 
0 0 0 0 0 0 0 0 
0 0 0 0 0 0 0 0 
0 0 0 0 0 0 0 0 
0 0 0 0 0 0 0 0 
0 0 0 0 0 0 0 0 
0 0 0 0 0 0 0 0 
0 0 0 0 0 0 0 0 
0 0 0 0 0 0 0 0 
0 0 0 0 0 0 0 0 
0 0 0 0 0 0 0 0 
0 0 0 0 0 0 0 0 
0 0 0 0 0 0 0 0 
0 0 0 0 0 0 0 0 
0 0 0 0 0 0 0 0 
0 0 0 0 0 0 0 0 
0 0 0 0 0 0 0 0 
0 0 0 0 0 0 0 0 
0 0 0 0 0 0 0 0 
0 0 0 0 0 0 0 0 
0 0 0 0 0 0 0 0 
0 0 0 0 0 0 0 0 
0 0 0 0 0 0 0 0 
0 0 0 0 0 0 0 0 
0 0 0 0 0 0 0 0 
0 0 0 0 0 0 0 0 
0 0 0 0 0 0 0 0 
0 0 0 0 0 0 0 0 
0 0 0 0 0 0 0 0 
0 0 0 0 0 0 0 0 
0 0 0 0 0 0 0 0 
0 0 0 0 0 0 0 0 
0 0 0 0 0 0 0 0 
0 0 0 0 0 0 0 0 
0 0 0 0 0 0 0 0 
0 0 0 0 0 0 0 0 
0 0 0 0 0 0 0 0 
0 0 0 0 0 0 0 0 
0 0 0 0 0 0 0 0 
0 0 0 0 0 0 0 0 
0 0 0 0 0 0 0 0 
0 0 0 0 0 0 0 0 
0.00877686 0.000785004 0.0169986 0.150857 0.0158577 0.0168843 0.165259 0.458289 
0.100617 0.00204228 0.0435407 0.017497 0.00650447 0.0674388 0.0432151 0.24647 
0.0335272 0.000283946 0.00404966 0.0184529 0.0319588 0.240757 0.0347114 0.0276791 
0.00302776 0.00343257 0.0306752 0.00400547 0.00379674 0.0316905 0.00373457 0.0015088 
0.000706993 0.030567 0.237238 0.0336392 0.0023024 0.0018902 0.00021943 0.000699177 
0.0232087 0.00405806 0.0387351 0.0521576 0.00643641 0.000476876 0.000200004 0.0024078 
0.016854 0.00772221 0.0853546 0.315778 0.048976 0.00371162 0.00262785 0.0319149 
0.173799 0.0378898 0.272713 0.0838921 0.00967893 0.0119836 0.0195515 0.20491 
0.606261 0.00445977 0.0380358 0.00868902 0.0184616 0.145393 0.0346243 0.0466922 
0.244234 0.000275356 0.00262955 0.00783559 0.0946682 0.455205 0.232429 0.137227 
0.488606 0.000209635 0.000434196 0.00330453 0.028801 0.23048 0.568303 0.166452 
0.0960846 0.00471949 0.00483153 0.0246371 0.0110303 0.0913558 0.160103 0.0300568 
0.0242627 0.069137 0.0546451 0.222049 0.0478521 0.0108494 0.02019 0.00344948 
0.00216855 0.390084 0.26306 0.646041 0.222074 0.0328391 0.0862357 0.0189247 
0.0266027 0.0692224 0.0548848 0.22263 0.0524566 0.0605144 0.258978 0.169326 
0.244758 0.00537085 0.0200691 0.0288116 0.0334162 0.251643 0.697943 0.637931 
0.699033 0.010892 0.00782837 0.0438643 0.0140007 0.0808516 0.411719 0.706111 
0.386851 0.128635 0.0770667 0.289955 0.0797176 0.0147421 0.0815001 0.257429 
0.0750879 0.541364 0.288165 0.0736348 0.0150088 0.00265176 0.00735908 0.029926 
0.00660265 0.170559 0.401416 0.0868908 0.0904921 0.0248865 0.0155332 0.00296465 
0.00163427 0.0333284 0.21369 0.141422 0.436085 0.224432 0.0280944 0.0293121 
0.0344194 0.00719678 0.0794113 0.343931 0.227105 0.488754 0.110912 0.0100325 
0.0017121 0.0217792 0.20693 0.633414 0.241358 0.133031 0.0194963 0.00142555 
9.04404e-05 0.00432234 0.0497375 0.209187 0.104749 0.0949572 0.00660796 0.000245722 
7.77202e-06 0.00793131 0.101396 0.0567629 0.229596 0.0338199 0.0315033 0.00106992 
1.97793e-05 0.00106483 0.0123119 0.0151135 0.0300115 0.00563462 0.0466473 0.00230492 
8.56624e-05 0.0077671 0.0640751 0.121513 0.021413 0.00178349 0.00236972 0.000222363 
0.00081923 0.0649786 0.369483 0.511765 0.118797 0.0100243 0.000716101 0.00215558 
0.0154382 0.141639 0.0747122 0.128609 0.0204775 0.00162853 0.00212055 0.027225 
0.167229 0.0360422 0.0147754 0.110249 0.00965693 0.0010995 0.0135536 0.167276 
0.588806 0.0328301 0.01848 0.0102295 0.000777041 0.000136418 0.00211597 0.0271886 
0.167435 0.0656311 0.163265 0.017066 0.000903229 0 0.00286436 0.00227468 
0.015449 0.00585171 0.016979 0.00176583 0.00237663 0 0.0508248 0.0028167 
0.000844784 0.0332161 0.00423859 0 0.0359552 0 0.00291176 0.000153873 
0 0.259535 0.0309985 0 0.276758 0 0.00146374 7.93952e-05 
0 0.0331097 0 0 0.108151 0 0 0 
0 0.00189837 0 0 0.399403 0 0 0 
0 0 0 0 0.0762829 0 0 0.0410577 
0.242928 0 0 0 0.00564141 0 0.00229361 0 
0.217256 0 0 0 0.000304259 0 0.0229905 0 
0.0258355 0 0 0 0 0 0.206987 0.295861 
0.0431835 0 0.136646 0 0 0 0.0242138 0.0433121 
0 0 0.533165 0 0.0814855 0.0317854 0.00577703 0.00362326 
0 0 0.138574 0 0.409921 0.254787 0.048245 0.0159468 
0 0 0.0134914 0 0.254445 0.626377 0.2211 0.151939 
0 0 0 0 0.0609737 0.212951 0.170897 0.532305 
0.134662 0 0 0 0.0460754 0.0272411 0.0543088 0.240326 
0.0350456 0 0 0 0.00297877 0.018037 0.162754 0.0397726 
0.00369472 0 0 0 0.000248678 0.00267499 0.0254951 0.00932288 
0 0 0 0 0.00199588 0 0.111929 0.0954733 
0 0 0 0 0.0281447 0.107634 0.483552 0.169369 
0 0 0 0 0.218121 0 0.286698 0.397404 
0.0704684 0 0 0.177909 0.574874 0.16303 0.0470423 0.0723374 
0 0 0 0.30088 0.178943 0.0291608 0.0041833 0.00742955 
0.0488082 0 0 0.0370217 0.0186842 0.0123534 0.00129031 0 
0 0 0 0.00373497 0.0227091 0.131294 0 0 
0 0 0 0.0264186 0.155291 0.48924 0 0 
0 0 0 0.00174683 0.0214811 0.114885 0 0 
0 0 0 0 0 0.00968262 0 0 
0 0.000816523 0 1.705e-05 0 0 0 0 
0 0.0166478 0.00293404 0.000288403 0 0 0.0374911 0 
0 0.206199 0.0430807 0.00482557 0 0 0 6.69278e-05 
0 0.852182 0.312183 0.0506369 0.00424981 0 0 2.26507e-05 
0 0.320813 0.640065 0.250814 0.0311819 0 0 0.000575591 
0.016213 0.213319 0.636616 0.520278 0.107994 0.0129967 0.00150615 0.00823649 
0.0680539 0.275482 0.224525 0.217036 0.0362856 0.0675012 0.0132244 0.0613458 
0.393883 0.731019 0.269179 0.194354 0.0954287 0.364888 0.0664781 0.0128147 
0.0679924 0.664038 0.290923 0.566254 0.165164 0.0799201 0.0136531 0.00187011 
0.00718604 0.170083 0.146988 0.172952 0.0316232 0.0142719 0.0561314 0.011813 
0.04346 0.112186 0.467469 0.142102 0.0153683 0.0561767 0.345351 0.0912361 
0.293639 0.016883 0.103503 0.0188164 0.00238694 0.0114694 0.0597482 0.0122927 
0.0433343 0.0034142 0.030247 0.0132024 0.0093864 0.0628008 0.0694284 0.0092805 
0.00296824 0.0221784 0.200717 0.139249 0.0767699 0.368285 0.379362 0.0631326 
0.00438894 0.0114732 0.135969 0.526018 0.125611 0.071151 0.0677784 0.0187859 
0.00192145 0.00145152 0.0197112 0.119316 0.0295835 0.00776113 0.0236221 0.138659 
0.0190122 0.000110774 0.00182788 0.0199945 0.121526 0.0197368 0.109488 0.475378 
0.1086 2.63815e-05 0.000248102 0.0027355 0.0108486 0.00222818 0.0179688 0.109499 
0.0191925 0.000591774 0.0028517 0.0261006 0.00325377 0.000676478 0.014824 0.0233031 
0.0279896 0.0125527 0.0272362 0.214245 0.0264521 0.0189671 0.0153137 0.157432 
0.247136 0.162654 0.02135 0.027395 0.00635246 0.032999 0.0370178 0.226413 
0.695823 0.490977 0.105401 0.0123746 0.0321981 0.2496 0.15529 0.0875374 
0.346466 0.11949 0.170867 0.032098 0.0215108 0.183965 0.517448 0.237667 
0.583597 0.165309 0.567628 0.167637 0.0578709 0.299637 0.162526 0.0462966 
0.152519 0.0507985 0.310749 0.126532 0.0147244 0.0471054 0.0339312 0.00682675 
0.0136397 0.00696939 0.0511743 0.0314831 0.00702632 0.0653103 0.183328 0.0366052 
0.00375142 0.0275779 0.163821 0.199028 0.039056 0.183659 0.6 0.201825 
0.0195749 0.145948 0.54614 0.196177 0.0205907 0.0438046 0.229292 0.0413754 
0.0185633 0.0269947 0.152402 0.0302594 0.00646411 0.0648015 0.0262988 0.0190998 
0.171297 0.0103825 0.106942 0.017674 0.00414476 0.00429225 0.00187294 0.00853587 
0.0755104 0.0320227 0.177896 0.138632 0.0552546 0.00630007 0.00378836 0.0539009 
0.368235 0.166284 0.593068 0.439864 0.332914 0.0474127 0.00332498 0.00710746 
0.0601308 0.0427061 0.268605 0.10542 0.113756 0.0150377 0.00097407 0 
0.00392999 0.00414293 0.0353331 0.0896324 0.373569 0.0664528 0.00468489 0.000222836 
0.000161314 0.00357645 0.0394516 0.190859 0.0991224 0.012271 0.000784254 0 
1.1218e-05 0.0228015 0.202549 0.602719 0.187148 0.0190508 0.00125974 0.00161719 
0.000131995 0.0528321 0.256073 0.22108 0.0405477 0.00356731 0.00331431 0.0283918 
0 0.230079 0.65744 0.243959 0.0288375 0.0034023 0.0285027 0.225831 
0.0283351 0.0501478 0.231138 0.051611 0.00485572 0.000452027 0.00314436 0.0284395 
0.00312622 0.00466341 0.0264969 0.0126153 0.00107592 6.26738e-05 0.000169776 0.00157369 
0.000167383 0.000577177 0.00960917 0.102149 0.0099306 0.000523036 2.72788e-05 5.69429e-05 
0 0 0.0033188 0.0677876 0.0399118 0.00422335 0.000261138 1.45357e-05 
0 0 0 0.366589 0.347368 0.0398376 0.00265824 0 
0 0 0 0.194921 0.555974 0.0219324 0.00471371 0 
0.0538578 0 0 0.0139828 0.15006 0.0252618 0.00122856 0 
0 0 0 0.000765734 0.0155837 0.00164996 0.000115624 0 
0 0 0.0159354 0 0.039055 0.00238235 0.000132457 0 
0 0 0 0 0.002104 0.0119505 0.00163562 0.000136742 
0 0 0.363421 0 0 0.13316 0.016121 0 
0 0 0.0648745 0 0 0.525832 0 0.100571 
0 0 0 0 0 0.282753 0.00298671 0.00849477 
0 0 0 0 0.275335 0.333302 0.00910781 0.00139411 
0 0 0 0 0.102827 0.0527034 0.00441289 0.00396206 
0 0 0.226724 0 0.375971 0 0.00589554 0.0614658 
0.00370389 0 0.0288534 0 0.0692701 0 0.00825878 0.0040425 
0.000229208 0 0 0 0.0133998 0 0.0981743 0 
4.09131e-05 0 0 0 0.104086 0 0.00835304 0.00036402 
7.26839e-05 0 0 0 0.46482 0 0.00459965 0.000115124 
0.00153809 0 0 0 0.104406 0 0.014994 0.00612877 
0.0261982 0.0689729 0 0 0.0223904 0.177494 0.162621 0.0694095 
0.241819 2.18473e-05 2.45989e-05 0 0.0153857 0.163798 0.572688 0.3199 
0.687496 7.97388e-10 0 4.23203e-05 0 0.0858762 0.16513 0.142805 
0.565029 5.03029e-05 0.000963435 0.0147891 0.137481 0.369562 0.0947256 0.0558978 
0.114571 0.000582866 0 0.0667998 0 0.0800471 0.209124 0.262383 
0.0412784 0.00495229 0.0663393 0.368073 0 0.00964984 0.0237471 0.0349655 
0.00422808 0.00828576 0.00992987 0.0677557 0 0.00198317 0.00132874 0.00214517 
0.000240496 0.104949 0.00918798 0.0250359 0.18175 0 0.00107801 0.00331033 
0.000228789 0.0269643 0.00332264 0.00248807 0.0202744 0.00249355 0.00650084 0.0493745 
0 0.2012 0.0368421 0.00419798 0.00210316 0.0152109 0.0500606 0.314007 
0 0.312817 0.20715 0.0413678 0 0.152318 0 0.0496641 
0.00525981 0.206258 0.596849 0.231451 0.0229256 0.0140458 0.00237614 0.0140496 
0.000416265 0.051414 0.196956 0.0402592 0.00465939 0.0296892 0.023505 0.00363489 
0.000310512 0.179657 0.062465 0.0151178 0.0101222 0.0694397 0.223838 0.032773 
0.00300849 0.0163517 0.0137514 0.124488 0.0836005 0.380386 0.62844 0.0868582 
0.0121215 0.00120347 0.0227874 0.0681936 0.250276 0.679765 0.395106 0.0619522 
0.0373909 0.000251377 0.00386528 0.0357913 0.0694986 0.317898 0.322305 0.0524837 
0.00650637 0.00314998 0.0289932 0.247708 0.109819 0.478677 0.607377 0.176494 
0.0433514 0.0442596 0.00601961 0.0298952 0.0245389 0.193385 0.185863 0.0596418 
0.244358 0.240351 0.0267693 0.00301815 0.00191365 0.0168914 0.0181751 0.00581026 
0.0299217 0.18716 0.0366149 0.00212982 0.00173248 0.000983925 0.00138012 0.0131833 
0.00146932 0.59095 0.0593402 0.0100649 0.0261402 0.00328624 0.0076736 0.000670884 
6.09593e-05 0.166072 0.0232661 0.0398064 0.226416 0.0234594 0.108972 0.00819846 
0.000323371 0.015478 0.0167072 0.0784035 0.258838 0.0717685 0.240019 0.0168137 
0.00119179 0.00235532 0.0296976 0.240766 0.244301 0.0185376 0.0492854 0.0148894 
0.0209575 0.000221833 0.00427123 0.0457845 0.029702 0.00177186 0.00176957 0.000176546 
0.000465756 0.000445229 0.0112525 0.187949 0.019081 0.000771238 5.74539e-05 2.86148e-06 
5.16575e-06 0.000827067 0.0157041 0.258042 0.0151867 0.000400421 7.55427e-06 1.29029e-07 
3.96594e-08 0.00874826 0.0576239 0.726802 0.0558168 0.00147972 2.39686e-05 2.85351e-07 
5.26209e-08 0.00142448 0.0394776 0.594635 0.0400658 0.00104281 1.70388e-05 4.85068e-07 
4.44889e-06 0.00224188 0.00808527 0.157901 0.00779996 0.00138877 4.63459e-05 2.29698e-05 
0.000290639 0.045738 0.00272338 0.0146204 0.00195282 0.0357804 0.00130831 0.00125061 
0.0123832 0.00208623 0.000111724 0.000480657 0.00431349 0.0997214 0.00527696 0.0356665 
0.239837 4.64913e-05 7.08597e-06 0.000411706 0.0214707 0.450342 0.0212573 0.00261734 
0.045952 5.04083e-06 6.40383e-07 5.11961e-05 0.00345338 0.0986711 0.00447755 0.000144288 
0.00125253 0.000349461 1.07908e-05 5.71698e-06 0.00041099 0.00450714 0.0236188 0.000647222 
0.000102906 0.0180499 0.000563727 0 0.0171454 0.000559795 0.000653178 0.000209847 
0.00503213 0.402628 0.0141569 0.00755697 0.466585 0.0143962 0.000321318 0.00625 
0.160381 0.0605834 0.0018647 0.00165356 0.109196 0.00292496 4.62508e-05 0.000472981 
0.0141729 0.00569611 0.000267095 6.03595e-05 0.00348532 9.07727e-05 1.30931e-05 1.16807e-05 
0.000350403 0.116098 0.00978674 0.000184812 0.00360521 7.47027e-05 0.000767964 2.15433e-05 
1.66756e-05 0.00702732 0.196317 0.00228831 0.154592 0.00289379 0.0274812 0.000721401 
0.000255903 0.0106277 0.606883 0.00686978 0.0230074 0.00294775 0.236614 0.00423585 
0.00409786 0.00218892 0.197471 0.00292243 0.00879448 0.00991359 0.63053 0.0155626 
0.0474151 0.00149408 0.0213337 0.000455973 0.00567465 0.00493849 0.243827 0.0156104 
0.309726 0.0053278 0.00963288 0.00262451 0.264362 0.00362805 0.131744 0.27345 
0.748027 0.528111 0.00125505 0.000527184 0.0377259 0.00222699 0.0960407 0.0461105 
0.307933 0.0567763 0.000887491 0.000147592 0.0104927 0.00292356 0.423683 0.0228005 
0.0421984 0.0208915 0.0691115 0.000366518 0.097562 0.00182895 0.124952 0.301898 
0.050578 0.00130711 0.374164 0 0.53987 0 0.02832 0.1921 
0.102919 0 0.0685277 0.00166307 0.0998657 0.0549384 0.00638927 0.049402 
0.0321635 1.99081e-05 0.00491959 0.000556428 0.00740148 0.000924477 0.00804848 0.0495607 
0.224683 0 3.24418e-05 1.9385e-05 0 0.00477468 0.0821245 0.226377 
0.0297005 0 0 0.000409608 0 0 0.408518 0.65002 
0.0644205 0 0 0.00111385 0.223119 0.379569 0.211194 0.238693 
0.0381495 0 0 0 0.0299706 0.0808262 0.440855 0.111377 
0 0.0371515 0 0.000312843 0 0.280823 0.124056 0.0113928 
0 0.470539 0 0.000354731 0 0.0403045 0.017479 0.000990068 
0 0.0995693 0 5.89105e-05 0 0.00595146 0.0805391 0 
0.027917 0.0265144 0 6.61557e-05 0.00115923 0 0.404533 0 
0.0480832 0.339042 0 0.00128914 0.0233411 0 0.0831193 0 
0.628857 0.0208731 0.0440787 0 0.354805 0 0.00423809 0 
0.190351 0 0.295728 0 0.135344 0 0.00578373 0 
0.0186029 0 0.341727 0 0.0136949 0 0.0317687 0 
0 0 0.0610204 0 0.0245176 0 0.510107 0 
0 0 0.1002 0.00574386 0.0089806 0 0.122546 0 
0 0 0.464479 0.0530098 0.110014 0 0.00495032 0 
0 0 0.156012 0.440014 0.500518 0 0 0 
0 0 0.0396879 0.621779 0.376157 0 0 0 
0 0 0.0120472 0.27765 0.0513496 0 0 0 
0 0 0.0267744 0.568636 0.0284057 0 0 0 
0 0 0.0305342 0.646188 0.0301495 0 0.319203 0 
0 0 0.0076134 0.212091 2.71369e-06 0 0.0713876 0 
0 0 0 0.0227114 0 0 0.436694 0 
0 0 0.0114776 0.000528298 0 0 0.224479 0 
0 0 0 0 0 0 0.563886 0 
0 0 0 0 0 0 0.14821 0 
0 0 0 0 0 0.578659 0.018431 0 
0 0 0 0.0166139 0 0.0451895 0 0 
0 0 0 0.629094 0 0.000924676 0 0 
0 0 0 0.229338 0 0 0 0 
0 0 0 0.00363878 0 0 0 0 
0 0 0 0 0 0 0 0 
0 0 0 0 0 0 0 0 
