0 0 0 0 0 0 0 0 
0.0174551 0.0174551 0.0174551 0.0174551 0.0174551 0.0174551 0.0174551 0.0174551 
0.0349101 0.0349101 0.0349101 0.0349101 0.0349101 0.0349101 0.0349101 0.0349101 
0.0523652 0.0523652 0.0523652 0.0523652 0.0523652 0.0523652 0.0523652 0.0523652 
0.0698203 0.0698203 0.0698203 0.0698203 0.0698203 0.0698203 0.0698203 0.0698203 
0.0872753 0.0872753 0.0872753 0.0872753 0.0872753 0.0872753 0.0872753 0.0872753 
0.10473 0.10473 0.10473 0.10473 0.10473 0.10473 0.10473 0.10473 
0.122185 0.122185 0.122185 0.122185 0.122185 0.122185 0.122185 0.122185 
0.139641 0.139641 0.139641 0.139641 0.139641 0.139641 0.139641 0.139641 
0.157096 0.157096 0.157096 0.157096 0.157096 0.157096 0.157096 0.157096 
0.174551 0.174551 0.174551 0.174551 0.174551 0.174551 0.174551 0.174551 
0.192006 0.192006 0.192006 0.192006 0.192006 0.192006 0.192006 0.192006 
0.209461 0.209461 0.209461 0.209461 0.209461 0.209461 0.209461 0.209461 
0.226916 0.226916 0.226916 0.226916 0.226916 0.226916 0.226916 0.226916 
0.244371 0.244371 0.244371 0.244371 0.244371 0.244371 0.244371 0.244371 
0.261826 0.261826 0.261826 0.261826 0.261826 0.261826 0.261826 0.261826 
0.279281 0.279281 0.279281 0.279281 0.279281 0.279281 0.279281 0.279281 
0.296736 0.296736 0.296736 0.296736 0.296736 0.296736 0.296736 0.296736 
0.314191 0.314191 0.314191 0.314191 0.314191 0.314191 0.314191 0.314191 
0.331646 0.331646 0.331646 0.331646 0.331646 0.331646 0.331646 0.331646 
0.349101 0.349101 0.349101 0.349101 0.349101 0.349101 0.349101 0.349101 
0.366556 0.366556 0.366556 0.366556 0.366556 0.366556 0.366556 0.366556 
0.384011 0.384011 0.384011 0.384011 0.384011 0.384011 0.384011 0.384011 
0.401466 0.401466 0.401466 0.401466 0.401466 0.401466 0.401466 0.401466 
0.418922 0.418922 0.418922 0.418922 0.418922 0.418922 0.418922 0.418922 
0.436377 0.436377 0.436377 0.436377 0.436377 0.436377 0.436377 0.436377 
0.453832 0.453832 0.453832 0.453832 0.453832 0.453832 0.453832 0.453832 
0.471287 0.471287 0.471287 0.471287 0.471287 0.471287 0.471287 0.471287 
0.486232 0.496224 0.490783 0.492486 0.488524 0.491206 0.49527 0.490792 
0.501579 0.502314 0.501896 0.502147 0.501606 0.502108 0.502153 0.502096 
0.514488 0.523517 0.518324 0.520285 0.516348 0.519225 0.522187 0.518743 
0.528044 0.528623 0.528117 0.528657 0.527915 0.528646 0.528274 0.528719 
0.538854 0.546993 0.541976 0.544193 0.540366 0.543297 0.545352 0.54283 
0.550799 0.550888 0.550524 0.551169 0.550501 0.551234 0.550496 0.551425 
0.559701 0.567031 0.56224 0.564541 0.560958 0.563797 0.56523 0.563359 
0.570157 0.56964 0.569587 0.570138 0.569736 0.570297 0.569348 0.570596 
0.577276 0.583873 0.579381 0.581607 0.57837 0.580986 0.582039 0.580566 
0.586311 0.585161 0.585548 0.585856 0.585833 0.586092 0.585086 0.586473 
0.591725 0.597679 0.593532 0.595586 0.592738 0.595037 0.595909 0.594617 
0.599376 0.597617 0.598505 0.598498 0.598886 0.598776 0.597833 0.599213 
0.603119 0.608542 0.604718 0.606578 0.604093 0.606053 0.606882 0.605623 
0.609387 0.607082 0.608453 0.60813 0.608894 0.608428 0.607609 0.608911 
0.611455 0.61648 0.61289 0.614593 0.612395 0.614068 0.614918 0.61363 
0.616311 0.613548 0.615332 0.614733 0.615802 0.615056 0.614357 0.615582 
0.616676 0.62144 0.617971 0.619581 0.617575 0.61905 0.61993 0.618611 
0.620084 0.616938 0.619073 0.618248 0.619546 0.618607 0.617989 0.619172 
0.618712 0.623329 0.619894 0.621467 0.619574 0.620926 0.621827 0.620484 
0.620646 0.617162 0.619625 0.6186 0.620078 0.619005 0.618425 0.619595 
0.617518 0.622069 0.618613 0.620183 0.618349 0.619618 0.620545 0.619166 
0.617972 0.614157 0.61696 0.615735 0.617369 0.61619 0.615621 0.61679 
0.613081 0.617631 0.614111 0.615691 0.613885 0.615087 0.616064 0.614623 
0.612078 0.607918 0.611083 0.609647 0.611428 0.610161 0.60958 0.610761 
0.605442 0.610058 0.606415 0.608026 0.606221 0.607368 0.608425 0.606894 
0.60304 0.598517 0.602065 0.600412 0.602334 0.600999 0.600375 0.601591 
0.594711 0.599489 0.595637 0.597318 0.595478 0.596591 0.597757 0.596111 
0.591034 0.586123 0.59008 0.588215 0.590266 0.588894 0.58817 0.589471 
0.581119 0.586194 0.582007 0.583814 0.581893 0.582996 0.584303 0.582521 
0.576372 0.571033 0.575438 0.573363 0.575528 0.574154 0.573255 0.574714 
0.565038 0.570603 0.565896 0.567898 0.565838 0.566955 0.568457 0.566509 
0.559531 0.553676 0.558606 0.556306 0.558568 0.557232 0.556059 0.557783 
0.546989 0.55336 0.547826 0.550113 0.547828 0.548985 0.550782 0.548618 
0.541157 0.534633 0.540213 0.537653 0.539978 0.538744 0.537148 0.539309 
0.527613 0.535479 0.528438 0.531207 0.528507 0.529787 0.532029 0.529597 
0.522063 0.514714 0.521041 0.518245 0.520464 0.51953 0.517197 0.520172 
0.507477 0.519039 0.508314 0.512327 0.508536 0.510375 0.513135 0.510595 
0.503011 0.495415 0.501787 0.499421 0.500673 0.500901 0.496838 0.501796 
0.485503 0.511372 0.486496 0.496034 0.487967 0.492688 0.49509 0.494141 
0.482797 0.481319 0.481111 0.484364 0.480443 0.485409 0.476169 0.487445 
0.444238 0.571089 0.446963 0.49338 0.462588 0.482242 0.478289 0.490667 
0.457885 0.513294 0.45605 0.473821 0.464224 0.470564 0.462277 0.47689 
0.478397 0.455097 0.475347 0.451846 0.476713 0.433475 0.553073 0.435912 
0.46698 0.449277 0.460058 0.449451 0.465014 0.443896 0.498957 0.446581 
0.466367 0.425818 0.49083 0.43614 0.46472 0.435314 0.496836 0.436128 
0.456981 0.431737 0.466829 0.43979 0.454124 0.442199 0.467134 0.442929 
0.438694 0.442716 0.434674 0.453869 0.43807 0.452622 0.427874 0.452715 
0.453089 0.432146 0.44575 0.441729 0.44452 0.444441 0.435702 0.443042 
0.441546 0.440754 0.431297 0.451485 0.438667 0.44762 0.422993 0.447555 
0.514914 0.410727 0.469055 0.430007 0.45883 0.434423 0.448973 0.421866 
0.486456 0.435199 0.44985 0.451989 0.451884 0.445675 0.438837 0.43823 
0.4737 0.423806 0.526572 0.428515 0.475671 0.443936 0.455111 0.444355 
0.47274 0.454248 0.490667 0.473437 0.464852 0.461828 0.45004 0.458067 
0.464777 0.468331 0.478412 0.476664 0.478455 0.475106 0.461247 0.473497 
0.470092 0.506437 0.451579 0.59446 0.451207 0.504427 0.455901 0.49281 
0.479804 0.501264 0.483355 0.553753 0.494815 0.507334 0.480906 0.500896 
0.513978 0.524073 0.503167 0.519508 0.509714 0.509749 0.497605 0.504611 
0.521826 0.514049 0.543405 0.507344 0.594033 0.512458 0.525206 0.517437 
0.606152 0.602686 0.531611 0.522159 0.573127 0.524299 0.538379 0.51567 
0.591742 0.56495 0.633711 0.53203 0.542096 0.607502 0.535061 0.541651 
0.562638 0.553358 0.610272 0.538969 0.556065 0.588835 0.545461 0.559515 
0.561724 0.569415 0.559778 0.564888 0.552439 0.567771 0.561053 0.566734 
0.55334 0.559354 0.569006 0.557256 0.561019 0.571364 0.560143 0.572031 
0.556187 0.56502 0.54541 0.568633 0.555477 0.562889 0.566406 0.571542 
0.549678 0.555774 0.557853 0.555847 0.559309 0.564816 0.560299 0.570316 
0.550264 0.556112 0.538255 0.561863 0.551353 0.555773 0.561956 0.564475 
0.542206 0.545357 0.55045 0.544733 0.551779 0.552814 0.552306 0.558846 
0.53959 0.540996 0.527951 0.548111 0.540683 0.540955 0.550338 0.548162 
0.530064 0.525738 0.546357 0.523685 0.539463 0.532491 0.537957 0.539147 
0.524739 0.517305 0.51601 0.528748 0.524459 0.518246 0.532907 0.52357 
0.521218 0.482667 0.599671 0.479676 0.530859 0.500857 0.521521 0.511616 
0.500441 0.491634 0.522902 0.535657 0.492031 0.499246 0.503386 0.501364 
0.46095 0.499777 0.471787 0.51183 0.476339 0.498744 0.466162 0.547621 
0.467306 0.469335 0.466461 0.471294 0.472525 0.471534 0.47148 0.501768 
0.456057 0.462549 0.44331 0.45593 0.460324 0.458734 0.460299 0.458712 
0.448339 0.439865 0.436766 0.436844 0.448272 0.442597 0.452915 0.44866 
0.43086 0.452516 0.418087 0.432374 0.436343 0.437834 0.436889 0.430923 
0.427178 0.432753 0.416284 0.425302 0.427476 0.429607 0.432686 0.433132 
0.388482 0.53867 0.381646 0.443312 0.413475 0.440951 0.412951 0.441809 
0.409657 0.490036 0.403122 0.435682 0.419779 0.43422 0.424825 0.443313 
0.431886 0.442853 0.423673 0.433965 0.433384 0.436968 0.432262 0.431298 
0.438485 0.450711 0.432313 0.444164 0.438599 0.445621 0.443806 0.453451 
0.455797 0.445082 0.448229 0.453161 0.457345 0.45772 0.454886 0.450841 
0.46227 0.46813 0.458901 0.471325 0.463951 0.475142 0.468223 0.489843 
0.483883 0.47523 0.478281 0.483496 0.492557 0.490151 0.483728 0.486542 
0.469746 0.513444 0.48391 0.511287 0.489542 0.522132 0.478983 0.598748 
0.515184 0.508062 0.519598 0.502691 0.573441 0.513023 0.517501 0.556965 
0.536766 0.524845 0.533453 0.524354 0.562976 0.529667 0.544656 0.537295 
0.55039 0.536643 0.541991 0.546254 0.545053 0.552504 0.545283 0.544648 
0.557905 0.545813 0.553663 0.550975 0.556374 0.554126 0.563602 0.544307 
0.602251 0.538063 0.562526 0.556118 0.552717 0.559047 0.564433 0.535421 
0.583723 0.5458 0.56088 0.554515 0.555334 0.556274 0.568672 0.542915 
0.547421 0.554358 0.546234 0.563152 0.53857 0.561238 0.547664 0.54761 
0.545109 0.541346 0.542687 0.545585 0.537021 0.547027 0.54823 0.544132 
0.512176 0.545179 0.512182 0.575349 0.506303 0.548104 0.518147 0.534899 
0.499432 0.524581 0.509007 0.539237 0.502815 0.529442 0.505726 0.569344 
0.480623 0.516007 0.495616 0.502451 0.492483 0.510492 0.486903 0.529447 
0.50215 0.475497 0.501282 0.476069 0.490738 0.47883 0.503237 0.471218 
0.447567 0.534957 0.46004 0.470102 0.46672 0.478295 0.462153 0.481052 
0.546217 0.44537 0.540018 0.425344 0.489415 0.435575 0.511128 0.41462 
0.505713 0.432281 0.510371 0.428703 0.474649 0.443686 0.474817 0.431398 
0.49218 0.43897 0.481169 0.433922 0.488056 0.416962 0.577785 0.408329 
0.48541 0.437213 0.486353 0.440858 0.483101 0.442182 0.526084 0.434374 
0.487242 0.453992 0.477257 0.458107 0.493146 0.449287 0.543683 0.44085 
0.493821 0.462409 0.496509 0.470084 0.498556 0.472827 0.523531 0.464718 
0.497499 0.488618 0.491665 0.49702 0.505331 0.497472 0.502285 0.488787 
0.512162 0.498474 0.520744 0.506756 0.518811 0.511651 0.515605 0.503923 
0.521162 0.520633 0.51674 0.530398 0.528638 0.528905 0.51567 0.520751 
0.536922 0.525463 0.55565 0.531335 0.543737 0.534956 0.540226 0.528552 
0.546108 0.5369 0.543714 0.54618 0.552085 0.542919 0.541496 0.53598 
0.577539 0.512543 0.65613 0.510145 0.584812 0.512814 0.638198 0.509102 
0.561406 0.531455 0.593243 0.537579 0.566461 0.532061 0.597251 0.527378 
0.521083 0.604749 0.534846 0.553484 0.538884 0.55343 0.515667 0.556948 
0.532827 0.557671 0.528311 0.533446 0.542415 0.523618 0.550577 0.522872 
0.539988 0.484926 0.594158 0.490218 0.542125 0.504704 0.508664 0.506342 
0.547566 0.467109 0.558357 0.470451 0.551298 0.441626 0.669375 0.439479 
0.507671 0.465405 0.487792 0.477649 0.51079 0.463218 0.558174 0.470827 
0.48325 0.468656 0.470305 0.474873 0.487392 0.471133 0.479061 0.470292 
0.449422 0.468691 0.437929 0.474955 0.464163 0.477939 0.436058 0.531314 
0.453781 0.467497 0.444973 0.469988 0.462408 0.470335 0.430903 0.499392 
0.46426 0.457963 0.441617 0.466889 0.462197 0.466604 0.438252 0.46697 
0.462204 0.47165 0.452533 0.474383 0.465889 0.471681 0.442579 0.4735 
0.475332 0.470594 0.456112 0.479185 0.471102 0.478383 0.448098 0.46905 
0.476911 0.489117 0.470677 0.490911 0.480475 0.487057 0.464435 0.483137 
0.49933 0.487073 0.478268 0.49637 0.488749 0.496117 0.468063 0.484895 
0.499227 0.505692 0.493267 0.505781 0.500881 0.500687 0.499501 0.496218 
0.571991 0.482199 0.508982 0.501639 0.513299 0.501319 0.502401 0.481759 
0.556304 0.50679 0.518035 0.505101 0.529218 0.485902 0.601568 0.476007 
0.518123 0.512037 0.505593 0.514291 0.51816 0.506309 0.545076 0.502868 
0.50048 0.58284 0.491901 0.526473 0.514088 0.511506 0.565542 0.508945 
0.492342 0.54893 0.490909 0.519607 0.508794 0.509254 0.530714 0.509543 
0.493869 0.516814 0.496339 0.523186 0.491148 0.55083 0.47119 0.518687 
0.484838 0.50783 0.488277 0.509715 0.494397 0.520576 0.479257 0.504474 
0.486173 0.49327 0.492639 0.505765 0.494175 0.499633 0.46475 0.500062 
0.472785 0.496081 0.478075 0.501159 0.485647 0.495023 0.464792 0.496693 
0.476747 0.487607 0.48552 0.50108 0.482707 0.488937 0.455313 0.494576 
0.46821 0.491993 0.473885 0.497421 0.476811 0.489922 0.456808 0.495109 
0.476717 0.484478 0.488042 0.497376 0.478376 0.488293 0.455046 0.490824 
0.467992 0.491758 0.474451 0.494876 0.475431 0.491532 0.456659 0.4993 
0.479998 0.481499 0.500822 0.492918 0.481114 0.491043 0.460467 0.489478 
0.457158 0.496897 0.477689 0.493856 0.475595 0.49923 0.448418 0.545387 
0.492741 0.457113 0.589944 0.466811 0.497713 0.488407 0.468787 0.506038 
0.487193 0.474571 0.538676 0.473696 0.492125 0.484621 0.47489 0.480034 
0.477089 0.48903 0.484023 0.505506 0.469883 0.537513 0.454633 0.496612 
0.477598 0.490557 0.483702 0.48869 0.479275 0.512918 0.466909 0.479236 
0.481289 0.487333 0.471281 0.508637 0.482949 0.489806 0.473374 0.485153 
0.474724 0.507968 0.472034 0.497185 0.481145 0.496742 0.472258 0.483527 
0.472752 0.516099 0.448735 0.594404 0.461392 0.504525 0.469007 0.501981 
0.447342 0.617416 0.440688 0.568953 0.465598 0.51742 0.465078 0.514217 
0.480845 0.567215 0.476516 0.519758 0.49676 0.499192 0.489994 0.509125 
0.503092 0.511078 0.499469 0.511473 0.502273 0.506458 0.497273 0.500652 
0.509146 0.522623 0.503312 0.503327 0.516707 0.500173 0.515274 0.508849 
0.515334 0.499629 0.510191 0.507562 0.513242 0.513155 0.510855 0.507746 
0.508885 0.559479 0.500605 0.508582 0.531327 0.498796 0.556794 0.511559 
0.515326 0.526855 0.50961 0.510551 0.521187 0.514105 0.536903 0.510832 
0.527897 0.499642 0.526851 0.489388 0.583919 0.493411 0.534237 0.511211 
0.51859 0.498872 0.51716 0.500896 0.549699 0.511236 0.52134 0.509905 
0.517108 0.494453 0.513134 0.506095 0.51742 0.509613 0.518651 0.513254 
0.511058 0.490192 0.508411 0.500198 0.515279 0.511889 0.509516 0.504285 
0.518263 0.479837 0.511302 0.492351 0.508971 0.486972 0.552975 0.490238 
0.506997 0.479905 0.50242 0.48868 0.506666 0.49881 0.526101 0.488961 
0.501137 0.479119 0.498439 0.490891 0.49057 0.495504 0.49442 0.498837 
0.494328 0.478805 0.491579 0.486315 0.495423 0.507964 0.493189 0.48977 
0.491229 0.478366 0.490753 0.491455 0.480642 0.498196 0.477814 0.497223 
0.480778 0.486633 0.479179 0.496886 0.480921 0.579482 0.469723 0.49881 
0.490225 0.477409 0.494861 0.493726 0.479217 0.538563 0.473653 0.497103 
0.513198 0.464929 0.515547 0.449119 0.612153 0.4462 0.570263 0.454918 
0.511384 0.461584 0.545917 0.468127 0.555832 0.47181 0.532432 0.477022 
0.49019 0.51763 0.512709 0.478565 0.550409 0.474286 0.501136 0.489892 
0.492406 0.512143 0.493574 0.504379 0.518669 0.48753 0.494848 0.499834 
0.495328 0.493214 0.496478 0.499437 0.482513 0.492306 0.483608 0.495522 
0.488352 0.506453 0.472072 0.556484 0.469207 0.500596 0.481024 0.505667 
0.4923 0.490829 0.483365 0.524532 0.464064 0.494058 0.478807 0.494742 
0.49291 0.489502 0.486413 0.494361 0.479169 0.486906 0.485287 0.495467 
0.490718 0.482624 0.48399 0.491201 0.465902 0.486828 0.477008 0.488756 
0.487719 0.483244 0.481119 0.479907 0.473396 0.482498 0.480506 0.491128 
0.486028 0.477726 0.478434 0.479986 0.461774 0.482747 0.471547 0.484808 
0.48268 0.478228 0.476806 0.473599 0.469277 0.47812 0.476661 0.486814 
0.48476 0.474507 0.476502 0.474168 0.460984 0.478551 0.469186 0.481631 
0.481364 0.476236 0.477209 0.470915 0.470185 0.474256 0.477855 0.483878 
0.4923 0.47594 0.479609 0.473112 0.464619 0.476932 0.471301 0.484028 
0.486236 0.479326 0.482223 0.473052 0.474896 0.47497 0.482918 0.487228 
0.541873 0.478052 0.489655 0.475792 0.471052 0.482131 0.472708 0.514657 
0.519163 0.485526 0.489408 0.480554 0.480423 0.482317 0.487633 0.512532 
0.509049 0.5517 0.476962 0.494491 0.472186 0.492212 0.480937 0.494807 
0.50489 0.533085 0.484327 0.495387 0.483921 0.491317 0.49429 0.505904 
0.486158 0.503161 0.498098 0.494357 0.483326 0.496606 0.48497 0.495411 
0.493636 0.505911 0.495912 0.494762 0.495664 0.491422 0.504694 0.502781 
0.486624 0.486897 0.514609 0.489616 0.495971 0.49501 0.4924 0.489897 
0.499863 0.49013 0.508436 0.487649 0.509631 0.483942 0.526907 0.492025 
0.508427 0.455494 0.591202 0.463218 0.51898 0.48193 0.511765 0.471915 
0.527099 0.463407 0.561739 0.465178 0.536642 0.451974 0.622886 0.457624 
0.506588 0.473499 0.510098 0.483302 0.514215 0.478898 0.556021 0.464947 
0.521318 0.471729 0.514819 0.474267 0.528631 0.458055 0.613633 0.464575 
0.503059 0.473732 0.488313 0.483068 0.506877 0.480423 0.554957 0.463766 
0.494034 0.484938 0.485645 0.486107 0.499259 0.489014 0.489145 0.500204 
0.484744 0.478868 0.47062 0.48741 0.484182 0.499071 0.481697 0.475978 
0.47446 0.489555 0.469289 0.4889 0.479763 0.493613 0.452818 0.515955 
0.460566 0.488802 0.449474 0.499971 0.448577 0.560213 0.437117 0.493044 
0.426786 0.51087 0.443813 0.503245 0.446542 0.544613 0.404328 0.617117 
0.446868 0.488078 0.445275 0.489367 0.456075 0.497083 0.436004 0.534638 
0.434458 0.500648 0.444231 0.490973 0.449437 0.501966 0.417112 0.582181 
0.441284 0.481382 0.441803 0.481685 0.451658 0.479349 0.432408 0.520088 
0.460307 0.473868 0.452647 0.470952 0.455374 0.468077 0.443034 0.46425 
0.441873 0.463206 0.441041 0.468967 0.454731 0.460161 0.436176 0.452554 
0.450435 0.458471 0.448887 0.457407 0.452746 0.449966 0.438439 0.432513 
0.433995 0.443437 0.440072 0.451252 0.498491 0.437517 0.434181 0.423162 
0.435107 0.446026 0.439074 0.445952 0.472754 0.433299 0.42953 0.419279 
0.394723 0.459327 0.38335 0.556308 0.377801 0.510247 0.384016 0.436311 
0.411562 0.443846 0.407821 0.495968 0.408734 0.461736 0.402348 0.419558 
0.389753 0.427331 0.396372 0.444374 0.376799 0.504776 0.37641 0.41635 
0.40212 0.418217 0.404255 0.427353 0.395602 0.45722 0.390828 0.403769 
0.387267 0.392687 0.391945 0.386767 0.387222 0.388008 0.389923 0.380865 
0.391444 0.390576 0.391388 0.386042 0.387337 0.384973 0.386392 0.377796 
0.368296 0.365849 0.370297 0.355326 0.365224 0.345675 0.369965 0.355625 
0.370389 0.364679 0.368947 0.356476 0.364273 0.348991 0.365033 0.353639 
0.339731 0.335244 0.340464 0.324302 0.33512 0.313575 0.340099 0.326299 
0.340455 0.333442 0.338672 0.324769 0.334164 0.316499 0.335329 0.324013 
0.297787 0.292875 0.298081 0.283425 0.293333 0.274132 0.297646 0.28554 
0.297137 0.28994 0.295567 0.282491 0.291585 0.275262 0.29263 0.282525 
0.226207 0.222504 0.226387 0.21617 0.22271 0.209876 0.225709 0.217711 
0.228985 0.22439 0.227916 0.219502 0.224776 0.214653 0.225418 0.219727 
