0 0 0 0 0 0 0 0 
0.0174551 0.0174551 0.0174551 0.0174551 0.0174551 0.0174551 0.0174551 0.0174551 
0.0349101 0.0349101 0.0349101 0.0349101 0.0349101 0.0349101 0.0349101 0.0349101 
0.0523652 0.0523652 0.0523652 0.0523652 0.0523652 0.0523652 0.0523652 0.0523652 
0.0698203 0.0698203 0.0698203 0.0698203 0.0698203 0.0698203 0.0698203 0.0698203 
0.0872753 0.0872753 0.0872753 0.0872753 0.0872753 0.0872753 0.0872753 0.0872753 
0.10473 0.10473 0.10473 0.10473 0.10473 0.10473 0.10473 0.10473 
0.122185 0.122185 0.122185 0.122185 0.122185 0.122185 0.122185 0.122185 
0.139641 0.139641 0.139641 0.139641 0.139641 0.139641 0.139641 0.139641 
0.157096 0.157096 0.157096 0.157096 0.157096 0.157096 0.157096 0.157096 
0.174551 0.174551 0.174551 0.174551 0.174551 0.174551 0.174551 0.174551 
0.192006 0.192006 0.192006 0.192006 0.192006 0.192006 0.192006 0.192006 
0.209461 0.209461 0.209461 0.209461 0.209461 0.209461 0.209461 0.209461 
0.226916 0.226916 0.226916 0.226916 0.226916 0.226916 0.226916 0.226916 
0.244371 0.244371 0.244371 0.244371 0.244371 0.244371 0.244371 0.244371 
0.261826 0.261826 0.261826 0.261826 0.261826 0.261826 0.261826 0.261826 
0.279281 0.279281 0.279281 0.279281 0.279281 0.279281 0.279281 0.279281 
0.296736 0.296736 0.296736 0.296736 0.296736 0.296736 0.296736 0.296736 
0.314191 0.314191 0.314191 0.314191 0.314191 0.314191 0.314191 0.314191 
0.331646 0.331646 0.331646 0.331646 0.331646 0.331646 0.331646 0.331646 
0.349101 0.349101 0.349101 0.349101 0.349101 0.349101 0.349101 0.349101 
0.366556 0.366556 0.366556 0.366556 0.366556 0.366556 0.366556 0.366556 
0.384011 0.384011 0.384011 0.384011 0.384011 0.384011 0.384011 0.384011 
0.401466 0.401466 0.401466 0.401466 0.401466 0.401466 0.401466 0.401466 
0.418922 0.418922 0.418922 0.418922 0.418922 0.418922 0.418922 0.418922 
0.436377 0.436377 0.436377 0.436377 0.436377 0.436377 0.436377 0.436377 
0.453832 0.453832 0.453832 0.453832 0.453832 0.453832 0.453832 0.453832 
0.471287 0.471287 0.471287 0.471287 0.471287 0.471287 0.471287 0.471287 
0.484628 0.495732 0.491877 0.491677 0.487985 0.490379 0.494958 0.489966 
0.501615 0.502248 0.502415 0.502144 0.501993 0.502016 0.502362 0.502109 
0.513395 0.523389 0.519831 0.519836 0.51654 0.518631 0.522316 0.518246 
0.528575 0.529001 0.529223 0.529117 0.529051 0.528888 0.529096 0.529146 
0.538565 0.547713 0.54406 0.544566 0.541489 0.54339 0.546245 0.543043 
0.552168 0.552227 0.552345 0.552621 0.552542 0.55234 0.552206 0.552707 
0.56048 0.569064 0.565085 0.566209 0.56311 0.565052 0.567128 0.56471 
0.572665 0.572377 0.572316 0.57303 0.572814 0.572722 0.572201 0.573174 
0.579395 0.587588 0.583228 0.584936 0.581704 0.583788 0.5852 0.583456 
0.590265 0.589617 0.589457 0.590499 0.590153 0.590191 0.589347 0.590721 
0.595484 0.603342 0.598704 0.600822 0.597493 0.5997 0.600597 0.599374 
0.605105 0.604021 0.603956 0.605107 0.604741 0.604852 0.603779 0.60543 
0.60885 0.616355 0.611617 0.613913 0.610601 0.612855 0.61339 0.612515 
0.617247 0.615625 0.615872 0.616904 0.616664 0.616758 0.615564 0.617352 
0.619518 0.62664 0.621963 0.624241 0.621069 0.623278 0.623601 0.622906 
0.626691 0.624443 0.625178 0.625916 0.625931 0.625919 0.624716 0.626503 
0.627469 0.634201 0.629683 0.631815 0.628877 0.630955 0.631214 0.630547 
0.633409 0.630482 0.631813 0.632154 0.632513 0.632318 0.631206 0.632883 
0.632669 0.639049 0.634712 0.636647 0.633988 0.635868 0.636184 0.635433 
0.637374 0.633756 0.63573 0.635636 0.636374 0.635951 0.634989 0.636494 
0.635096 0.641212 0.63701 0.638759 0.636367 0.638024 0.638468 0.637573 
0.638579 0.634295 0.636911 0.636389 0.637495 0.636838 0.636035 0.637357 
0.634753 0.64074 0.636572 0.638186 0.63601 0.637454 0.638052 0.637002 
0.637053 0.632143 0.635376 0.634459 0.635889 0.635028 0.63435 0.635523 
0.631683 0.637702 0.633431 0.634986 0.632947 0.634216 0.634973 0.633783 
0.632866 0.627354 0.631184 0.629907 0.631614 0.630591 0.629987 0.631065 
0.625962 0.632191 0.627659 0.629234 0.627252 0.62839 0.629311 0.627999 
0.626122 0.61999 0.624433 0.622815 0.624761 0.623621 0.623035 0.624072 
0.617689 0.624331 0.619352 0.62103 0.619028 0.620075 0.62118 0.61975 
0.616956 0.610125 0.615247 0.613287 0.615452 0.614227 0.613605 0.614651 
0.606986 0.614313 0.608635 0.610507 0.608402 0.609397 0.610731 0.609171 
0.605553 0.597864 0.603795 0.601466 0.603841 0.602559 0.601845 0.602954 
0.59401 0.602482 0.595669 0.597869 0.595535 0.596541 0.598176 0.596472 
0.592191 0.583386 0.590325 0.587575 0.590129 0.588849 0.587973 0.589231 
0.578951 0.589593 0.580651 0.583478 0.580622 0.581828 0.583843 0.582049 
0.577281 0.56707 0.575175 0.572026 0.574575 0.573502 0.572333 0.573946 
0.561768 0.57782 0.563577 0.568139 0.56378 0.565923 0.56822 0.566773 
0.56112 0.550103 0.558491 0.555758 0.557339 0.557336 0.555535 0.558096 
0.539973 0.576801 0.542224 0.554478 0.54425 0.550606 0.551946 0.553305 
0.541541 0.537717 0.537664 0.541806 0.537981 0.541789 0.5399 0.54423 
0.487422 0.670534 0.49347 0.556588 0.516021 0.541454 0.536343 0.554466 
0.517158 0.586504 0.510908 0.526204 0.527931 0.511548 0.564428 0.520488 
0.542546 0.503525 0.537216 0.497409 0.542777 0.468929 0.66861 0.473439 
0.524445 0.494609 0.513978 0.494551 0.522553 0.487509 0.57376 0.490706 
0.522535 0.455388 0.559813 0.470336 0.522543 0.469104 0.568709 0.471049 
0.506387 0.458531 0.522276 0.470706 0.50276 0.475441 0.51614 0.475488 
0.476362 0.464183 0.473604 0.480862 0.477614 0.479449 0.456962 0.480347 
0.486929 0.444915 0.47871 0.459708 0.474387 0.465037 0.453999 0.461783 
0.459478 0.448114 0.449063 0.464221 0.456572 0.459661 0.426551 0.461031 
0.550986 0.39981 0.486425 0.429163 0.467808 0.435918 0.447819 0.416191 
0.495666 0.422162 0.44848 0.447208 0.446749 0.440036 0.422649 0.427117 
0.459687 0.399232 0.536857 0.408302 0.460371 0.426856 0.428363 0.426057 
0.442369 0.425668 0.474735 0.453076 0.435045 0.434945 0.409594 0.430396 
0.418028 0.432199 0.438012 0.448196 0.43471 0.443084 0.409146 0.43801 
0.410522 0.466369 0.390989 0.588168 0.391165 0.463083 0.391074 0.448089 
0.416703 0.445203 0.416126 0.521432 0.431796 0.456773 0.410583 0.444138 
0.446127 0.461185 0.431864 0.456246 0.445141 0.441323 0.422901 0.435135 
0.487061 0.425722 0.478796 0.424159 0.548757 0.433354 0.454702 0.428673 
0.575531 0.541048 0.456327 0.430746 0.516063 0.435882 0.462128 0.419176 
0.527452 0.492117 0.580816 0.442409 0.456987 0.550572 0.445538 0.452588 
0.488045 0.463196 0.551788 0.440137 0.483941 0.511023 0.459272 0.467251 
0.473904 0.485124 0.479094 0.476701 0.465546 0.492236 0.473916 0.479216 
0.475385 0.46353 0.503528 0.450695 0.534708 0.471856 0.487927 0.479419 
0.46885 0.487646 0.464998 0.490581 0.491847 0.523111 0.481025 0.498756 
0.476048 0.481634 0.491351 0.48531 0.491062 0.518343 0.488372 0.503207 
0.485229 0.496062 0.477464 0.503725 0.497806 0.499147 0.507993 0.507295 
0.494998 0.497074 0.508993 0.498969 0.504554 0.512389 0.509084 0.516154 
0.504187 0.513635 0.495317 0.522948 0.510239 0.509882 0.524328 0.522307 
0.518085 0.514485 0.542136 0.513739 0.523835 0.523413 0.526891 0.532566 
0.527675 0.530605 0.523771 0.545998 0.528661 0.526648 0.541914 0.537566 
0.555446 0.507903 0.670395 0.506245 0.558993 0.531109 0.550577 0.547818 
0.5437 0.55193 0.586261 0.617116 0.531685 0.556623 0.548781 0.564364 
0.523421 0.58744 0.53807 0.609079 0.532971 0.584048 0.522421 0.660608 
0.548369 0.572758 0.553373 0.572417 0.554969 0.568651 0.554382 0.62035 
0.579259 0.574135 0.546392 0.567725 0.560188 0.568099 0.565507 0.568965 
0.56558 0.564568 0.551491 0.555455 0.561573 0.560956 0.571013 0.575087 
0.654834 0.556429 0.55502 0.546449 0.564895 0.551271 0.578651 0.524907 
0.598937 0.556766 0.541887 0.547344 0.5498 0.550992 0.565029 0.550617 
0.493923 0.71455 0.483206 0.572737 0.520086 0.566432 0.525454 0.572087 
0.508835 0.632692 0.498437 0.547773 0.518591 0.543949 0.52981 0.557795 
0.509147 0.532938 0.506544 0.524339 0.516397 0.526465 0.518907 0.520801 
0.48415 0.547096 0.480481 0.514874 0.495208 0.515179 0.504575 0.525722 
0.478327 0.482631 0.477534 0.488925 0.492144 0.493702 0.491045 0.484827 
0.459719 0.457261 0.46074 0.473669 0.46773 0.483416 0.474317 0.4964 
0.443808 0.429979 0.445099 0.454134 0.466156 0.464604 0.454862 0.458693 
0.390124 0.438022 0.414548 0.452489 0.426331 0.47669 0.412093 0.567603 
0.410172 0.401024 0.42257 0.408585 0.50137 0.424706 0.425997 0.480241 
0.404538 0.396901 0.405526 0.412441 0.445424 0.463805 0.416083 0.431701 
0.399873 0.389722 0.396521 0.411788 0.40681 0.444653 0.402331 0.411565 
0.401562 0.383768 0.40134 0.396784 0.415193 0.405702 0.418665 0.392106 
0.457475 0.369802 0.408926 0.397521 0.403536 0.405564 0.413577 0.372661 
0.444082 0.382195 0.41514 0.396684 0.415644 0.395988 0.427264 0.384602 
0.408272 0.412047 0.410158 0.425018 0.405071 0.42087 0.411893 0.40686 
0.432005 0.418874 0.430713 0.426164 0.428621 0.422343 0.438157 0.428041 
0.416384 0.462872 0.418349 0.508493 0.413481 0.463614 0.42597 0.452747 
0.435596 0.477904 0.450145 0.502877 0.445132 0.479328 0.445021 0.55013 
0.451112 0.515122 0.471576 0.498505 0.468319 0.502483 0.458868 0.540556 
0.530959 0.501073 0.525731 0.505414 0.512037 0.499222 0.528791 0.497275 
0.490489 0.638801 0.506415 0.540972 0.515138 0.543543 0.510371 0.554711 
0.684282 0.534664 0.669993 0.506628 0.590842 0.511399 0.622264 0.486075 
0.646922 0.53895 0.649815 0.539314 0.592624 0.552606 0.596091 0.537028 
0.635261 0.566732 0.618344 0.561311 0.633029 0.529794 0.763585 0.522224 
0.628643 0.566504 0.629471 0.576419 0.625942 0.574064 0.688875 0.564303 
0.624098 0.584606 0.611527 0.589353 0.646643 0.573737 0.706909 0.565812 
0.619513 0.576181 0.624927 0.589703 0.630807 0.593396 0.659877 0.582136 
0.606373 0.585174 0.604631 0.584566 0.671411 0.584037 0.613652 0.583494 
0.597111 0.56648 0.613197 0.57586 0.6345 0.583543 0.599491 0.576273 
0.572796 0.573904 0.570104 0.581061 0.59004 0.578123 0.563324 0.566959 
0.563512 0.53603 0.591475 0.544901 0.57732 0.55023 0.564545 0.541302 
0.527851 0.565399 0.529639 0.539024 0.543008 0.529912 0.530301 0.52375 
0.548768 0.480506 0.65673 0.4576 0.562536 0.458969 0.631163 0.45584 
0.512351 0.457235 0.558614 0.464363 0.515248 0.454689 0.559366 0.448902 
0.442114 0.538665 0.46654 0.466785 0.466765 0.464682 0.44055 0.469962 
0.447755 0.466639 0.448274 0.435445 0.459133 0.421067 0.476279 0.420394 
0.459139 0.375771 0.53996 0.37968 0.463942 0.39625 0.432383 0.399256 
0.478572 0.359261 0.504112 0.365065 0.481978 0.327814 0.653954 0.325622 
0.444144 0.375979 0.426826 0.389785 0.448638 0.36982 0.534708 0.382153 
0.430685 0.400381 0.418646 0.409916 0.433596 0.402242 0.444865 0.404264 
0.401868 0.427242 0.393387 0.432987 0.422983 0.437982 0.399762 0.520177 
0.429083 0.444266 0.419405 0.448823 0.437408 0.448804 0.409143 0.496188 
0.461007 0.451744 0.432352 0.462213 0.455959 0.463528 0.433336 0.46824 
0.471636 0.484361 0.459553 0.48936 0.473201 0.485557 0.452238 0.491117 
0.502347 0.496276 0.477523 0.506703 0.494112 0.507373 0.469732 0.496336 
0.512947 0.528824 0.505227 0.532774 0.514308 0.527475 0.500824 0.523672 
0.553022 0.532117 0.524503 0.54411 0.53498 0.545397 0.5118 0.530656 
0.556906 0.558839 0.548434 0.560964 0.554542 0.553931 0.559929 0.549215 
0.669173 0.524069 0.575584 0.552276 0.577286 0.552859 0.567776 0.524993 
0.64071 0.556488 0.584052 0.556911 0.595742 0.530154 0.706715 0.515031 
0.576383 0.562175 0.561442 0.56375 0.576826 0.553955 0.617824 0.548431 
0.540215 0.653444 0.532366 0.573255 0.560967 0.552225 0.636439 0.546637 
0.515303 0.589764 0.519706 0.54853 0.542539 0.537593 0.565827 0.534172 
0.506606 0.517846 0.511125 0.534434 0.505625 0.566994 0.497806 0.515684 
0.465117 0.491925 0.473682 0.500742 0.48325 0.516335 0.465578 0.486373 
0.444012 0.448615 0.454742 0.477551 0.45609 0.471055 0.403626 0.461202 
0.407819 0.432997 0.417626 0.446112 0.429074 0.441949 0.393215 0.433174 
0.398817 0.405005 0.411021 0.431868 0.40915 0.418206 0.359828 0.414076 
0.380912 0.404776 0.389272 0.412869 0.398904 0.406043 0.371337 0.404439 
0.392392 0.395511 0.406052 0.418368 0.398056 0.405062 0.360301 0.401603 
0.396502 0.412256 0.402234 0.413845 0.412822 0.401006 0.422526 0.410544 
0.422773 0.420018 0.447822 0.442914 0.424853 0.426825 0.416341 0.425654 
0.406182 0.469735 0.439692 0.461498 0.436449 0.467796 0.399523 0.541731 
0.477454 0.447819 0.61334 0.4981 0.475275 0.488345 0.444549 0.51788 
0.499413 0.497001 0.579019 0.513214 0.502781 0.508583 0.47811 0.506632 
0.511178 0.539889 0.52738 0.565864 0.499469 0.61379 0.475982 0.55388 
0.532297 0.566918 0.544708 0.565011 0.53426 0.600135 0.513617 0.55216 
0.553058 0.573667 0.54085 0.600335 0.555441 0.576488 0.539709 0.572519 
0.547718 0.612279 0.544045 0.594538 0.557421 0.593781 0.54232 0.578294 
0.540703 0.618306 0.508061 0.724806 0.526707 0.598683 0.533656 0.599112 
0.490521 0.749806 0.483834 0.672341 0.519572 0.604115 0.513625 0.60428 
0.515923 0.64916 0.509891 0.574692 0.538097 0.555423 0.524846 0.573268 
0.515805 0.542743 0.508714 0.536657 0.515958 0.538497 0.504563 0.534439 
0.493509 0.52163 0.482991 0.490971 0.50247 0.495576 0.497645 0.510588 
0.470618 0.463578 0.459831 0.468188 0.469308 0.48085 0.463612 0.476559 
0.440641 0.513589 0.431777 0.439719 0.47108 0.431448 0.503976 0.450607 
0.433464 0.4579 0.425347 0.426978 0.44661 0.431854 0.465815 0.429859 
0.456811 0.396609 0.489211 0.376785 0.53673 0.388292 0.46439 0.413408 
0.445097 0.406737 0.466653 0.401766 0.496879 0.416955 0.450519 0.417214 
0.453505 0.418061 0.446611 0.429356 0.459112 0.428878 0.45791 0.434495 
0.462846 0.429949 0.468934 0.437987 0.475814 0.451752 0.464927 0.442053 
0.495011 0.439452 0.476882 0.455302 0.484256 0.44159 0.550228 0.445121 
0.506655 0.452206 0.535564 0.460274 0.51178 0.479676 0.539101 0.466128 
0.517021 0.482169 0.521577 0.499866 0.501412 0.50469 0.508375 0.507369 
0.518377 0.510875 0.512822 0.517487 0.525083 0.545766 0.523029 0.520606 
0.536883 0.519705 0.521796 0.544428 0.514745 0.548909 0.513957 0.54298 
0.523687 0.542531 0.513423 0.553365 0.528887 0.672023 0.514577 0.556502 
0.584351 0.51758 0.536653 0.580095 0.523686 0.612746 0.527425 0.541739 
0.593703 0.503201 0.567772 0.497865 0.713612 0.475188 0.66262 0.486021 
0.564189 0.489996 0.609587 0.494264 0.631575 0.500606 0.598379 0.51165 
0.523712 0.563769 0.552275 0.499925 0.612485 0.491057 0.542297 0.520351 
0.507409 0.541989 0.512693 0.518242 0.553781 0.506722 0.516815 0.524863 
0.503402 0.509586 0.505095 0.507792 0.491473 0.499265 0.491152 0.510449 
0.476599 0.521759 0.458457 0.58631 0.451055 0.548494 0.463654 0.525373 
0.483024 0.498972 0.472297 0.540096 0.44533 0.5161 0.464214 0.502953 
0.483965 0.486277 0.479885 0.487463 0.474676 0.480473 0.478787 0.496398 
0.481995 0.488053 0.476544 0.488543 0.453698 0.482024 0.46741 0.488552 
0.480588 0.477975 0.47823 0.466533 0.475632 0.464203 0.47681 0.487982 
0.465748 0.523403 0.461018 0.481377 0.448057 0.47444 0.459417 0.48905 
0.473032 0.491337 0.474887 0.449769 0.50796 0.44475 0.477697 0.478749 
0.480086 0.465776 0.474464 0.458136 0.472622 0.455002 0.461998 0.470984 
0.465234 0.466516 0.463141 0.455925 0.451676 0.451679 0.463511 0.473145 
0.480176 0.453358 0.463499 0.453498 0.443022 0.45233 0.450119 0.468232 
0.462229 0.455039 0.455419 0.448597 0.43642 0.445853 0.456082 0.469752 
0.543874 0.441602 0.465539 0.444448 0.439879 0.449619 0.441005 0.501067 
0.507583 0.451045 0.457704 0.447801 0.436309 0.44757 0.455667 0.494053 
0.502124 0.536726 0.450206 0.453136 0.47237 0.448387 0.454938 0.461793 
0.492533 0.515763 0.455182 0.460982 0.465071 0.454187 0.470376 0.477961 
0.470129 0.475795 0.475971 0.472292 0.449886 0.474666 0.4583 0.469959 
0.481166 0.487644 0.473605 0.477286 0.465564 0.472787 0.48691 0.484784 
0.477081 0.465204 0.503881 0.481933 0.46614 0.489487 0.474045 0.476527 
0.49575 0.496141 0.498417 0.481445 0.490066 0.477799 0.525703 0.484979 
0.519023 0.432077 0.626699 0.454492 0.510658 0.481082 0.51444 0.462422 
0.542495 0.44361 0.585478 0.456901 0.539748 0.44125 0.673124 0.446813 
0.519052 0.462775 0.517425 0.484378 0.515568 0.479808 0.588518 0.458126 
0.535101 0.463026 0.52155 0.469697 0.536076 0.450212 0.664871 0.458294 
0.512777 0.46497 0.488968 0.481726 0.510308 0.480097 0.585873 0.455864 
0.494846 0.479881 0.48194 0.481203 0.498784 0.485313 0.491747 0.500854 
0.48291 0.469184 0.463605 0.483588 0.479519 0.501196 0.479433 0.469213 
0.462698 0.488261 0.456982 0.482576 0.470876 0.49011 0.437359 0.521517 
0.4479 0.48312 0.434502 0.500463 0.431041 0.588513 0.416302 0.496111 
0.389202 0.54929 0.415275 0.509008 0.424898 0.566815 0.369846 0.672525 
0.435568 0.49906 0.434486 0.488555 0.448237 0.50219 0.420182 0.560949 
0.422141 0.499068 0.438566 0.490429 0.441057 0.508687 0.397005 0.627044 
0.437073 0.48128 0.439843 0.486483 0.450849 0.485519 0.422817 0.547781 
0.464254 0.467326 0.455774 0.473716 0.458801 0.470344 0.440068 0.468783 
0.443168 0.466386 0.445089 0.479418 0.466326 0.467197 0.437875 0.457481 
0.456968 0.458768 0.457424 0.464316 0.465812 0.45299 0.442588 0.429072 
0.439531 0.452166 0.451245 0.464026 0.538075 0.443858 0.442021 0.422286 
0.440514 0.453535 0.447977 0.45906 0.497614 0.4383 0.432957 0.416826 
0.386843 0.484882 0.375024 0.619259 0.368594 0.553784 0.372499 0.447007 
0.405927 0.456569 0.402824 0.534317 0.402116 0.485879 0.391597 0.422132 
0.374272 0.449139 0.384784 0.466436 0.358161 0.549422 0.357363 0.423305 
0.386034 0.422433 0.390076 0.436566 0.375668 0.478942 0.369299 0.401433 
0.352887 0.437073 0.360127 0.391501 0.359428 0.38965 0.36344 0.381089 
0.362113 0.401893 0.362792 0.377721 0.357692 0.37377 0.35698 0.364901 
0.34229 0.350886 0.345584 0.335819 0.334527 0.321667 0.341248 0.334772 
0.340943 0.340671 0.339619 0.329957 0.330139 0.319383 0.331503 0.325248 
0.310794 0.302055 0.312393 0.293011 0.301182 0.279292 0.307885 0.294957 
0.309237 0.29692 0.307432 0.289769 0.298704 0.279947 0.300413 0.288446 
0.269169 0.256452 0.270083 0.249971 0.260911 0.239517 0.266538 0.252527 
0.268116 0.253966 0.266458 0.248901 0.259427 0.241444 0.260905 0.248974 
0.204355 0.195476 0.204886 0.191573 0.198711 0.185209 0.202522 0.193577 
0.208507 0.199745 0.207303 0.19682 0.202687 0.192282 0.203578 0.197241 
