0 0 0 0 0 0 0 0 
0.0174551 0.0174551 0.0174551 0.0174551 0.0174551 0.0174551 0.0174551 0.0174551 
0.0349101 0.0349101 0.0349101 0.0349101 0.0349101 0.0349101 0.0349101 0.0349101 
0.0523652 0.0523652 0.0523652 0.0523652 0.0523652 0.0523652 0.0523652 0.0523652 
0.0698203 0.0698203 0.0698203 0.0698203 0.0698203 0.0698203 0.0698203 0.0698203 
0.0872753 0.0872753 0.0872753 0.0872753 0.0872753 0.0872753 0.0872753 0.0872753 
0.10473 0.10473 0.10473 0.10473 0.10473 0.10473 0.10473 0.10473 
0.122185 0.122185 0.122185 0.122185 0.122185 0.122185 0.122185 0.122185 
0.139641 0.139641 0.139641 0.139641 0.139641 0.139641 0.139641 0.139641 
0.157096 0.157096 0.157096 0.157096 0.157096 0.157096 0.157096 0.157096 
0.174551 0.174551 0.174551 0.174551 0.174551 0.174551 0.174551 0.174551 
0.192006 0.192006 0.192006 0.192006 0.192006 0.192006 0.192006 0.192006 
0.209461 0.209461 0.209461 0.209461 0.209461 0.209461 0.209461 0.209461 
0.226916 0.226916 0.226916 0.226916 0.226916 0.226916 0.226916 0.226916 
0.244371 0.244371 0.244371 0.244371 0.244371 0.244371 0.244371 0.244371 
0.261826 0.261826 0.261826 0.261826 0.261826 0.261826 0.261826 0.261826 
0.279281 0.279281 0.279281 0.279281 0.279281 0.279281 0.279281 0.279281 
0.296736 0.296736 0.296736 0.296736 0.296736 0.296736 0.296736 0.296736 
0.314191 0.314191 0.314191 0.314191 0.314191 0.314191 0.314191 0.314191 
0.331646 0.331646 0.331646 0.331646 0.331646 0.331646 0.331646 0.331646 
0.349101 0.349101 0.349101 0.349101 0.349101 0.349101 0.349101 0.349101 
0.366556 0.366556 0.366556 0.366556 0.366556 0.366556 0.366556 0.366556 
0.384011 0.384011 0.384011 0.384011 0.384011 0.384011 0.384011 0.384011 
0.401466 0.401466 0.401466 0.401466 0.401466 0.401466 0.401466 0.401466 
0.418922 0.418922 0.418922 0.418922 0.418922 0.418922 0.418922 0.418922 
0.436377 0.436377 0.436377 0.436377 0.436377 0.436377 0.436377 0.436377 
0.453832 0.453832 0.453832 0.453832 0.453832 0.453832 0.453832 0.453832 
0.471287 0.471287 0.471287 0.471287 0.471287 0.471287 0.471287 0.471287 
0.483337 0.497742 0.492 0.490942 0.486521 0.491063 0.496978 0.488733 
0.501791 0.502799 0.502464 0.502389 0.501952 0.50242 0.502634 0.502333 
0.512821 0.525615 0.520259 0.51965 0.515576 0.519756 0.524248 0.5176 
0.529414 0.529888 0.529744 0.529852 0.529415 0.529776 0.529605 0.529859 
0.538909 0.550152 0.545167 0.544996 0.541293 0.545021 0.548374 0.54307 
0.553798 0.553393 0.553647 0.553892 0.553624 0.553747 0.553205 0.554024 
0.561712 0.571767 0.567082 0.567261 0.56388 0.567242 0.569769 0.565447 
0.575064 0.573874 0.57453 0.574894 0.574798 0.5747 0.573895 0.575157 
0.581471 0.590699 0.586173 0.586692 0.583529 0.586602 0.588526 0.584955 
0.593443 0.591624 0.592596 0.593092 0.593103 0.592817 0.591836 0.593469 
0.598433 0.607122 0.602586 0.603453 0.600394 0.60325 0.604717 0.601768 
0.609153 0.60684 0.608026 0.608658 0.608706 0.608297 0.607175 0.609145 
0.612807 0.621183 0.616491 0.617708 0.614663 0.617398 0.618473 0.616069 
0.622386 0.619679 0.621018 0.621776 0.621814 0.621372 0.620089 0.622377 
0.624777 0.633005 0.628074 0.629624 0.62654 0.629255 0.629952 0.628033 
0.63331 0.63025 0.631752 0.632591 0.632611 0.632213 0.630737 0.63332 
0.634481 0.642661 0.637472 0.639302 0.636171 0.638923 0.639276 0.637768 
0.642024 0.638586 0.640326 0.641156 0.641198 0.640859 0.63921 0.642029 
0.641971 0.650141 0.644722 0.646744 0.643605 0.646376 0.646482 0.645271 
0.648534 0.644634 0.646734 0.647434 0.647579 0.647242 0.645503 0.648449 
0.647206 0.655376 0.64977 0.651885 0.648807 0.651518 0.651524 0.650449 
0.652774 0.648299 0.650899 0.651342 0.651692 0.651257 0.649543 0.652475 
0.650098 0.658281 0.652519 0.65464 0.651696 0.654247 0.654317 0.653203 
0.654665 0.649488 0.652729 0.652802 0.653453 0.65282 0.651238 0.654023 
0.650569 0.658812 0.652881 0.654952 0.652191 0.654502 0.65478 0.653478 
0.654157 0.648151 0.652165 0.651777 0.652801 0.6519 0.650518 0.653072 
0.648577 0.656994 0.650814 0.652824 0.650253 0.652287 0.652877 0.651292 
0.65126 0.644298 0.649208 0.6483 0.649731 0.64854 0.647368 0.649667 
0.644148 0.652951 0.646345 0.648335 0.64591 0.647683 0.648648 0.646734 
0.646073 0.638005 0.643945 0.642475 0.644316 0.642851 0.641851 0.643932 
0.637382 0.646935 0.639579 0.641646 0.639263 0.640841 0.642227 0.639983 
0.638801 0.62941 0.63655 0.634481 0.63671 0.635018 0.634119 0.636066 
0.62845 0.639412 0.63069 0.633012 0.630486 0.631996 0.63386 0.631315 
0.629777 0.618723 0.627303 0.624583 0.627142 0.625308 0.624433 0.626368 
0.617527 0.631362 0.619879 0.622858 0.619781 0.621519 0.62393 0.621199 
0.61945 0.606349 0.616554 0.613228 0.615872 0.614142 0.613191 0.61534 
0.604373 0.625659 0.607004 0.612121 0.607167 0.610157 0.612977 0.610662 
0.607993 0.59374 0.604256 0.601485 0.602938 0.602368 0.601133 0.604084 
0.585122 0.635622 0.588795 0.604134 0.591358 0.600063 0.60173 0.603106 
0.591856 0.588134 0.586281 0.59322 0.587514 0.591403 0.591671 0.595665 
0.521534 0.780082 0.53339 0.618021 0.563882 0.59827 0.592606 0.615931 
0.566899 0.672346 0.559836 0.582113 0.58592 0.55806 0.643176 0.572194 
0.609211 0.55709 0.602661 0.545636 0.613192 0.508174 0.791405 0.51387 
0.590761 0.546185 0.576946 0.54473 0.591207 0.53199 0.668136 0.537713 
0.59481 0.492466 0.649794 0.513009 0.59793 0.51187 0.666739 0.513055 
0.575189 0.500695 0.599405 0.517472 0.572847 0.520653 0.594604 0.521819 
0.537185 0.509306 0.533097 0.533043 0.541618 0.532886 0.512748 0.531225 
0.552203 0.486516 0.539322 0.507509 0.536567 0.511019 0.50852 0.507453 
0.51632 0.489772 0.499158 0.514076 0.512396 0.514691 0.468574 0.510014 
0.645885 0.42376 0.549039 0.467626 0.525496 0.47368 0.498465 0.445068 
0.562699 0.453971 0.493689 0.4961 0.484315 0.525859 0.448088 0.465419 
0.506382 0.422478 0.614004 0.440981 0.502675 0.486359 0.459402 0.459035 
0.482347 0.446679 0.531363 0.488257 0.481803 0.464703 0.439464 0.45481 
0.43873 0.4559 0.467389 0.484925 0.462912 0.47406 0.428155 0.462396 
0.428172 0.484266 0.40863 0.650598 0.442113 0.472288 0.405791 0.462145 
0.42094 0.460265 0.4214 0.565688 0.462058 0.468879 0.41445 0.454497 
0.452461 0.46498 0.432831 0.468431 0.454514 0.439596 0.419653 0.433527 
0.494404 0.440965 0.473603 0.416832 0.580802 0.423131 0.448495 0.41827 
0.616016 0.555268 0.451362 0.403174 0.523511 0.410493 0.451681 0.383648 
0.535106 0.471512 0.600562 0.408363 0.429499 0.554562 0.416431 0.41525 
0.468045 0.418881 0.54973 0.390169 0.448413 0.487432 0.421862 0.421592 
0.431541 0.430767 0.438765 0.422415 0.412473 0.447576 0.426403 0.425748 
0.421646 0.394038 0.454635 0.377064 0.492625 0.406515 0.433427 0.414173 
0.397871 0.413618 0.391259 0.417789 0.423489 0.467157 0.409613 0.430184 
0.397938 0.398866 0.413353 0.402372 0.408782 0.449328 0.409269 0.426411 
0.397655 0.40804 0.38564 0.417655 0.408414 0.414801 0.423475 0.424258 
0.404453 0.404021 0.418912 0.404884 0.409489 0.423213 0.41883 0.428464 
0.407907 0.418379 0.396036 0.430026 0.412138 0.414552 0.431134 0.431576 
0.424435 0.416704 0.454448 0.414495 0.426842 0.426951 0.432822 0.440489 
0.43366 0.432251 0.433709 0.452868 0.433432 0.429078 0.449772 0.444905 
0.472263 0.405025 0.629645 0.404161 0.473487 0.434465 0.463629 0.458661 
0.4574 0.461793 0.524505 0.554654 0.441543 0.471511 0.461913 0.48476 
0.436034 0.514323 0.463791 0.548467 0.448042 0.51303 0.433766 0.622278 
0.474287 0.503307 0.487509 0.507118 0.483374 0.503042 0.480122 0.578243 
0.530486 0.515559 0.49019 0.509931 0.50257 0.511827 0.508076 0.515986 
0.520924 0.51931 0.506698 0.508745 0.516295 0.518333 0.526009 0.540168 
0.670791 0.522376 0.531616 0.511647 0.539612 0.519458 0.557247 0.483002 
0.605994 0.551641 0.526496 0.53602 0.535362 0.541681 0.554163 0.539409 
0.479616 0.796634 0.469992 0.593684 0.516733 0.584512 0.52243 0.593618 
0.517169 0.713984 0.508866 0.585889 0.535814 0.579734 0.548604 0.59972 
0.547805 0.596741 0.546217 0.577337 0.559704 0.578 0.561922 0.572426 
0.53344 0.64655 0.532459 0.590985 0.5532 0.589409 0.563919 0.605678 
0.552502 0.581693 0.552185 0.580533 0.573194 0.583596 0.570735 0.574914 
0.548263 0.565799 0.552281 0.580747 0.563024 0.59104 0.570645 0.612555 
0.552923 0.546665 0.555025 0.571296 0.585573 0.58203 0.56816 0.580764 
0.49186 0.573172 0.530634 0.584536 0.547816 0.617093 0.525749 0.753782 
0.544561 0.528669 0.560909 0.533159 0.674219 0.555323 0.561769 0.639038 
0.540867 0.527195 0.543158 0.54712 0.59747 0.624919 0.55055 0.572358 
0.538148 0.514639 0.532882 0.546481 0.539854 0.59512 0.535341 0.543559 
0.530036 0.49646 0.530357 0.519366 0.543159 0.531321 0.548885 0.507009 
0.601082 0.459158 0.528119 0.50464 0.512039 0.51479 0.531302 0.465639 
0.551259 0.456724 0.509864 0.484167 0.504737 0.481321 0.524019 0.458717 
0.468024 0.472601 0.473986 0.495721 0.460274 0.489215 0.473923 0.472337 
0.462193 0.450003 0.46427 0.465942 0.457563 0.458912 0.473258 0.461278 
0.391676 0.478919 0.408497 0.542965 0.396065 0.484258 0.408099 0.503386 
0.383524 0.454905 0.411921 0.490734 0.403053 0.460005 0.401224 0.568466 
0.378458 0.456575 0.40647 0.437345 0.396467 0.444627 0.390768 0.488636 
0.430658 0.406792 0.429942 0.410153 0.411811 0.405225 0.431468 0.405012 
0.353253 0.542866 0.37719 0.414388 0.381065 0.422155 0.380964 0.425985 
0.545409 0.391819 0.540709 0.349727 0.438758 0.362257 0.468305 0.362545 
0.492387 0.360214 0.500214 0.357915 0.420791 0.379557 0.43179 0.370964 
0.461589 0.372548 0.443581 0.366164 0.463504 0.332027 0.629183 0.317676 
0.450648 0.361766 0.452138 0.375077 0.444709 0.374304 0.542042 0.357262 
0.44896 0.379742 0.436468 0.381702 0.513767 0.361095 0.577067 0.347597 
0.457623 0.38488 0.463915 0.400383 0.488769 0.404644 0.529688 0.387639 
0.456667 0.422614 0.453822 0.425676 0.547051 0.421729 0.483656 0.410862 
0.4893 0.430316 0.50362 0.442097 0.536188 0.450457 0.506312 0.441689 
0.489698 0.487843 0.483583 0.498963 0.507079 0.49027 0.49082 0.469477 
0.573136 0.478838 0.5775 0.490291 0.552747 0.491464 0.581377 0.508787 
0.55412 0.596902 0.540617 0.555806 0.548732 0.531731 0.571513 0.539296 
0.63038 0.545759 0.796769 0.494861 0.643872 0.495763 0.771823 0.495861 
0.631679 0.574605 0.702563 0.615709 0.617819 0.559458 0.718037 0.550188 
0.578302 0.764196 0.626003 0.655733 0.614797 0.627287 0.591578 0.633395 
0.638349 0.689171 0.6547 0.63046 0.656326 0.608845 0.68439 0.60697 
0.69667 0.579743 0.830164 0.583868 0.707095 0.599768 0.661905 0.599699 
0.735311 0.572845 0.782531 0.579088 0.742947 0.536011 0.976434 0.527838 
0.689484 0.59631 0.659085 0.62032 0.701386 0.594672 0.797915 0.604705 
0.650641 0.611884 0.629826 0.628312 0.660257 0.62156 0.645939 0.618256 
0.591172 0.611275 0.565072 0.625949 0.628763 0.633766 0.555733 0.74177 
0.584054 0.583364 0.562691 0.595674 0.599639 0.598601 0.5285 0.653205 
0.62836 0.515776 0.542227 0.539539 0.62458 0.54091 0.52671 0.531096 
0.549738 0.50863 0.508723 0.522023 0.556542 0.518544 0.480445 0.510502 
0.495061 0.469872 0.456833 0.491221 0.493714 0.49072 0.432474 0.4611 
0.44319 0.444974 0.428714 0.455727 0.452565 0.44969 0.407547 0.431516 
0.421965 0.394882 0.386334 0.416227 0.409329 0.415419 0.361995 0.385156 
0.38085 0.375864 0.366547 0.382596 0.382715 0.374387 0.372356 0.360582 
0.477337 0.299063 0.357282 0.338153 0.36852 0.335327 0.352147 0.295529 
0.430784 0.314158 0.350005 0.316231 0.371018 0.283878 0.508779 0.260527 
0.352724 0.319035 0.318225 0.319722 0.345938 0.301458 0.42031 0.29047 
0.321453 0.456263 0.297116 0.340872 0.342295 0.309475 0.477774 0.299113 
0.317922 0.418665 0.306557 0.346607 0.346818 0.325082 0.427802 0.318318 
0.355683 0.371002 0.344222 0.372148 0.345014 0.418062 0.393718 0.342139 
0.359302 0.395109 0.35403 0.390951 0.371529 0.416871 0.403045 0.368825 
0.398079 0.39719 0.398819 0.419216 0.403328 0.418489 0.38086 0.400657 
0.411059 0.442044 0.412714 0.448711 0.429915 0.448219 0.421661 0.434032 
0.456216 0.459074 0.464959 0.484259 0.462873 0.472975 0.427647 0.466295 
0.474493 0.509818 0.479925 0.515946 0.493477 0.50786 0.481909 0.505828 
0.523607 0.52584 0.540015 0.551024 0.528247 0.537883 0.49505 0.532614 
0.543197 0.576224 0.548915 0.578519 0.563583 0.55565 0.598839 0.569395 
0.583899 0.584539 0.619927 0.613297 0.586684 0.595449 0.585291 0.593344 
0.532286 0.690595 0.576659 0.685575 0.573187 0.658107 0.532972 0.765658 
0.628494 0.611476 0.816481 0.685535 0.622979 0.650262 0.583929 0.687931 
0.635478 0.617284 0.74457 0.649283 0.636186 0.642284 0.596636 0.62938 
0.606608 0.636443 0.625014 0.672457 0.591461 0.744225 0.553689 0.650716 
0.58995 0.615104 0.600436 0.622405 0.591941 0.676745 0.554999 0.602224 
0.562339 0.58614 0.540894 0.61789 0.569945 0.591844 0.539772 0.582871 
0.508317 0.580809 0.497599 0.568553 0.522283 0.568917 0.492389 0.544912 
0.449858 0.568114 0.408893 0.683287 0.441725 0.530697 0.437612 0.531692 
0.353111 0.684599 0.344893 0.592307 0.391056 0.508908 0.373441 0.506746 
0.336688 0.619841 0.327147 0.470601 0.377351 0.443603 0.357296 0.460375 
0.344934 0.455002 0.335761 0.411624 0.351197 0.400809 0.332912 0.398555 
0.337776 0.409726 0.326954 0.363628 0.347969 0.352615 0.341427 0.373107 
0.333194 0.364058 0.324696 0.358911 0.333271 0.361866 0.323754 0.355377 
0.326366 0.459289 0.324542 0.353 0.373092 0.326698 0.421674 0.350687 
0.352779 0.424671 0.352468 0.368701 0.382022 0.363877 0.407735 0.360586 
0.425678 0.354725 0.485647 0.327986 0.552724 0.333691 0.443349 0.366728 
0.441075 0.403083 0.48431 0.390463 0.529549 0.405274 0.454296 0.405336 
0.481598 0.432232 0.480225 0.451438 0.498383 0.444629 0.492958 0.45081 
0.515355 0.476819 0.53149 0.482708 0.541759 0.498139 0.523305 0.48471 
0.580212 0.491396 0.559567 0.516741 0.568724 0.494188 0.666738 0.498027 
0.603757 0.533678 0.653824 0.534553 0.615686 0.560345 0.655126 0.543304 
0.625381 0.565585 0.637484 0.592371 0.60341 0.597758 0.611485 0.601084 
0.609226 0.664055 0.604704 0.62786 0.62848 0.663244 0.622557 0.635283 
0.644171 0.633962 0.624087 0.650312 0.612379 0.656198 0.608395 0.646909 
0.621867 0.632632 0.608531 0.650214 0.624586 0.817442 0.601785 0.661626 
0.69667 0.573916 0.625027 0.668688 0.604866 0.708039 0.606703 0.611493 
0.664607 0.541872 0.633395 0.549013 0.818939 0.514855 0.746549 0.563679 
0.596618 0.491724 0.660996 0.50711 0.677851 0.507261 0.633911 0.545593 
0.517398 0.549546 0.55098 0.477349 0.614079 0.452878 0.529605 0.498341 
0.456769 0.476312 0.460333 0.456176 0.503173 0.428288 0.459607 0.46142 
0.415386 0.412382 0.41234 0.412389 0.397029 0.387489 0.393655 0.404207 
0.351049 0.401064 0.329277 0.49117 0.324377 0.432599 0.332834 0.402925 
0.331119 0.41661 0.317631 0.443303 0.301794 0.397925 0.315676 0.374102 
0.336798 0.38669 0.334791 0.378196 0.342169 0.357495 0.337822 0.369095 
0.359107 0.385366 0.353925 0.391194 0.336171 0.376039 0.342627 0.370399 
0.378304 0.397635 0.378727 0.385538 0.38844 0.377887 0.379835 0.397225 
0.3967 0.492625 0.391526 0.43576 0.390129 0.425926 0.394182 0.431986 
0.444808 0.487083 0.450138 0.426513 0.517538 0.420717 0.460824 0.457521 
0.507775 0.482602 0.498805 0.475951 0.516786 0.476462 0.487663 0.487157 
0.524782 0.526837 0.522624 0.513678 0.520033 0.513185 0.529575 0.5343 
0.5922 0.5392 0.565068 0.54604 0.549112 0.552992 0.552199 0.565127 
0.590501 0.573348 0.580141 0.567044 0.5608 0.571164 0.586006 0.601053 
0.740637 0.564563 0.617185 0.577984 0.586976 0.598321 0.586737 0.666729 
0.678398 0.587345 0.604323 0.58451 0.577072 0.592521 0.607287 0.655606 
0.652128 0.697566 0.582239 0.586397 0.612608 0.615624 0.586218 0.595492 
0.601132 0.632873 0.561953 0.562251 0.570218 0.578106 0.582065 0.583969 
0.528111 0.52513 0.551046 0.537847 0.517371 0.535218 0.534388 0.524989 
0.478748 0.504075 0.486946 0.496984 0.466714 0.522663 0.502613 0.505265 
0.424834 0.422937 0.468227 0.479489 0.420635 0.468862 0.439962 0.439371 
0.394256 0.439321 0.410916 0.418949 0.403497 0.389634 0.457828 0.410706 
0.400885 0.330636 0.5512 0.329851 0.416415 0.354565 0.41956 0.342365 
0.425122 0.311394 0.499034 0.307957 0.428902 0.280458 0.60942 0.303239 
0.404595 0.321014 0.423683 0.320676 0.446879 0.321048 0.522949 0.305281 
0.431353 0.333869 0.427701 0.325922 0.46319 0.296716 0.63683 0.322135 
0.419073 0.363802 0.397319 0.378601 0.410443 0.420267 0.539749 0.350545 
0.422712 0.41084 0.410401 0.407055 0.423189 0.435245 0.441759 0.437338 
0.442507 0.425642 0.419707 0.439967 0.436187 0.47237 0.454098 0.426673 
0.440442 0.485276 0.432985 0.474424 0.444723 0.490775 0.417717 0.530108 
0.44999 0.504012 0.432047 0.523976 0.428317 0.651791 0.412395 0.52594 
0.380855 0.625454 0.417095 0.560646 0.426221 0.640245 0.362722 0.791844 
0.468247 0.561137 0.46533 0.531924 0.516196 0.539399 0.447007 0.643715 
0.448902 0.563667 0.467489 0.544015 0.485606 0.554337 0.415594 0.725935 
0.468132 0.535741 0.467746 0.539069 0.476015 0.52251 0.440411 0.611943 
0.491324 0.504156 0.478007 0.508823 0.473726 0.492 0.448189 0.490729 
0.452559 0.485891 0.457017 0.503221 0.468624 0.475827 0.434237 0.4648 
0.456763 0.459338 0.458702 0.466174 0.458913 0.443071 0.428467 0.413519 
0.428971 0.435012 0.44742 0.456626 0.551972 0.42398 0.424962 0.398493 
0.421605 0.437696 0.431309 0.447713 0.495918 0.414399 0.409214 0.388314 
0.357082 0.476627 0.343933 0.667763 0.331219 0.578141 0.335632 0.435056 
0.371732 0.490845 0.366126 0.57499 0.3703 0.50699 0.359534 0.417438 
0.354119 0.474246 0.366383 0.488751 0.331418 0.601719 0.33474 0.427779 
0.385638 0.428698 0.389235 0.453315 0.365955 0.519435 0.36211 0.405814 
0.354016 0.473717 0.36272 0.408087 0.359398 0.40577 0.367951 0.396173 
0.372668 0.425621 0.372278 0.396872 0.36108 0.398423 0.365344 0.381772 
0.355146 0.36916 0.358061 0.353057 0.339262 0.332508 0.35029 0.354789 
0.344919 0.357568 0.341357 0.353996 0.316792 0.375848 0.326112 0.348829 
0.312121 0.31119 0.313068 0.306467 0.291702 0.305558 0.300665 0.311711 
0.307839 0.292933 0.302084 0.291001 0.291867 0.271021 0.32279 0.284021 
0.255963 0.251369 0.256517 0.248132 0.243279 0.233832 0.26113 0.252269 
0.247869 0.238932 0.24644 0.237571 0.237154 0.225786 0.233814 0.241064 
0.186954 0.181208 0.187862 0.179084 0.179879 0.170306 0.18055 0.183242 
0.189111 0.181403 0.187792 0.180516 0.183103 0.171849 0.176656 0.18134 
