0 0 0 0 0 0 0 0 
0.0174551 0.0174551 0.0174551 0.0174551 0.0174551 0.0174551 0.0174551 0.0174551 
0.0349101 0.0349101 0.0349101 0.0349101 0.0349101 0.0349101 0.0349101 0.0349101 
0.0523652 0.0523652 0.0523652 0.0523652 0.0523652 0.0523652 0.0523652 0.0523652 
0.0698203 0.0698203 0.0698203 0.0698203 0.0698203 0.0698203 0.0698203 0.0698203 
0.0872753 0.0872753 0.0872753 0.0872753 0.0872753 0.0872753 0.0872753 0.0872753 
0.10473 0.10473 0.10473 0.10473 0.10473 0.10473 0.10473 0.10473 
0.122185 0.122185 0.122185 0.122185 0.122185 0.122185 0.122185 0.122185 
0.139641 0.139641 0.139641 0.139641 0.139641 0.139641 0.139641 0.139641 
0.157096 0.157096 0.157096 0.157096 0.157096 0.157096 0.157096 0.157096 
0.174551 0.174551 0.174551 0.174551 0.174551 0.174551 0.174551 0.174551 
0.192006 0.192006 0.192006 0.192006 0.192006 0.192006 0.192006 0.192006 
0.209461 0.209461 0.209461 0.209461 0.209461 0.209461 0.209461 0.209461 
0.226916 0.226916 0.226916 0.226916 0.226916 0.226916 0.226916 0.226916 
0.244371 0.244371 0.244371 0.244371 0.244371 0.244371 0.244371 0.244371 
0.261826 0.261826 0.261826 0.261826 0.261826 0.261826 0.261826 0.261826 
0.279281 0.279281 0.279281 0.279281 0.279281 0.279281 0.279281 0.279281 
0.296736 0.296736 0.296736 0.296736 0.296736 0.296736 0.296736 0.296736 
0.314191 0.314191 0.314191 0.314191 0.314191 0.314191 0.314191 0.314191 
0.331646 0.331646 0.331646 0.331646 0.331646 0.331646 0.331646 0.331646 
0.349101 0.349101 0.349101 0.349101 0.349101 0.349101 0.349101 0.349101 
0.366556 0.366556 0.366556 0.366556 0.366556 0.366556 0.366556 0.366556 
0.384011 0.384011 0.384011 0.384011 0.384011 0.384011 0.384011 0.384011 
0.401466 0.401466 0.401466 0.401466 0.401466 0.401466 0.401466 0.401466 
0.418922 0.418922 0.418922 0.418922 0.418922 0.418922 0.418922 0.418922 
0.436377 0.436377 0.436377 0.436377 0.436377 0.436377 0.436377 0.436377 
0.453832 0.453832 0.453832 0.453832 0.453832 0.453832 0.453832 0.453832 
0.471287 0.471287 0.471287 0.471287 0.471287 0.471287 0.471287 0.471287 
0.483419 0.503793 0.495747 0.493702 0.488905 0.493512 0.498551 0.492262 
0.502267 0.503103 0.50367 0.502506 0.502335 0.502444 0.50315 0.50279 
0.512917 0.53061 0.523751 0.521826 0.517441 0.52157 0.525684 0.520503 
0.529664 0.529682 0.530663 0.529611 0.529414 0.529468 0.530018 0.529971 
0.538506 0.554073 0.547651 0.54645 0.542381 0.546191 0.549259 0.545101 
0.553741 0.552645 0.553967 0.553298 0.553225 0.553175 0.553331 0.553727 
0.561161 0.575057 0.568889 0.56836 0.564586 0.568142 0.570361 0.567046 
0.575347 0.573108 0.574819 0.574439 0.574577 0.574378 0.574258 0.575043 
0.581575 0.594157 0.588128 0.588127 0.584639 0.587951 0.589577 0.586922 
0.594878 0.591618 0.593694 0.593511 0.593871 0.5935 0.593224 0.594302 
0.599936 0.611559 0.605548 0.606001 0.602716 0.605807 0.606999 0.604856 
0.612353 0.608235 0.610654 0.610621 0.611137 0.610605 0.610232 0.611516 
0.616168 0.627128 0.621047 0.621911 0.618722 0.621631 0.622489 0.620742 
0.62763 0.622779 0.625542 0.62561 0.626216 0.625558 0.625121 0.62654 
0.630088 0.640623 0.634401 0.63563 0.632458 0.635241 0.635829 0.634394 
0.640512 0.635022 0.63814 0.638252 0.638918 0.638183 0.637681 0.639192 
0.641511 0.651829 0.645401 0.646954 0.643751 0.646469 0.646813 0.645642 
0.65086 0.644805 0.648301 0.648405 0.649121 0.648365 0.647763 0.649355 
0.650367 0.660665 0.65396 0.655817 0.652549 0.655263 0.655357 0.654437 
0.658707 0.652134 0.656038 0.656096 0.656865 0.656133 0.655382 0.657068 
0.656782 0.66724 0.660178 0.662333 0.658972 0.661728 0.661571 0.660902 
0.664272 0.657184 0.661541 0.661512 0.662346 0.661664 0.660737 0.662523 
0.661024 0.671801 0.664291 0.666736 0.663266 0.666082 0.665713 0.665272 
0.667857 0.660194 0.66508 0.664899 0.665836 0.665189 0.664102 0.665965 
0.663361 0.674601 0.666548 0.66926 0.665681 0.668535 0.668049 0.667776 
0.6697 0.661324 0.666869 0.666438 0.667547 0.666876 0.665694 0.667568 
0.663941 0.675793 0.667089 0.670027 0.666361 0.669196 0.668737 0.668532 
0.6699 0.660587 0.666988 0.666176 0.667556 0.66677 0.665585 0.667375 
0.662756 0.675422 0.665908 0.669037 0.665306 0.668055 0.667798 0.667538 
0.668439 0.657869 0.6654 0.664052 0.665821 0.664815 0.663725 0.665325 
0.659707 0.673553 0.662921 0.66624 0.662435 0.665052 0.665187 0.664754 
0.665316 0.653057 0.662068 0.660017 0.662288 0.660968 0.660059 0.661382 
0.654735 0.670529 0.658094 0.661706 0.657707 0.660235 0.660957 0.660281 
0.660731 0.646207 0.65712 0.65421 0.657028 0.655365 0.654708 0.655712 
0.647883 0.667535 0.651533 0.655864 0.651212 0.653968 0.655435 0.654618 
0.655174 0.63784 0.650902 0.647183 0.650284 0.648516 0.648137 0.648923 
0.638744 0.66853 0.643046 0.650002 0.642929 0.647298 0.649314 0.64921 
0.648788 0.630135 0.643262 0.640495 0.642114 0.641628 0.641476 0.642577 
0.62187 0.691905 0.628392 0.648744 0.631147 0.643248 0.643715 0.648851 
0.636103 0.633733 0.628055 0.639666 0.631424 0.63654 0.639965 0.640912 
0.542912 0.901061 0.565615 0.677965 0.604691 0.650972 0.643277 0.677145 
0.609143 0.766969 0.602683 0.635628 0.641338 0.599901 0.729266 0.618369 
0.670045 0.613771 0.664331 0.592343 0.681893 0.542514 0.925453 0.553631 
0.655716 0.597507 0.639067 0.593171 0.661294 0.574857 0.773958 0.580448 
0.665587 0.529115 0.74709 0.554826 0.67512 0.550963 0.773753 0.556527 
0.645624 0.543208 0.682596 0.56529 0.646542 0.569022 0.680478 0.567319 
0.595573 0.560061 0.592591 0.590615 0.606359 0.588765 0.564787 0.594967 
0.622047 0.533112 0.603406 0.561275 0.603566 0.567157 0.56486 0.55856 
0.565627 0.546489 0.548398 0.575963 0.568498 0.580172 0.495995 0.616477 
0.760553 0.453602 0.623393 0.514435 0.59429 0.530718 0.552555 0.503209 
0.658469 0.489136 0.559429 0.549928 0.543242 0.596719 0.49102 0.507579 
0.573207 0.456336 0.720281 0.489015 0.5641 0.5867 0.503111 0.508478 
0.546072 0.482048 0.618806 0.543904 0.543633 0.533234 0.480163 0.490499 
0.496772 0.487472 0.538146 0.530297 0.568874 0.502276 0.51719 0.486135 
0.476686 0.528604 0.458625 0.754513 0.525967 0.510871 0.461097 0.491165 
0.457915 0.506374 0.46124 0.656337 0.523643 0.514418 0.44988 0.493856 
0.500338 0.509992 0.475176 0.517962 0.513182 0.470605 0.452244 0.45953 
0.551946 0.493581 0.513591 0.454947 0.666319 0.453164 0.479281 0.44873 
0.708932 0.64642 0.487439 0.424322 0.590056 0.430894 0.479657 0.389218 
0.603043 0.528063 0.681055 0.424557 0.457433 0.614917 0.435373 0.420885 
0.50725 0.44207 0.609379 0.392465 0.472193 0.522641 0.431478 0.420757 
0.451122 0.436891 0.460213 0.418447 0.418023 0.455794 0.439334 0.416849 
0.426325 0.377317 0.462997 0.352583 0.51698 0.394674 0.43313 0.394023 
0.390923 0.382243 0.37683 0.388 0.420805 0.454703 0.43885 0.394208 
0.374154 0.356486 0.385761 0.363709 0.381934 0.428845 0.405797 0.387421 
0.358854 0.357015 0.340672 0.372113 0.365735 0.376858 0.391133 0.383159 
0.355704 0.342601 0.367608 0.346932 0.354187 0.374494 0.374112 0.375592 
0.346769 0.349184 0.330662 0.366551 0.34465 0.352964 0.369998 0.37278 
0.355768 0.338897 0.389956 0.339154 0.350949 0.356703 0.362732 0.371027 
0.356385 0.344874 0.362656 0.37419 0.349483 0.348934 0.369367 0.369163 
0.393034 0.306695 0.598607 0.311349 0.387483 0.346487 0.378156 0.376307 
0.365259 0.365666 0.462736 0.495038 0.340087 0.384676 0.364061 0.405538 
0.329558 0.422469 0.372693 0.476487 0.341262 0.427906 0.324038 0.575927 
0.372764 0.402368 0.393182 0.41326 0.37808 0.40988 0.372515 0.51564 
0.442064 0.41029 0.39009 0.407695 0.398892 0.412998 0.404791 0.421669 
0.424498 0.41399 0.405688 0.401303 0.411035 0.418259 0.421823 0.451845 
0.628244 0.409493 0.438023 0.399536 0.441478 0.413025 0.464107 0.364559 
0.537949 0.460173 0.426469 0.432815 0.433318 0.443074 0.457861 0.438962 
0.369721 0.781777 0.358367 0.509126 0.412 0.498721 0.418889 0.509799 
0.413285 0.692873 0.406953 0.507674 0.437542 0.500626 0.453541 0.528693 
0.460802 0.546601 0.457543 0.505369 0.475726 0.504347 0.477997 0.498311 
0.449384 0.623849 0.451501 0.533691 0.476256 0.531229 0.489839 0.556107 
0.489299 0.549202 0.487738 0.533664 0.516523 0.535242 0.512121 0.526015 
0.498442 0.536737 0.506896 0.548313 0.51907 0.562197 0.527798 0.605388 
0.522922 0.530116 0.524869 0.555268 0.567789 0.568335 0.541585 0.570898 
0.456254 0.583122 0.51488 0.590746 0.540677 0.63649 0.507179 0.828677 
0.555732 0.543941 0.575109 0.544538 0.738325 0.576361 0.575586 0.696633 
0.570106 0.562292 0.576088 0.584136 0.655556 0.700857 0.579282 0.629075 
0.590359 0.568564 0.582295 0.605537 0.596079 0.677775 0.583927 0.606983 
0.601589 0.562281 0.604722 0.589078 0.621556 0.610442 0.622767 0.582152 
0.733563 0.528477 0.623017 0.58837 0.602155 0.603385 0.625745 0.537397 
0.680839 0.543894 0.620552 0.580085 0.611324 0.578823 0.633603 0.54971 
0.577038 0.589049 0.584343 0.617304 0.567538 0.607394 0.583046 0.588057 
0.582312 0.572966 0.589196 0.593818 0.578504 0.584784 0.595601 0.592267 
0.493318 0.632857 0.519836 0.723356 0.505158 0.635116 0.51731 0.671213 
0.492741 0.607354 0.538866 0.658022 0.525449 0.613674 0.518624 0.774015 
0.498089 0.617449 0.536167 0.584957 0.524725 0.595153 0.513818 0.661478 
0.570537 0.549946 0.574226 0.548905 0.548065 0.544443 0.568617 0.545966 
0.460157 0.745051 0.497337 0.550777 0.503177 0.561879 0.499476 0.569221 
0.722575 0.51672 0.723269 0.454135 0.575547 0.472404 0.608742 0.475054 
0.625243 0.48753 0.634794 0.454913 0.534492 0.479637 0.551334 0.465183 
0.556636 0.462788 0.541701 0.443248 0.571311 0.402987 0.786184 0.376541 
0.519424 0.399958 0.523618 0.426096 0.522456 0.426932 0.648463 0.392592 
0.479329 0.390037 0.47555 0.402386 0.584923 0.38053 0.65476 0.35099 
0.4569 0.353856 0.469122 0.391408 0.515694 0.399892 0.554128 0.362934 
0.415032 0.364191 0.429145 0.382965 0.555334 0.380348 0.453473 0.354629 
0.419037 0.334936 0.441927 0.367071 0.498419 0.379319 0.44102 0.353995 
0.385043 0.360494 0.423681 0.384164 0.429776 0.380993 0.389155 0.348526 
0.456006 0.322993 0.478262 0.348604 0.441627 0.356065 0.465514 0.365729 
0.394105 0.449819 0.393677 0.39814 0.405884 0.365169 0.430434 0.371109 
0.461967 0.368219 0.669557 0.310101 0.479963 0.338838 0.639784 0.298034 
0.442092 0.382625 0.544002 0.43163 0.438114 0.372878 0.571491 0.338176 
0.420351 0.585587 0.451754 0.45377 0.436095 0.407284 0.432876 0.397422 
0.456412 0.511176 0.471254 0.425383 0.469457 0.398629 0.51696 0.386707 
0.521017 0.377189 0.697397 0.368068 0.542264 0.370712 0.520786 0.374723 
0.566032 0.39035 0.649597 0.381791 0.583221 0.33963 0.878648 0.335457 
0.538595 0.426633 0.52908 0.441354 0.566673 0.413001 0.708228 0.444124 
0.530246 0.481089 0.519657 0.482877 0.551234 0.468081 0.572012 0.486027 
0.489823 0.523589 0.475202 0.524095 0.549322 0.526862 0.484536 0.704366 
0.528169 0.569715 0.509919 0.541027 0.55823 0.535028 0.503376 0.643611 
0.65373 0.549521 0.544297 0.521322 0.657961 0.513586 0.551217 0.53251 
0.616761 0.570961 0.567304 0.560495 0.628814 0.549017 0.559018 0.562635 
0.606135 0.562683 0.566001 0.583765 0.60493 0.575612 0.551163 0.558897 
0.597547 0.594955 0.586768 0.601611 0.61318 0.587615 0.585018 0.582164 
0.633032 0.575399 0.592878 0.604241 0.612984 0.596576 0.574525 0.572023 
0.626633 0.606043 0.614206 0.609372 0.627086 0.595648 0.640283 0.591298 
0.826276 0.518372 0.649906 0.580287 0.648664 0.571026 0.649443 0.521475 
0.759467 0.579723 0.651454 0.578591 0.670083 0.535212 0.888998 0.501781 
0.622499 0.59548 0.600756 0.598188 0.628354 0.569701 0.733015 0.55608 
0.539793 0.814716 0.540926 0.625531 0.598135 0.586965 0.761176 0.570946 
0.503131 0.69496 0.528464 0.598242 0.572349 0.568228 0.640778 0.553458 
0.519057 0.548319 0.53681 0.574305 0.529239 0.641084 0.545166 0.524035 
0.457847 0.50721 0.489101 0.538052 0.502171 0.564133 0.485247 0.489688 
0.447257 0.424767 0.47777 0.48909 0.478448 0.478186 0.394931 0.445464 
0.377311 0.40666 0.405511 0.48327 0.421009 0.436575 0.358954 0.407996 
0.372744 0.336347 0.399349 0.418643 0.39836 0.364256 0.335505 0.346638 
0.310635 0.322244 0.342104 0.357665 0.357737 0.329125 0.310402 0.320247 
0.309264 0.275981 0.336482 0.33294 0.32501 0.297882 0.251166 0.285276 
0.265809 0.279243 0.289553 0.2968 0.304992 0.258342 0.318035 0.271788 
0.314307 0.241322 0.327698 0.298518 0.28732 0.260846 0.266035 0.251771 
0.211642 0.340036 0.26122 0.348439 0.246508 0.297763 0.194007 0.425402 
0.278514 0.268561 0.512419 0.370855 0.276503 0.304649 0.22856 0.360567 
0.294632 0.282941 0.461009 0.332423 0.30163 0.30929 0.256236 0.306861 
0.289518 0.340727 0.359421 0.399699 0.279169 0.485045 0.234203 0.367691 
0.320536 0.372233 0.374331 0.39093 0.32746 0.460689 0.290366 0.362452 
0.35782 0.415362 0.37408 0.471074 0.370719 0.435811 0.340718 0.4114 
0.38693 0.495732 0.403143 0.495188 0.40264 0.473071 0.414713 0.436391 
0.397014 0.609265 0.370846 0.797701 0.387505 0.542412 0.453036 0.528679 
0.359492 0.907172 0.376604 0.782232 0.417502 0.621085 0.430573 0.617739 
0.430087 0.936496 0.437681 0.713677 0.482093 0.68818 0.469554 0.675381 
0.544833 0.752844 0.539106 0.687979 0.552921 0.688614 0.534267 0.665472 
0.613254 0.722284 0.60621 0.66086 0.631065 0.654711 0.62612 0.683162 
0.646311 0.683996 0.634048 0.680413 0.647706 0.694663 0.639599 0.691537 
0.652812 0.828296 0.655908 0.67566 0.720317 0.650792 0.802348 0.692643 
0.678576 0.742506 0.674286 0.676119 0.714544 0.685241 0.753394 0.69001 
0.742529 0.589475 0.828922 0.58462 0.912698 0.612458 0.745706 0.661075 
0.693202 0.603735 0.739723 0.618378 0.79566 0.653548 0.692962 0.658522 
0.667516 0.56402 0.650455 0.623323 0.66278 0.633473 0.656011 0.645035 
0.617833 0.536987 0.61478 0.57363 0.624677 0.607389 0.609888 0.596585 
0.601918 0.456323 0.559322 0.517373 0.558714 0.511234 0.678332 0.521665 
0.529745 0.415515 0.560747 0.439864 0.521358 0.483881 0.56767 0.472032 
0.472321 0.34763 0.483742 0.3993 0.427131 0.422053 0.432133 0.434656 
0.367478 0.388572 0.351343 0.358165 0.384175 0.40757 0.372791 0.386761 
0.343895 0.307689 0.302488 0.333995 0.306793 0.350535 0.299964 0.341993 
0.282322 0.290062 0.256632 0.306535 0.300077 0.506405 0.269006 0.327753 
0.369915 0.232905 0.272627 0.34759 0.275693 0.42333 0.269769 0.27703 
0.365151 0.236175 0.318416 0.243056 0.592438 0.236803 0.484596 0.252175 
0.355544 0.225599 0.44438 0.243456 0.528085 0.267857 0.437895 0.281972 
0.324627 0.415519 0.39474 0.285529 0.563416 0.282902 0.390138 0.313958 
0.346334 0.423081 0.372991 0.375567 0.506341 0.357989 0.391945 0.37406 
0.393846 0.43555 0.409484 0.424305 0.437737 0.406298 0.399259 0.403482 
0.400374 0.508243 0.380932 0.657208 0.401554 0.576557 0.395006 0.500828 
0.442928 0.610159 0.434834 0.641701 0.430986 0.581018 0.442569 0.531868 
0.514431 0.598843 0.516002 0.576883 0.53726 0.551652 0.526808 0.567556 
0.573368 0.613677 0.569519 0.613356 0.547799 0.597782 0.559779 0.593596 
0.611433 0.63413 0.609812 0.607993 0.625001 0.601018 0.615901 0.636377 
0.617029 0.760432 0.610856 0.663967 0.607141 0.653409 0.620249 0.671438 
0.661996 0.711403 0.665675 0.619658 0.759688 0.614452 0.681997 0.673842 
0.697826 0.649011 0.683807 0.644373 0.699115 0.648302 0.670472 0.66777 
0.667257 0.655426 0.657878 0.640966 0.639398 0.643707 0.666528 0.677573 
0.682886 0.601721 0.64586 0.620212 0.605878 0.63249 0.629773 0.650446 
0.617217 0.581654 0.595487 0.577769 0.550969 0.587406 0.601185 0.63355 
0.71817 0.493217 0.568035 0.519997 0.508326 0.547193 0.533604 0.632828 
0.570181 0.464662 0.481843 0.456078 0.432733 0.468476 0.490765 0.545532 
0.470347 0.505128 0.396641 0.393709 0.407617 0.42808 0.400375 0.405392 
0.375076 0.414999 0.317055 0.322292 0.32346 0.341207 0.347457 0.353218 
0.294479 0.29724 0.28985 0.285243 0.259517 0.286777 0.274148 0.27848 
0.269718 0.307166 0.245293 0.263513 0.231542 0.308359 0.262904 0.286045 
0.256139 0.26299 0.27557 0.305974 0.22255 0.301925 0.236571 0.257679 
0.272065 0.357207 0.274771 0.296328 0.265463 0.267478 0.330384 0.287873 
0.347995 0.268344 0.549967 0.241714 0.34982 0.278285 0.359376 0.255277 
0.447027 0.283553 0.552057 0.263485 0.447448 0.229914 0.705892 0.253912 
0.473724 0.340062 0.490944 0.326927 0.530548 0.327407 0.648213 0.300018 
0.554379 0.391064 0.549289 0.364026 0.640348 0.325651 0.852442 0.362125 
0.55974 0.470475 0.52246 0.482036 0.574621 0.548164 0.733069 0.443028 
0.581443 0.558509 0.569107 0.553827 0.585488 0.593988 0.603476 0.581753 
0.613937 0.592957 0.581708 0.609675 0.609775 0.651766 0.624604 0.5893 
0.619373 0.664447 0.655978 0.64941 0.619791 0.680023 0.573938 0.717798 
0.612889 0.695436 0.616672 0.717259 0.58785 0.902377 0.552388 0.75632 
0.51275 0.852983 0.560195 0.756609 0.567625 0.858635 0.504249 0.985441 
0.61888 0.724376 0.605639 0.679164 0.674629 0.673814 0.579355 0.795375 
0.560724 0.682881 0.571269 0.66121 0.59596 0.657142 0.491301 0.858712 
0.539477 0.597664 0.522802 0.607742 0.528741 0.561281 0.481059 0.643741 
0.492665 0.513574 0.465472 0.525164 0.461087 0.474714 0.420183 0.452115 
0.362373 0.42686 0.37146 0.450239 0.382495 0.385659 0.327482 0.361122 
0.296463 0.330352 0.307568 0.336405 0.311851 0.29138 0.259255 0.269464 
0.220388 0.258133 0.240678 0.302623 0.369213 0.23833 0.219859 0.220798 
0.198496 0.239005 0.204709 0.2697 0.308318 0.215368 0.190496 0.209099 
0.147019 0.262663 0.126282 0.510071 0.136544 0.400557 0.136004 0.233094 
0.149249 0.322911 0.146454 0.460598 0.171037 0.369817 0.147144 0.292555 
0.1442 0.331852 0.157651 0.367444 0.140806 0.532404 0.12839 0.310333 
0.195737 0.328583 0.188984 0.418948 0.193766 0.489096 0.176525 0.317186 
0.188726 0.433217 0.199056 0.369005 0.236165 0.36539 0.230631 0.33281 
0.277252 0.410431 0.279325 0.376089 0.304964 0.396202 0.287993 0.352466 
0.324796 0.365359 0.330249 0.350119 0.346412 0.329878 0.38487 0.339967 
0.386445 0.406934 0.382889 0.404079 0.378963 0.460488 0.405044 0.395245 
0.398041 0.392854 0.402028 0.388761 0.395635 0.411391 0.404766 0.398444 
0.466749 0.419472 0.456901 0.413628 0.459471 0.399452 0.5155 0.407638 
0.427778 0.39616 0.425591 0.387579 0.419145 0.374848 0.450925 0.396998 
0.451434 0.421659 0.443478 0.411582 0.434586 0.3977 0.437294 0.423708 
0.350305 0.33249 0.347874 0.321949 0.33641 0.308997 0.341671 0.335572 
0.357803 0.340927 0.350915 0.330251 0.337853 0.315239 0.332419 0.342487 
