0 0 0 0 0 0 0 0 
0.0174551 0.0174551 0.0174551 0.0174551 0.0174551 0.0174551 0.0174551 0.0174551 
0.0349101 0.0349101 0.0349101 0.0349101 0.0349101 0.0349101 0.0349101 0.0349101 
0.0523652 0.0523652 0.0523652 0.0523652 0.0523652 0.0523652 0.0523652 0.0523652 
0.0698203 0.0698203 0.0698203 0.0698203 0.0698203 0.0698203 0.0698203 0.0698203 
0.0872753 0.0872753 0.0872753 0.0872753 0.0872753 0.0872753 0.0872753 0.0872753 
0.10473 0.10473 0.10473 0.10473 0.10473 0.10473 0.10473 0.10473 
0.122185 0.122185 0.122185 0.122185 0.122185 0.122185 0.122185 0.122185 
0.139641 0.139641 0.139641 0.139641 0.139641 0.139641 0.139641 0.139641 
0.157096 0.157096 0.157096 0.157096 0.157096 0.157096 0.157096 0.157096 
0.174551 0.174551 0.174551 0.174551 0.174551 0.174551 0.174551 0.174551 
0.192006 0.192006 0.192006 0.192006 0.192006 0.192006 0.192006 0.192006 
0.209461 0.209461 0.209461 0.209461 0.209461 0.209461 0.209461 0.209461 
0.226916 0.226916 0.226916 0.226916 0.226916 0.226916 0.226916 0.226916 
0.244371 0.244371 0.244371 0.244371 0.244371 0.244371 0.244371 0.244371 
0.261826 0.261826 0.261826 0.261826 0.261826 0.261826 0.261826 0.261826 
0.279281 0.279281 0.279281 0.279281 0.279281 0.279281 0.279281 0.279281 
0.296736 0.296736 0.296736 0.296736 0.296736 0.296736 0.296736 0.296736 
0.314191 0.314191 0.314191 0.314191 0.314191 0.314191 0.314191 0.314191 
0.331646 0.331646 0.331646 0.331646 0.331646 0.331646 0.331646 0.331646 
0.349101 0.349101 0.349101 0.349101 0.349101 0.349101 0.349101 0.349101 
0.366556 0.366556 0.366556 0.366556 0.366556 0.366556 0.366556 0.366556 
0.384011 0.384011 0.384011 0.384011 0.384011 0.384011 0.384011 0.384011 
0.401466 0.401466 0.401466 0.401466 0.401466 0.401466 0.401466 0.401466 
0.418922 0.418922 0.418922 0.418922 0.418922 0.418922 0.418922 0.418922 
0.436377 0.436377 0.436377 0.436377 0.436377 0.436377 0.436377 0.436377 
0.453832 0.453832 0.453832 0.453832 0.453832 0.453832 0.453832 0.453832 
0.471287 0.471287 0.471287 0.471287 0.471287 0.471287 0.471287 0.471287 
0.48725 0.503025 0.502088 0.495342 0.487691 0.494369 0.496115 0.490421 
0.503132 0.50404 0.504175 0.503662 0.50225 0.502892 0.503354 0.502135 
0.516679 0.531151 0.52982 0.524312 0.516918 0.522639 0.523837 0.518628 
0.530854 0.531749 0.531591 0.531892 0.529816 0.530276 0.530877 0.529359 
0.542258 0.555891 0.553809 0.549903 0.542764 0.547721 0.548335 0.543938 
0.555234 0.555954 0.555325 0.556699 0.55436 0.554687 0.555233 0.554053 
0.565119 0.578238 0.5754 0.572792 0.566063 0.570499 0.570561 0.567181 
0.577376 0.577773 0.576846 0.578944 0.576716 0.57685 0.577539 0.576845 
0.586357 0.598682 0.595537 0.593487 0.587597 0.591275 0.59134 0.588559 
0.598126 0.597708 0.596961 0.599021 0.59769 0.596738 0.599513 0.598483 
0.606055 0.617868 0.614281 0.612657 0.607489 0.610502 0.612023 0.609671 
0.617417 0.616399 0.615517 0.617849 0.616685 0.61618 0.618157 0.619082 
0.62453 0.63581 0.631822 0.630532 0.625896 0.62883 0.629422 0.62929 
0.635733 0.633665 0.632874 0.635332 0.634459 0.63395 0.635778 0.636579 
0.641546 0.652661 0.648121 0.64733 0.642882 0.645921 0.645627 0.646331 
0.652145 0.649925 0.648851 0.651739 0.650725 0.650779 0.65157 0.65461 
0.657072 0.66831 0.663266 0.662902 0.65856 0.661859 0.660459 0.663651 
0.668568 0.664688 0.663718 0.666683 0.665842 0.666025 0.666541 0.670291 
0.672325 0.682923 0.67719 0.67712 0.672892 0.676294 0.674181 0.678978 
0.681964 0.677667 0.677326 0.680093 0.679603 0.679546 0.680476 0.682908 
0.684517 0.695427 0.689697 0.689822 0.685763 0.689004 0.686799 0.690554 
0.693828 0.689056 0.689281 0.691963 0.691702 0.691568 0.692503 0.693724 
0.695332 0.706577 0.700774 0.700875 0.697033 0.700105 0.697598 0.700884 
0.704388 0.698747 0.699784 0.702079 0.702233 0.701829 0.702935 0.703265 
0.704777 0.716101 0.710352 0.71025 0.706695 0.709456 0.706975 0.709995 
0.71355 0.706657 0.708594 0.710534 0.711045 0.710401 0.711888 0.711416 
0.712628 0.724114 0.718259 0.718001 0.714626 0.717208 0.714782 0.717738 
0.721114 0.712796 0.715696 0.717247 0.718203 0.717257 0.719207 0.71789 
0.718675 0.73073 0.724573 0.724153 0.720902 0.723332 0.720941 0.723889 
0.727095 0.717262 0.721215 0.722384 0.723803 0.722467 0.72499 0.722682 
0.723179 0.736464 0.729587 0.729052 0.725739 0.728151 0.725803 0.728874 
0.732156 0.72067 0.725566 0.726449 0.728271 0.726535 0.729885 0.726475 
0.72688 0.742773 0.733964 0.733516 0.729713 0.732517 0.730196 0.733755 
0.737346 0.72442 0.729515 0.730491 0.732398 0.730435 0.735 0.730395 
0.730753 0.752394 0.738882 0.738983 0.733786 0.737838 0.735506 0.740162 
0.744149 0.731226 0.734204 0.736218 0.737465 0.735629 0.742469 0.736154 
0.735751 0.771941 0.746147 0.74798 0.739266 0.746537 0.744572 0.751079 
0.754223 0.747112 0.740705 0.746731 0.745242 0.744377 0.75776 0.746792 
0.737808 0.826102 0.756349 0.7668 0.746922 0.763604 0.764461 0.774006 
0.759012 0.811803 0.740809 0.771299 0.757789 0.758657 0.801905 0.768736 
0.689304 1.14433 0.760843 0.822022 0.755513 0.795958 0.830422 0.832274 
0.793316 1.0359 0.789494 0.777947 0.833894 0.705243 1.11912 0.732675 
0.859537 0.81307 0.869189 0.765382 0.877136 0.777381 1.31842 0.774039 
0.898674 0.740838 0.87991 0.748354 0.885332 0.777858 1.13808 0.773971 
0.954871 0.625928 1.15438 0.715893 0.993556 0.681997 1.2332 0.706196 
0.899712 0.678163 1.0216 0.752654 0.913217 0.785598 0.989333 0.797004 
0.847336 0.712152 0.84142 0.785624 0.849123 0.795776 0.770471 0.831276 
0.881022 0.696573 0.844674 0.756642 0.843982 0.767298 0.748515 0.771293 
0.868057 0.703679 0.764878 0.777316 0.789847 0.794463 0.626093 0.924949 
1.10511 0.633855 0.882082 0.703817 0.827778 0.738142 0.712472 0.719336 
0.992744 0.64407 0.826146 0.778677 0.748662 0.900398 0.614875 0.680878 
0.827113 0.61393 1.14941 0.713852 0.790661 0.916304 0.640148 0.681879 
0.761767 0.633462 1.01008 0.757448 0.797808 0.761421 0.621678 0.62998 
0.694396 0.648656 0.814168 0.800244 0.872245 0.679794 0.741526 0.611731 
0.654998 0.699772 0.726506 1.15016 0.879593 0.661661 0.64766 0.613027 
0.632149 0.725518 0.663791 1.04377 0.81822 0.69537 0.602295 0.640647 
0.701671 0.720394 0.685121 0.7599 0.810674 0.606734 0.609867 0.594427 
0.894144 0.75536 0.726385 0.66364 1.08534 0.622823 0.664033 0.604444 
1.09941 1.02806 0.762698 0.555549 0.951474 0.605834 0.654579 0.49407 
0.932768 0.833804 1.087 0.572111 0.691693 0.958361 0.607685 0.51916 
0.750209 0.66519 0.959941 0.503771 0.676488 0.806875 0.579441 0.515689 
0.628361 0.575563 0.698529 0.478411 0.583895 0.63898 0.585549 0.493013 
0.581394 0.438845 0.64473 0.363211 0.784293 0.504584 0.573181 0.435253 
0.506319 0.407182 0.488409 0.38461 0.586728 0.62118 0.605124 0.414304 
0.454534 0.348781 0.450745 0.348711 0.45367 0.553862 0.515681 0.39466 
0.47035 0.301268 0.378621 0.319345 0.399674 0.402269 0.457093 0.348408 
0.410532 0.277 0.367715 0.289072 0.327097 0.408632 0.389184 0.333342 
0.326845 0.273885 0.304257 0.282087 0.290095 0.32076 0.345905 0.322173 
0.326987 0.235493 0.359737 0.247517 0.275299 0.275196 0.321523 0.288905 
0.276086 0.223002 0.362358 0.259233 0.249299 0.241907 0.287017 0.304816 
0.324581 0.137218 0.685621 0.267323 0.25856 0.222001 0.277159 0.290515 
0.240596 0.221647 0.471065 0.538843 0.157592 0.263482 0.227287 0.328739 
0.218298 0.260669 0.311622 0.41697 0.221259 0.279237 0.149957 0.613419 
0.270454 0.222672 0.283989 0.273216 0.23594 0.240205 0.203463 0.482815 
0.348542 0.215729 0.255222 0.226739 0.227099 0.224024 0.239947 0.286968 
0.298744 0.222932 0.238886 0.195558 0.221828 0.221701 0.23577 0.310922 
0.666817 0.164453 0.285295 0.171772 0.241256 0.191009 0.290401 0.140284 
0.445461 0.337138 0.212955 0.206421 0.210219 0.226427 0.252832 0.221793 
0.193966 0.710489 0.210179 0.250541 0.195109 0.251677 0.215042 0.267474 
0.191121 0.623838 0.212401 0.252824 0.201175 0.26509 0.227042 0.297269 
0.227168 0.392805 0.22525 0.249419 0.229761 0.252882 0.243713 0.248783 
0.180787 0.504637 0.194537 0.277276 0.213 0.30647 0.236663 0.331282 
0.221911 0.364295 0.221427 0.273469 0.254941 0.291525 0.254844 0.28783 
0.19213 0.285115 0.227205 0.297319 0.223004 0.437129 0.229692 0.472144 
0.223133 0.26705 0.23886 0.299899 0.308955 0.399681 0.246935 0.486283 
0.200167 0.277888 0.250423 0.304324 0.333233 0.423343 0.294337 0.692248 
0.357117 0.228718 0.329627 0.258986 0.684143 0.362455 0.363027 0.553915 
0.344974 0.261304 0.327144 0.320277 0.545799 0.623111 0.321345 0.449698 
0.3809 0.293695 0.343565 0.357605 0.417332 0.572468 0.341992 0.393661 
0.418481 0.282118 0.39398 0.346922 0.449004 0.442704 0.391794 0.382081 
0.745919 0.224099 0.464227 0.351434 0.438835 0.412412 0.453006 0.27144 
0.681572 0.269034 0.480221 0.371263 0.465017 0.391866 0.472686 0.303369 
0.466792 0.415004 0.439913 0.484514 0.40974 0.474132 0.41502 0.436405 
0.457882 0.444647 0.462169 0.516725 0.442723 0.49232 0.444732 0.502946 
0.314184 0.628798 0.382772 0.857745 0.347449 0.642897 0.338943 0.797431 
0.410345 0.634145 0.457889 0.78556 0.43045 0.655627 0.41259 0.933096 
0.521568 0.68527 0.543407 0.646248 0.494404 0.656855 0.48339 0.805644 
0.626105 0.720131 0.616815 0.672013 0.56881 0.660371 0.565593 0.705471 
0.596573 1.09557 0.66396 0.658595 0.585706 0.703225 0.575392 0.756017 
1.10683 0.773569 1.09546 0.638579 0.741268 0.65905 0.75424 0.760861 
1.01205 0.803066 0.979454 0.658084 0.762008 0.662722 0.886091 0.686876 
0.834861 0.784543 0.797924 0.79319 0.839934 0.722186 1.19002 0.707153 
0.848512 0.640772 0.877045 0.731167 0.857975 0.723671 1.11804 0.683409 
0.823351 0.621491 0.852141 0.660313 1.10787 0.683919 1.17385 0.636068 
0.811943 0.601591 0.819982 0.689628 1.00539 0.72495 1.07104 0.642921 
0.765923 0.622352 0.821654 0.669251 1.15116 0.678273 0.867679 0.621766 
0.795421 0.608345 0.82599 0.679173 1.03075 0.700359 0.852287 0.660495 
0.749556 0.648509 0.897552 0.680667 0.874965 0.692413 0.75433 0.650993 
0.939814 0.616516 0.938137 0.657574 0.881282 0.656418 0.945523 0.73635 
0.782086 0.894494 0.845616 0.715528 0.80013 0.654569 0.886319 0.703387 
0.791153 0.835592 1.20221 0.683012 0.857514 0.706412 1.18487 0.637574 
0.742838 0.774112 0.972937 0.884375 0.757206 0.720378 1.0192 0.639531 
0.702025 1.09943 0.784803 0.844345 0.737919 0.685168 0.769024 0.719509 
0.687112 0.888711 0.768277 0.71574 0.704731 0.736602 0.731086 0.670396 
0.719863 0.630056 1.07246 0.594969 0.792349 0.563597 0.828521 0.51545 
0.66318 0.552833 0.914032 0.544541 0.752181 0.565568 1.08253 0.564237 
0.610029 0.481936 0.646686 0.531156 0.70458 0.529168 0.899035 0.564075 
0.522656 0.493611 0.523511 0.519976 0.604723 0.493792 0.63318 0.545611 
0.376992 0.494945 0.375443 0.509799 0.54308 0.519681 0.403499 0.841516 
0.399025 0.521326 0.342262 0.461896 0.483235 0.444039 0.359216 0.667368 
0.575151 0.448466 0.335401 0.357919 0.632614 0.336071 0.360475 0.380362 
0.457638 0.37452 0.322967 0.338816 0.512956 0.308414 0.327302 0.322969 
0.350999 0.304103 0.272793 0.323159 0.391392 0.303102 0.255889 0.273638 
0.294945 0.27607 0.264855 0.292267 0.34607 0.266474 0.262345 0.248555 
0.286357 0.231756 0.22998 0.267854 0.294403 0.252699 0.214193 0.243784 
0.291334 0.211119 0.240683 0.23688 0.286509 0.221198 0.277163 0.247101 
0.615637 0.119848 0.262698 0.192758 0.300968 0.165104 0.355874 0.119586 
0.507132 0.18705 0.258936 0.186946 0.320094 0.130848 0.655899 0.105097 
0.277712 0.270124 0.202056 0.215794 0.289088 0.164929 0.526514 0.150226 
0.174159 0.616151 0.142145 0.25536 0.284064 0.206745 0.704815 0.130319 
0.142817 0.504518 0.159811 0.271176 0.257569 0.287207 0.535734 0.152292 
0.204067 0.303814 0.224327 0.265734 0.261344 0.447182 0.488419 0.143357 
0.169143 0.261672 0.212477 0.289263 0.272997 0.374103 0.397835 0.160179 
0.207501 0.211586 0.250882 0.277773 0.291701 0.280463 0.293649 0.165696 
0.171308 0.243478 0.208775 0.408992 0.267232 0.28384 0.285687 0.181659 
0.245841 0.210281 0.281142 0.354272 0.3154 0.226968 0.358469 0.152868 
0.224745 0.248191 0.286048 0.313287 0.346622 0.232754 0.428668 0.178726 
0.316404 0.242093 0.358262 0.335294 0.368074 0.255692 0.358772 0.192873 
0.304287 0.311811 0.370986 0.352457 0.410212 0.25646 0.572542 0.252188 
0.521745 0.29944 0.500062 0.414859 0.436307 0.316923 0.50115 0.282913 
0.304982 0.597968 0.477416 0.642053 0.366377 0.475482 0.300249 0.735139 
0.451494 0.560764 0.930414 0.768612 0.451776 0.524559 0.384993 0.620601 
0.528173 0.507611 0.893426 0.661881 0.516973 0.580092 0.439781 0.479178 
0.477828 0.582902 0.682422 0.695258 0.474758 0.863664 0.418322 0.582757 
0.522013 0.60153 0.624945 0.685423 0.536985 0.823428 0.471657 0.537994 
0.512843 0.656291 0.590808 0.724284 0.560518 0.698067 0.535139 0.649698 
0.528509 0.784185 0.534939 0.865148 0.555279 0.696673 0.659405 0.626419 
0.492882 0.966567 0.545295 1.04387 0.513128 0.718552 0.72675 0.678611 
0.533624 1.11426 0.519151 1.02204 0.523391 0.788353 0.588294 0.735518 
0.566177 1.08321 0.587212 0.838493 0.534632 0.890956 0.560139 0.767281 
0.638737 0.819711 0.653642 0.695626 0.598458 0.859727 0.561283 0.736755 
0.68628 0.740066 0.737586 0.603836 0.661843 0.688593 0.679223 0.688953 
0.670062 0.650305 0.684806 0.574579 0.665417 0.678188 0.6474 0.702192 
0.630727 0.832734 0.63811 0.560265 0.703921 0.560544 0.935139 0.64022 
0.630008 0.685827 0.614006 0.511571 0.758824 0.562122 0.802833 0.592615 
0.722989 0.348774 0.912884 0.408068 0.911216 0.410454 0.741003 0.506185 
0.625114 0.381868 0.741687 0.434176 0.769387 0.484083 0.611075 0.507461 
0.594325 0.318782 0.599789 0.460136 0.563797 0.427896 0.619385 0.461707 
0.517079 0.338085 0.531209 0.42402 0.490445 0.431988 0.536472 0.43229 
0.523746 0.250873 0.454478 0.374722 0.429422 0.294577 0.697786 0.324547 
0.451836 0.247998 0.557183 0.289855 0.413115 0.318612 0.544072 0.312351 
0.388852 0.204969 0.474148 0.296199 0.298189 0.34484 0.31341 0.349394 
0.25366 0.430509 0.278409 0.360452 0.273895 0.402218 0.25926 0.358411 
0.268851 0.315967 0.226953 0.353543 0.206583 0.386553 0.182721 0.385468 
0.246466 0.266901 0.19191 0.307165 0.27609 0.699821 0.218559 0.380328 
0.499598 0.153175 0.243482 0.404464 0.318062 0.505392 0.353986 0.217469 
0.45083 0.183185 0.283717 0.284615 0.746311 0.278813 0.646282 0.263147 
0.363293 0.124307 0.538786 0.20479 0.663293 0.239239 0.524022 0.250125 
0.222565 0.495975 0.397702 0.223176 0.730354 0.206671 0.367931 0.259525 
0.197684 0.4379 0.28102 0.291982 0.570248 0.261973 0.290259 0.285711 
0.238421 0.376077 0.26308 0.342794 0.367344 0.273453 0.24528 0.267172 
0.178914 0.409917 0.15841 0.662842 0.240291 0.537808 0.161416 0.36 
0.257758 0.570039 0.176461 0.578419 0.220061 0.469733 0.198361 0.34014 
0.272896 0.492848 0.243419 0.418612 0.300799 0.351246 0.262594 0.357535 
0.306337 0.4574 0.304767 0.382786 0.341885 0.354721 0.293732 0.3668 
0.316371 0.47299 0.318991 0.36484 0.402045 0.337038 0.337226 0.4135 
0.278247 0.757663 0.276671 0.448766 0.334103 0.426062 0.335706 0.487127 
0.366632 0.655061 0.386598 0.359841 0.666666 0.337269 0.451256 0.484189 
0.492522 0.52953 0.472122 0.415094 0.599621 0.422716 0.495274 0.50377 
0.491204 0.578532 0.480088 0.486854 0.505077 0.484804 0.521536 0.582648 
0.651452 0.55083 0.562414 0.511591 0.570495 0.529804 0.619351 0.613278 
0.629717 0.630256 0.5705 0.573485 0.535613 0.59152 0.605554 0.776791 
0.994871 0.61539 0.678411 0.589317 0.63702 0.678771 0.585026 0.983497 
1.02011 0.637939 0.69275 0.631415 0.6266 0.67692 0.67559 0.920352 
1.01992 1.07291 0.646806 0.679694 0.861045 0.842737 0.683861 0.77528 
0.910622 1.05513 0.649622 0.72099 0.778672 0.816069 0.761186 0.771807 
0.759743 0.813411 0.727292 0.761398 0.707015 0.760502 0.740394 0.732384 
0.691643 0.867082 0.65724 0.780275 0.628395 0.944738 0.654212 0.783016 
0.627579 0.700422 0.701558 0.890033 0.594657 0.847038 0.654292 0.704564 
0.577429 0.900727 0.614991 0.796945 0.622348 0.680793 0.692894 0.682486 
0.648749 0.539353 1.00024 0.528624 0.734784 0.536641 0.809911 0.495302 
0.683995 0.424926 0.857948 0.47597 0.726665 0.409043 0.97164 0.398366 
0.548856 0.400339 0.582356 0.407593 0.766549 0.410333 0.804216 0.35503 
0.56618 0.328292 0.467738 0.34767 0.714538 0.265761 0.839101 0.297229 
0.381564 0.304995 0.284219 0.340029 0.483107 0.474946 0.59274 0.278814 
0.280325 0.268172 0.233252 0.287455 0.322613 0.358743 0.33466 0.293005 
0.209789 0.195869 0.172643 0.217823 0.229506 0.299114 0.226163 0.218344 
0.188453 0.18264 0.240451 0.169394 0.174993 0.239517 0.165708 0.24777 
0.132629 0.16293 0.152462 0.179687 0.10931 0.532602 0.0961722 0.291603 
0.0911958 0.350634 0.110013 0.174916 0.116933 0.427397 0.087441 0.623315 
0.117098 0.246897 0.136213 0.134501 0.246177 0.246308 0.122954 0.533183 
0.104816 0.21276 0.130389 0.1662 0.170205 0.240283 0.0989186 0.702442 
0.121415 0.198757 0.138802 0.170336 0.149785 0.262379 0.117731 0.551984 
0.161407 0.196902 0.151886 0.187214 0.164998 0.240256 0.151909 0.335629 
0.147449 0.210061 0.165516 0.210531 0.227534 0.228009 0.154331 0.312555 
0.187256 0.235173 0.190523 0.251252 0.248658 0.236989 0.18652 0.242725 
0.211469 0.241206 0.239765 0.32808 0.658745 0.17932 0.254097 0.196659 
0.230081 0.356307 0.215984 0.548119 0.579792 0.316536 0.262601 0.252124 
0.211428 0.440103 0.241121 0.796904 0.293301 0.635941 0.231714 0.345952 
0.238116 0.687071 0.271403 0.827316 0.318239 0.735742 0.309096 0.425268 
0.289986 0.6902 0.364217 0.662994 0.326311 0.892449 0.3117 0.484332 
0.427656 0.596597 0.463954 0.752163 0.424324 0.80797 0.40534 0.519617 
0.390945 0.908107 0.438436 0.663796 0.471452 0.589924 0.488182 0.559323 
0.556574 0.738586 0.597548 0.549097 0.654979 0.501006 0.603885 0.548693 
0.61749 0.600233 0.655465 0.508736 0.644238 0.433639 0.645073 0.525699 
0.676421 0.603559 0.694949 0.510393 0.680094 0.459635 0.682276 0.555242 
0.668265 0.536188 0.690681 0.47315 0.653252 0.415292 0.676784 0.521897 
0.692128 0.550829 0.695783 0.477638 0.670792 0.439307 0.687029 0.540776 
0.626238 0.475926 0.640608 0.420825 0.598976 0.382585 0.626412 0.480018 
0.614087 0.4882 0.608067 0.426903 0.582567 0.399657 0.603675 0.490825 
0.469301 0.358669 0.502881 0.317241 0.440044 0.300324 0.462549 0.373386 
0.434311 0.381241 0.436247 0.336511 0.398516 0.319407 0.419916 0.390043 
