0 0 0 0 0 0 0 0 
0.0174551 0.0174551 0.0174551 0.0174551 0.0174551 0.0174551 0.0174551 0.0174551 
0.0349101 0.0349101 0.0349101 0.0349101 0.0349101 0.0349101 0.0349101 0.0349101 
0.0523652 0.0523652 0.0523652 0.0523652 0.0523652 0.0523652 0.0523652 0.0523652 
0.0698203 0.0698203 0.0698203 0.0698203 0.0698203 0.0698203 0.0698203 0.0698203 
0.0872753 0.0872753 0.0872753 0.0872753 0.0872753 0.0872753 0.0872753 0.0872753 
0.10473 0.10473 0.10473 0.10473 0.10473 0.10473 0.10473 0.10473 
0.122185 0.122185 0.122185 0.122185 0.122185 0.122185 0.122185 0.122185 
0.139641 0.139641 0.139641 0.139641 0.139641 0.139641 0.139641 0.139641 
0.157096 0.157096 0.157096 0.157096 0.157096 0.157096 0.157096 0.157096 
0.174551 0.174551 0.174551 0.174551 0.174551 0.174551 0.174551 0.174551 
0.192006 0.192006 0.192006 0.192006 0.192006 0.192006 0.192006 0.192006 
0.209461 0.209461 0.209461 0.209461 0.209461 0.209461 0.209461 0.209461 
0.226916 0.226916 0.226916 0.226916 0.226916 0.226916 0.226916 0.226916 
0.244371 0.244371 0.244371 0.244371 0.244371 0.244371 0.244371 0.244371 
0.261826 0.261826 0.261826 0.261826 0.261826 0.261826 0.261826 0.261826 
0.279281 0.279281 0.279281 0.279281 0.279281 0.279281 0.279281 0.279281 
0.296736 0.296736 0.296736 0.296736 0.296736 0.296736 0.296736 0.296736 
0.314191 0.314191 0.314191 0.314191 0.314191 0.314191 0.314191 0.314191 
0.331646 0.331646 0.331646 0.331646 0.331646 0.331646 0.331646 0.331646 
0.349101 0.349101 0.349101 0.349101 0.349101 0.349101 0.349101 0.349101 
0.366556 0.366556 0.366556 0.366556 0.366556 0.366556 0.366556 0.366556 
0.384011 0.384011 0.384011 0.384011 0.384011 0.384011 0.384011 0.384011 
0.401466 0.401466 0.401466 0.401466 0.401466 0.401466 0.401466 0.401466 
0.418922 0.418922 0.418922 0.418922 0.418922 0.418922 0.418922 0.418922 
0.436377 0.436377 0.436377 0.436377 0.436377 0.436377 0.436377 0.436377 
0.453832 0.453832 0.453832 0.453832 0.453832 0.453832 0.453832 0.453832 
0.471287 0.471287 0.471287 0.471287 0.471287 0.471287 0.471287 0.471287 
0.48213 0.490769 0.505275 0.478912 0.499856 0.487893 0.475777 0.490688 
0.501854 0.502719 0.504604 0.502331 0.50377 0.501788 0.500728 0.501705 
0.512244 0.520673 0.533573 0.510509 0.528668 0.516989 0.506188 0.519447 
0.530509 0.531523 0.533536 0.531491 0.532372 0.530326 0.52927 0.529968 
0.540025 0.547965 0.559539 0.53934 0.554949 0.544215 0.534687 0.546562 
0.557251 0.557852 0.55961 0.55847 0.558233 0.556901 0.556246 0.556244 
0.56595 0.573274 0.583661 0.565892 0.579364 0.569629 0.561112 0.571893 
0.582412 0.582393 0.583698 0.583642 0.58223 0.581742 0.581452 0.580766 
0.590344 0.59705 0.606386 0.590698 0.602314 0.593504 0.58577 0.595777 
0.606181 0.605477 0.606274 0.607271 0.604725 0.605147 0.605208 0.60393 
0.613373 0.619491 0.627882 0.613935 0.623988 0.616066 0.609048 0.618442 
0.628689 0.627266 0.627536 0.629434 0.625966 0.627288 0.627785 0.625836 
0.635193 0.640745 0.648329 0.635738 0.644617 0.63744 0.631185 0.639918 
0.650104 0.647934 0.64776 0.650298 0.646221 0.648273 0.649334 0.646542 
0.655974 0.661002 0.667987 0.656343 0.664423 0.657732 0.652306 0.660319 
0.670576 0.667689 0.667193 0.670121 0.665684 0.668237 0.669935 0.666229 
0.675842 0.680492 0.687031 0.676053 0.683557 0.677134 0.672494 0.679894 
0.690215 0.686784 0.685966 0.689233 0.684504 0.687448 0.689681 0.685189 
0.694904 0.699486 0.705561 0.695229 0.702164 0.695985 0.691885 0.698971 
0.709147 0.705483 0.704164 0.707971 0.702832 0.706274 0.708736 0.703742 
0.713297 0.718224 0.723669 0.714166 0.720387 0.714628 0.710673 0.717845 
0.727531 0.723968 0.721872 0.726542 0.72079 0.724971 0.727289 0.722098 
0.731189 0.736844 0.741471 0.73299 0.738334 0.733227 0.729047 0.736673 
0.745578 0.742329 0.739223 0.745002 0.73849 0.743622 0.745533 0.740342 
0.748829 0.755461 0.759196 0.75176 0.756168 0.751846 0.747244 0.755557 
0.763624 0.760713 0.756495 0.763452 0.756171 0.762316 0.763764 0.758585 
0.766621 0.774344 0.777279 0.77069 0.774246 0.770681 0.765662 0.774744 
0.782197 0.779473 0.774164 0.782212 0.774282 0.781355 0.782471 0.777141 
0.785157 0.794036 0.796381 0.790246 0.793141 0.790189 0.784917 0.794748 
0.802034 0.799235 0.792875 0.801858 0.793468 0.80131 0.802372 0.796591 
0.805243 0.815438 0.817428 0.811172 0.813641 0.811139 0.805909 0.816435 
0.824185 0.821003 0.813505 0.823281 0.814623 0.823107 0.824557 0.817873 
0.828071 0.840117 0.841871 0.834644 0.836923 0.834799 0.830111 0.841262 
0.850342 0.846597 0.837425 0.847961 0.839144 0.84832 0.850954 0.8426 
0.855549 0.871288 0.872354 0.862696 0.86492 0.863423 0.860346 0.871936 
0.883332 0.879976 0.866905 0.878508 0.86938 0.879741 0.885522 0.873733 
0.890277 0.917375 0.914304 0.899053 0.900943 0.900992 0.90327 0.91386 
0.925903 0.933833 0.904674 0.920247 0.90873 0.923257 0.9377 0.917974 
0.93105 1.01114 0.983232 0.950387 0.951885 0.95462 0.978617 0.98069 
0.970322 1.05441 0.949007 0.984397 0.964666 0.988723 1.04386 0.989984 
0.916561 1.43498 1.19669 1.02741 1.04823 1.02391 1.21096 1.12672 
1.01733 1.52099 1.16699 1.0583 1.08393 1.07675 1.57983 1.11678 
1.09732 1.26881 1.1741 1.1083 1.16215 1.3337 1.8095 1.27311 
1.26816 1.04807 1.36899 1.04416 1.23452 1.23271 1.73411 1.16696 
1.28522 1.06192 1.62366 1.19081 1.39069 1.1703 1.73319 1.18294 
1.20896 1.18198 1.45175 1.22096 1.2735 1.30411 1.42585 1.33073 
1.24906 1.11255 1.23151 1.17732 1.19732 1.2357 1.12834 1.29439 
1.23918 1.12701 1.163 1.17746 1.16286 1.20946 1.02293 1.25808 
1.42953 1.01924 1.13284 1.14451 1.12322 1.21375 0.898984 1.48572 
1.66116 1.0703 1.2021 1.14685 1.12035 1.26231 0.937925 1.25364 
1.43068 1.08562 1.30246 1.2221 1.10838 1.4347 0.918653 1.04863 
1.17183 1.16899 1.68836 1.30311 1.16293 1.49689 0.957392 1.10018 
1.07347 1.12743 1.59971 1.28355 1.19387 1.31809 0.894136 0.976875 
1.00284 1.09721 1.31962 1.41396 1.40009 1.10431 1.17669 0.893053 
0.861256 1.13774 1.28305 1.73333 1.52877 1.02417 1.017 0.901043 
0.835994 1.21785 1.15374 1.65434 1.38014 1.05853 0.904811 0.944966 
0.936286 1.20318 1.09209 1.27566 1.36178 0.947517 0.853078 0.955636 
1.32602 1.3383 1.11836 1.15682 1.62145 1.06562 0.932269 1.02453 
1.46991 1.59254 1.28642 0.938846 1.44432 1.09055 0.885896 0.893289 
1.32717 1.38709 1.55521 0.96437 1.13561 1.44189 0.994903 0.773164 
1.04756 1.13994 1.37453 0.850874 0.994701 1.28991 0.8793 0.717572 
0.841059 0.868294 1.04894 0.640654 0.893669 0.993301 0.838059 0.651017 
0.689819 0.662711 0.830741 0.507244 1.10459 0.804965 0.776175 0.55284 
0.689914 0.492541 0.649725 0.423853 0.866113 0.911389 0.865573 0.46307 
0.539989 0.418717 0.497049 0.369569 0.587537 0.800022 0.696709 0.426897 
0.618054 0.282343 0.433441 0.275792 0.462961 0.546247 0.543669 0.32402 
0.468902 0.260624 0.341168 0.252649 0.314628 0.532968 0.419135 0.287066 
0.31758 0.230918 0.317297 0.210301 0.241553 0.374408 0.311473 0.290525 
0.278403 0.184073 0.331733 0.194554 0.223598 0.240141 0.279953 0.222573 
0.218339 0.117622 0.582054 0.139771 0.190747 0.181383 0.207043 0.310401 
0.209662 0.142285 0.689066 0.383791 0.110303 0.163662 0.186139 0.274301 
0.147745 0.147754 0.580467 0.66767 0.0844563 0.181676 0.114041 0.467983 
0.117151 0.164019 0.369896 0.516539 0.107961 0.168772 0.118027 0.679247 
0.338374 0.129572 0.236849 0.282951 0.134031 0.152739 0.147582 0.51187 
0.353343 0.144176 0.182401 0.170403 0.134206 0.142999 0.160714 0.322652 
0.426945 0.15013 0.149231 0.128413 0.128982 0.144044 0.157075 0.288614 
0.700785 0.146361 0.168488 0.113556 0.126442 0.126612 0.177001 0.141077 
0.452207 0.510346 0.0938581 0.124227 0.113629 0.145057 0.156863 0.140606 
0.252681 0.804661 0.25891 0.107686 0.11682 0.133871 0.144854 0.145306 
0.164298 0.709545 0.152731 0.127504 0.115149 0.150976 0.147219 0.154402 
0.15309 0.512513 0.129673 0.124869 0.12329 0.134306 0.148667 0.142496 
0.111124 0.602078 0.10688 0.132023 0.122748 0.179331 0.154169 0.185062 
0.140591 0.371437 0.122082 0.123219 0.136978 0.146333 0.16145 0.172902 
0.104939 0.145026 0.131411 0.134559 0.114119 0.393352 0.119127 0.431733 
0.115317 0.119798 0.122479 0.12921 0.162876 0.328065 0.110871 0.599835 
0.12312 0.0959753 0.130893 0.104499 0.32045 0.271357 0.308203 0.704238 
0.356527 0.0892086 0.147464 0.0835521 0.622849 0.344921 0.266813 0.608632 
0.298197 0.106028 0.138894 0.126172 0.495096 0.67205 0.126324 0.405096 
0.260524 0.127766 0.153504 0.143266 0.311807 0.542647 0.157828 0.24656 
0.398804 0.100929 0.170369 0.153594 0.245212 0.347056 0.161 0.243208 
0.66061 0.120977 0.203107 0.147381 0.221722 0.238572 0.200075 0.121919 
0.593436 0.126379 0.208834 0.176632 0.205033 0.203148 0.190811 0.132369 
0.366736 0.188193 0.227343 0.216989 0.19225 0.210572 0.177046 0.198865 
0.225306 0.227266 0.189419 0.374368 0.157734 0.266728 0.158498 0.342927 
0.136752 0.343907 0.244536 0.676871 0.116335 0.356018 0.109359 0.666705 
0.210736 0.362581 0.271254 0.640413 0.174434 0.394542 0.254406 0.831673 
0.462079 0.421149 0.37154 0.435916 0.269117 0.383487 0.287584 0.734782 
0.441169 0.696868 0.380674 0.493909 0.31475 0.473156 0.278885 0.663619 
0.562106 1.05862 0.690715 0.407728 0.414429 0.474419 0.366111 0.703398 
1.09137 0.844922 1.04274 0.599505 0.540654 0.574092 0.543346 0.840051 
1.09176 0.899703 1.06368 0.556978 0.68346 0.510276 0.951546 0.607442 
0.718125 0.910635 0.778797 0.861592 0.741804 0.82139 1.26048 0.799919 
0.766829 0.646073 0.917984 0.747427 0.906995 0.769129 1.31435 0.737477 
0.675241 0.593694 0.897236 0.701746 1.22532 0.863053 1.35468 0.726371 
0.725788 0.571394 0.822563 0.723078 1.23951 0.817246 1.23987 0.71737 
0.706647 0.597208 0.889916 0.772041 1.39116 0.784294 1.01186 0.641172 
0.794085 0.633145 0.893683 0.806517 1.26756 0.81572 0.972887 0.726294 
0.827927 0.682237 1.22279 0.725229 1.09044 0.746604 0.913349 0.75466 
1.21207 0.777749 1.2238 0.789191 1.06227 0.800949 1.24089 0.983871 
1.02702 1.24716 1.28856 0.882549 1.00052 0.805358 1.29901 0.923491 
0.90581 1.36805 1.58329 1.11806 1.05588 1.06285 1.56774 1.01622 
0.902931 1.30028 1.44466 1.35152 1.03355 1.06226 1.45111 0.982757 
1.07258 1.55643 1.29018 1.26137 1.01253 0.935112 1.21774 1.01888 
1.00613 1.34891 1.29382 1.00925 1.05909 1.09708 1.11213 0.977959 
0.94314 1.12029 1.54505 1.0181 1.1148 0.896871 1.35576 0.774866 
0.804844 0.942636 1.38865 0.88552 1.03019 1.01243 1.55369 1.03223 
0.818768 0.770262 1.02791 0.805605 0.975554 0.92926 1.40157 0.955439 
0.705862 0.746702 0.798056 0.739718 0.843963 0.770259 1.12213 1.01839 
0.638561 0.740015 0.598537 0.717449 0.799421 0.731889 0.865256 1.21557 
0.76836 0.836328 0.513957 0.622993 0.740956 0.615401 0.645779 1.01901 
1.00538 0.836351 0.493383 0.531896 1.02471 0.463329 0.587869 0.600895 
0.873852 0.625194 0.490428 0.439998 0.893845 0.392845 0.502655 0.429357 
0.578281 0.549596 0.37393 0.50217 0.618261 0.38894 0.380719 0.398554 
0.522816 0.418776 0.372632 0.40402 0.510423 0.335025 0.340554 0.3324 
0.36775 0.402219 0.275526 0.451039 0.384362 0.311472 0.283455 0.399136 
0.611297 0.214657 0.336214 0.31099 0.380601 0.240937 0.336867 0.378486 
0.784446 0.184606 0.316278 0.272469 0.382199 0.132373 0.620087 0.170006 
0.656126 0.189258 0.309436 0.220124 0.378458 0.144005 0.741426 0.143459 
0.282457 0.574803 0.148179 0.26763 0.303275 0.174711 0.624392 0.174543 
0.140976 0.728211 0.16129 0.29207 0.251902 0.380365 0.729575 0.125845 
0.114786 0.623318 0.162359 0.314609 0.204376 0.52475 0.579379 0.128649 
0.139949 0.331529 0.222336 0.273622 0.247483 0.706399 0.566555 0.103373 
0.127595 0.179943 0.216347 0.305558 0.22872 0.572602 0.392061 0.121126 
0.125329 0.142986 0.210241 0.293681 0.18433 0.429953 0.194718 0.125812 
0.109112 0.138301 0.141704 0.536656 0.137622 0.327315 0.156282 0.128413 
0.129478 0.122665 0.187339 0.393773 0.180137 0.162134 0.269844 0.0954183 
0.112768 0.12878 0.187061 0.25957 0.193856 0.144402 0.325947 0.109291 
0.142252 0.130053 0.213511 0.2422 0.172945 0.147165 0.150187 0.114751 
0.121981 0.147913 0.228038 0.224777 0.201976 0.102999 0.438946 0.104831 
0.381021 0.107118 0.352273 0.282049 0.178648 0.128446 0.315693 0.0825378 
0.0980141 0.434066 0.418573 0.580257 0.101756 0.2337 0.0923637 0.535359 
0.0984973 0.420585 0.867508 0.74622 0.124158 0.25315 0.116063 0.4331 
0.153382 0.267113 0.844367 0.579777 0.127542 0.396837 0.112537 0.181485 
0.136581 0.196025 0.599151 0.408083 0.221583 0.661336 0.104711 0.14885 
0.137189 0.207578 0.385977 0.38631 0.20821 0.570811 0.132697 0.120053 
0.116624 0.228848 0.31175 0.379786 0.183972 0.381537 0.149808 0.219305 
0.105419 0.450039 0.140425 0.680109 0.11657 0.281339 0.349976 0.12691 
0.0916855 0.688387 0.207495 0.835811 0.232605 0.243686 0.48747 0.107151 
0.123402 0.740177 0.264694 0.752794 0.169531 0.304207 0.277733 0.146552 
0.118119 0.724957 0.257016 0.550969 0.0987439 0.575228 0.146911 0.175323 
0.12531 0.744875 0.166862 0.353426 0.163975 0.565832 0.142125 0.197401 
0.145021 0.65925 0.278606 0.248654 0.174166 0.378203 0.248413 0.178027 
0.129318 0.724256 0.18248 0.214652 0.265812 0.291202 0.338075 0.262436 
0.138663 0.752553 0.233745 0.212244 0.277159 0.271734 0.731152 0.260516 
0.203909 0.684187 0.287151 0.142205 0.622151 0.206984 0.713244 0.210115 
0.301482 0.379117 0.626228 0.170303 0.733474 0.144847 0.600718 0.178079 
0.352259 0.258664 0.625065 0.232732 0.747947 0.221096 0.542859 0.201471 
0.399621 0.200991 0.60874 0.283118 0.536621 0.210776 0.710411 0.174263 
0.434436 0.245363 0.569925 0.347721 0.436312 0.244557 0.800486 0.223226 
0.48496 0.226076 0.614968 0.343805 0.393799 0.307614 0.899956 0.315941 
0.563266 0.30353 0.867294 0.3495 0.45816 0.366873 0.904057 0.353222 
0.556961 0.392391 0.907242 0.405519 0.412124 0.562848 0.638927 0.4862 
0.491673 0.817137 0.708035 0.712338 0.422627 0.796748 0.50184 0.719679 
0.463123 0.89145 0.556992 0.815411 0.399983 0.956429 0.43278 0.981511 
0.77158 0.701786 0.62073 0.76548 0.797396 1.30174 0.751396 1.06772 
1.09675 0.658454 0.726794 1.06717 1.06733 1.11677 1.13916 0.800683 
1.13126 0.670918 0.939751 1.07491 1.50065 1.04574 1.48302 1.03254 
0.997606 0.714371 1.27816 0.90071 1.4909 0.896278 1.34167 0.942512 
0.840606 1.2283 1.10714 0.968369 1.41554 0.797937 1.01243 0.855141 
0.691948 1.22751 0.874012 0.914182 1.23961 0.788754 0.814087 0.853476 
0.672507 1.0606 0.699332 1.02611 0.789133 0.855956 0.620425 0.798275 
0.544263 1.02243 0.585447 1.13683 0.589502 1.08333 0.473941 0.835952 
0.702376 1.09979 0.517163 0.929935 0.494239 0.867364 0.481831 0.690508 
0.618057 0.916901 0.520958 0.646106 0.490446 0.571777 0.503301 0.604722 
0.507332 0.71934 0.485019 0.45925 0.395953 0.450425 0.453556 0.54902 
0.434786 0.664371 0.372497 0.319821 0.397981 0.321707 0.41782 0.487623 
0.259503 0.855556 0.26162 0.220878 0.275328 0.288394 0.332331 0.481373 
0.270743 0.653858 0.246549 0.112834 0.579038 0.14108 0.345584 0.382506 
0.288839 0.348163 0.210718 0.133274 0.385557 0.171702 0.283422 0.332907 
0.281591 0.220629 0.174253 0.135502 0.177042 0.168471 0.237849 0.309236 
0.298494 0.164988 0.154658 0.124736 0.16064 0.167668 0.200188 0.325876 
0.40779 0.133838 0.141274 0.112791 0.112814 0.149406 0.142402 0.470162 
0.672199 0.166791 0.138555 0.111316 0.15038 0.178147 0.11147 0.667632 
0.646618 0.152829 0.13545 0.101981 0.109357 0.138081 0.13574 0.532396 
0.775792 0.542289 0.091249 0.0934114 0.381922 0.33396 0.127442 0.294028 
0.611371 0.60482 0.104085 0.106775 0.259649 0.280675 0.150346 0.168804 
0.351812 0.322127 0.141922 0.139823 0.165413 0.166186 0.156815 0.147627 
0.230431 0.336622 0.127793 0.129903 0.102072 0.433522 0.105983 0.15318 
0.136021 0.216482 0.129781 0.357966 0.101956 0.330552 0.155605 0.14155 
0.0955748 0.594902 0.115949 0.277376 0.122077 0.198585 0.163202 0.144171 
0.134538 0.282618 0.548612 0.116995 0.236878 0.113811 0.508202 0.0864274 
0.179346 0.12565 0.638186 0.101969 0.283168 0.0964378 0.672767 0.113155 
0.146479 0.129668 0.35163 0.0869924 0.58012 0.109034 0.738795 0.10575 
0.314592 0.114407 0.210794 0.0998304 0.68848 0.0998325 0.73685 0.0896911 
0.269201 0.129468 0.133225 0.113638 0.646125 0.458501 0.701142 0.117591 
0.206821 0.156644 0.144296 0.145211 0.414558 0.517486 0.504746 0.156603 
0.184159 0.155171 0.123117 0.140668 0.310615 0.451658 0.350701 0.229041 
0.185031 0.173117 0.371051 0.127127 0.167045 0.706612 0.201769 0.34287 
0.159881 0.25193 0.239779 0.164622 0.207196 0.789948 0.150656 0.628035 
0.172106 0.639943 0.11329 0.208102 0.162643 0.713697 0.243772 0.745511 
0.27692 0.523212 0.222991 0.126806 0.587593 0.483706 0.224119 0.847565 
0.34036 0.401423 0.246474 0.171216 0.514673 0.361283 0.288991 0.894337 
0.403952 0.373432 0.305389 0.237482 0.409681 0.337988 0.293379 0.8262 
0.5119 0.337845 0.365678 0.244484 0.470602 0.2754 0.380154 0.591652 
0.472198 0.384874 0.408473 0.367782 0.491621 0.319836 0.373365 0.579302 
0.653722 0.363824 0.483071 0.37643 0.630034 0.267544 0.520886 0.350046 
0.61428 0.466086 0.436194 0.834822 0.911902 0.344864 0.531219 0.27081 
0.585127 0.58113 0.434747 1.02309 0.952578 0.473561 0.503601 0.334222 
0.549712 0.672097 0.565749 1.13893 0.591855 0.927505 0.439683 0.400415 
0.498957 1.00771 0.526527 1.0849 0.547238 1.0361 0.435041 0.523803 
0.563037 0.924062 0.588939 0.866319 0.513442 1.11917 0.474579 0.525464 
0.623973 0.755175 0.61354 0.955206 0.47789 0.966938 0.543979 0.543789 
0.549848 1.06351 0.538661 0.682469 0.523979 0.667517 0.566546 0.548804 
0.630608 0.811946 0.5975 0.50483 0.568521 0.464611 0.623853 0.49899 
0.642903 0.563618 0.610807 0.394901 0.538852 0.340441 0.598489 0.434028 
0.613314 0.471655 0.569725 0.351836 0.499588 0.300749 0.56354 0.412593 
0.544591 0.37122 0.504802 0.296881 0.417644 0.26126 0.484493 0.356786 
0.48557 0.325814 0.441731 0.272503 0.347164 0.246327 0.427579 0.33007 
0.389733 0.256178 0.360519 0.221778 0.255024 0.209801 0.333031 0.270941 
0.32662 0.229004 0.299951 0.198684 0.205487 0.189432 0.280722 0.246875 
0.219198 0.168992 0.206977 0.14656 0.144701 0.142834 0.188321 0.180981 
0.189785 0.159047 0.178193 0.140795 0.137474 0.137088 0.1703 0.168971 
