0 0 0 0 0 0 0 0 
0.0174551 0.0174551 0.0174551 0.0174551 0.0174551 0.0174551 0.0174551 0.0174551 
0.0349101 0.0349101 0.0349101 0.0349101 0.0349101 0.0349101 0.0349101 0.0349101 
0.0523652 0.0523652 0.0523652 0.0523652 0.0523652 0.0523652 0.0523652 0.0523652 
0.0698203 0.0698203 0.0698203 0.0698203 0.0698203 0.0698203 0.0698203 0.0698203 
0.0872753 0.0872753 0.0872753 0.0872753 0.0872753 0.0872753 0.0872753 0.0872753 
0.10473 0.10473 0.10473 0.10473 0.10473 0.10473 0.10473 0.10473 
0.122185 0.122185 0.122185 0.122185 0.122185 0.122185 0.122185 0.122185 
0.139641 0.139641 0.139641 0.139641 0.139641 0.139641 0.139641 0.139641 
0.157096 0.157096 0.157096 0.157096 0.157096 0.157096 0.157096 0.157096 
0.174551 0.174551 0.174551 0.174551 0.174551 0.174551 0.174551 0.174551 
0.192006 0.192006 0.192006 0.192006 0.192006 0.192006 0.192006 0.192006 
0.209461 0.209461 0.209461 0.209461 0.209461 0.209461 0.209461 0.209461 
0.226916 0.226916 0.226916 0.226916 0.226916 0.226916 0.226916 0.226916 
0.244371 0.244371 0.244371 0.244371 0.244371 0.244371 0.244371 0.244371 
0.261826 0.261826 0.261826 0.261826 0.261826 0.261826 0.261826 0.261826 
0.279281 0.279281 0.279281 0.279281 0.279281 0.279281 0.279281 0.279281 
0.296736 0.296736 0.296736 0.296736 0.296736 0.296736 0.296736 0.296736 
0.314191 0.314191 0.314191 0.314191 0.314191 0.314191 0.314191 0.314191 
0.331646 0.331646 0.331646 0.331646 0.331646 0.331646 0.331646 0.331646 
0.349101 0.349101 0.349101 0.349101 0.349101 0.349101 0.349101 0.349101 
0.366556 0.366556 0.366556 0.366556 0.366556 0.366556 0.366556 0.366556 
0.384011 0.384011 0.384011 0.384011 0.384011 0.384011 0.384011 0.384011 
0.401466 0.401466 0.401466 0.401466 0.401466 0.401466 0.401466 0.401466 
0.418922 0.418922 0.418922 0.418922 0.418922 0.418922 0.418922 0.418922 
0.436377 0.436377 0.436377 0.436377 0.436377 0.436377 0.436377 0.436377 
0.453832 0.453832 0.453832 0.453832 0.453832 0.453832 0.453832 0.453832 
0.471287 0.471287 0.471287 0.471287 0.471287 0.471287 0.471287 0.471287 
0.535101 0.530321 0.51573 0.519183 0.526883 0.527324 0.531024 0.528382 
0.552068 0.55134 0.547056 0.546234 0.553192 0.553452 0.554058 0.557843 
0.619578 0.614452 0.597702 0.600636 0.613203 0.614156 0.617385 0.618516 
0.644292 0.644835 0.638131 0.636922 0.646961 0.647735 0.648936 0.65517 
0.718637 0.714585 0.696405 0.699206 0.713921 0.71515 0.718435 0.721873 
0.751341 0.753244 0.745848 0.743856 0.755517 0.756156 0.7583 0.765927 
0.833682 0.830075 0.81206 0.81434 0.829701 0.831461 0.834995 0.840077 
0.874552 0.876731 0.869892 0.86683 0.879806 0.880033 0.88342 0.891912 
0.965867 0.961143 0.943992 0.945544 0.962202 0.964292 0.968344 0.974332 
1.01571 1.01579 1.01021 1.00628 1.02104 1.02066 1.02581 1.03419 
1.1165 1.10913 1.09224 1.09398 1.11283 1.11434 1.11972 1.12589 
1.17576 1.17166 1.1672 1.1633 1.18 1.17967 1.18676 1.19421 
1.28638 1.27506 1.2582 1.26032 1.28132 1.28387 1.29053 1.29636 
1.35599 1.34596 1.34251 1.33868 1.35809 1.35828 1.36776 1.37327 
1.47735 1.45943 1.44292 1.44651 1.47054 1.47357 1.4822 1.48675 
1.5574 1.53973 1.53714 1.53407 1.55662 1.55791 1.57027 1.57328 
1.69114 1.66482 1.64774 1.65244 1.68026 1.68556 1.6965 1.69908 
1.78162 1.75566 1.75278 1.75107 1.77752 1.78023 1.79592 1.79603 
1.92868 1.89212 1.87522 1.88152 1.91408 1.92106 1.93508 1.93468 
2.03115 1.99544 1.99211 1.99192 2.02332 2.02732 2.04672 2.04366 
2.19207 2.14573 2.12775 2.13529 2.17359 2.18349 2.19961 2.19719 
2.30663 2.26283 2.25709 2.25884 2.29569 2.30262 2.3245 2.31901 
2.48354 2.42808 2.40821 2.41673 2.46169 2.47405 2.49351 2.48883 
2.61179 2.56011 2.55252 2.55499 2.59871 2.60849 2.63306 2.62506 
2.8064 2.74381 2.71945 2.72987 2.78174 2.79888 2.81917 2.81409 
2.95096 2.89192 2.88134 2.88469 2.9357 2.949 2.9763 2.96612 
3.16714 3.09464 3.06671 3.07844 3.13945 3.16081 3.18326 3.17587 
3.32982 3.2625 3.24803 3.2518 3.31339 3.32974 3.35985 3.34677 
3.56951 3.4887 3.45432 3.46952 3.54098 3.56541 3.59116 3.58135 
3.75359 3.67831 3.661 3.66563 3.7382 3.75742 3.79219 3.7742 
4.02298 3.93435 3.88729 3.91296 3.99416 4.02448 4.05275 4.04085 
4.23637 4.14902 4.12341 4.1328 4.22253 4.24179 4.28727 4.25721 
4.54158 4.44766 4.37063 4.42063 4.51602 4.55112 4.58618 4.56597 
4.79369 4.69522 4.64328 4.67168 4.78322 4.79425 4.87633 4.80754 
5.14071 5.05576 4.89416 5.0223 5.12437 5.16675 5.23504 5.18081 
5.47765 5.33806 5.2412 5.31068 5.45958 5.41161 5.71059 5.42194 
5.83033 5.84348 5.63997 5.82281 5.82345 6.01238 6.15312 6.01982 
6.27529 6.22091 6.19979 6.24042 6.25691 6.43049 6.54308 6.43517 
6.86241 6.83873 6.82418 6.84737 6.86025 6.94977 7.09867 6.95504 
7.46692 7.46402 7.39025 7.40887 7.45856 7.52648 7.60565 7.53282 
8.09562 8.01265 8.02822 8.04241 8.09535 8.16161 8.22864 8.15747 
7.54113 7.46942 7.45198 7.47499 7.50758 7.58484 7.6372 7.58939 
6.92343 6.8507 6.83865 6.86933 6.89245 6.94491 6.99869 6.97825 
6.3109 6.24416 6.22335 6.26027 6.2787 6.34146 6.39601 6.36898 
5.75177 5.63959 5.60587 5.65286 5.6638 5.72217 5.79545 5.76209 
5.31895 5.03229 4.9883 5.04684 5.05018 5.11836 5.15796 5.15226 
4.83467 4.49811 4.41901 4.44191 4.43213 4.51687 4.6116 4.53805 
4.46863 3.99188 3.87288 3.83667 3.81889 3.90366 3.98217 4.0429 
4.10905 3.7785 3.76567 3.55905 3.58653 3.29477 3.33818 3.643 
3.76073 3.53852 3.76785 3.62959 3.69257 3.12318 2.79129 3.22033 
3.47842 3.86247 3.86138 3.9134 3.79644 3.18184 2.60027 2.99596 
3.14845 3.552 3.26954 3.77886 3.6936 3.09232 2.5264 2.77193 
2.65111 3.14261 3.07999 3.48599 3.4865 2.94438 2.35424 2.27922 
2.30648 2.76138 2.83582 3.01017 3.19308 2.69741 2.35071 1.90665 
1.89007 2.45681 2.47517 2.92032 2.86529 2.36387 1.98974 1.76671 
1.89825 2.35153 2.2572 2.61309 2.48542 2.06245 1.73389 1.76059 
2.15002 2.25382 1.94277 2.1937 2.0722 1.89266 1.50745 2.01039 
2.41646 2.37791 1.81694 1.91064 1.93173 2.07197 1.62203 2.1554 
2.3249 2.42031 1.92621 1.33838 1.83223 1.94481 1.55631 1.87804 
1.93095 2.04849 1.91542 1.37745 1.49525 2.01785 1.81733 1.36568 
1.65463 1.45301 1.59345 1.14966 1.21309 1.72319 1.52853 1.06348 
1.38991 0.987626 1.25674 0.764796 1.07744 1.43905 1.28814 0.931727 
1.27229 0.758305 0.922495 0.697889 1.26217 1.1522 1.21119 0.753738 
1.09753 0.626404 0.685853 0.555265 0.988019 1.08295 1.30372 0.702885 
0.714879 0.437113 0.510792 0.417374 0.712079 1.03375 1.08959 0.627982 
0.659437 0.278992 0.440973 0.290914 0.514342 0.803375 0.770538 0.536621 
0.483844 0.272146 0.337301 0.246956 0.321895 0.714365 0.595952 0.41431 
0.314565 0.224785 0.317881 0.200843 0.226038 0.558998 0.399201 0.391223 
0.257233 0.171051 0.330831 0.184906 0.209526 0.353964 0.30931 0.303686 
0.192736 0.10754 0.614942 0.124221 0.162662 0.212277 0.18518 0.492987 
0.170527 0.120945 0.71541 0.445138 0.0901287 0.124155 0.159414 0.404637 
0.132498 0.125355 0.630019 0.668765 0.0840957 0.115397 0.108549 0.524859 
0.107908 0.134236 0.444116 0.524934 0.0971387 0.103684 0.0941524 0.684245 
0.356208 0.112767 0.252895 0.287544 0.113893 0.104931 0.105579 0.60929 
0.360753 0.133751 0.176206 0.150545 0.110884 0.102553 0.11059 0.453596 
0.459897 0.135494 0.138305 0.114274 0.106746 0.10447 0.101951 0.430623 
0.718972 0.134265 0.153328 0.0974451 0.100876 0.0943602 0.119977 0.132162 
0.511624 0.541402 0.0791889 0.102038 0.0944508 0.103019 0.10375 0.110577 
0.249655 0.775421 0.270455 0.0820455 0.092575 0.0959241 0.0985958 0.117068 
0.140709 0.724009 0.145808 0.10245 0.0937743 0.104231 0.101061 0.113303 
0.126232 0.545804 0.115139 0.0962147 0.095535 0.0963342 0.101082 0.106673 
0.0946204 0.629921 0.0938853 0.10206 0.0997734 0.119876 0.111161 0.128764 
0.102593 0.515786 0.0968821 0.0942226 0.100235 0.103448 0.109312 0.129249 
0.0805531 0.219225 0.108145 0.103544 0.0908943 0.361454 0.083645 0.467445 
0.0952681 0.119894 0.0948209 0.0959908 0.122656 0.278869 0.0818095 0.643268 
0.0940998 0.0951295 0.0940079 0.0750872 0.367225 0.114041 0.373328 0.712669 
0.345689 0.0870765 0.0886217 0.0738459 0.614784 0.379889 0.208644 0.671483 
0.296581 0.101141 0.0904524 0.0910319 0.523827 0.673498 0.0984548 0.475662 
0.235734 0.121921 0.094143 0.0976893 0.293311 0.545243 0.117532 0.267446 
0.432115 0.0920293 0.104013 0.110165 0.17692 0.319834 0.114069 0.266907 
0.677114 0.103953 0.107569 0.100282 0.140131 0.166739 0.135861 0.120733 
0.643181 0.101032 0.115713 0.124575 0.125871 0.126598 0.12417 0.120553 
0.430667 0.129452 0.120488 0.12904 0.117308 0.11029 0.121101 0.165121 
0.182844 0.147849 0.100479 0.360221 0.091003 0.118116 0.10682 0.379481 
0.137737 0.202379 0.0909086 0.615322 0.0845872 0.109486 0.100432 0.629357 
0.129646 0.23002 0.115296 0.63498 0.0976835 0.103322 0.275033 0.740703 
0.429119 0.344107 0.174867 0.357486 0.114471 0.109958 0.245188 0.741904 
0.389524 0.698517 0.275873 0.319208 0.116286 0.157661 0.186344 0.740658 
0.630187 1.08434 0.611504 0.230555 0.115174 0.143022 0.264657 0.750102 
1.08819 0.940908 0.990202 0.497665 0.107818 0.262816 0.501185 0.874283 
1.07353 0.952585 0.965595 0.470049 0.120535 0.378507 0.843341 0.659729 
0.709642 0.943642 0.719637 0.743834 0.220545 0.711402 1.15821 0.828498 
0.642545 0.613732 0.86003 0.531398 0.465422 0.784195 1.30571 0.774298 
0.469166 0.519398 0.740978 0.49158 0.876177 0.9122 1.46583 0.867223 
0.482441 0.451405 0.610164 0.505679 1.09759 0.860027 1.36545 0.83177 
0.467298 0.457386 0.608679 0.709644 1.26349 0.824678 1.14549 0.637771 
0.559756 0.482454 0.765445 0.633787 1.2329 0.819286 1.02398 0.697668 
0.655078 0.607692 1.0717 0.603224 1.05632 0.694063 0.943791 0.777545 
1.14867 0.826943 1.24906 0.639129 0.881161 0.809979 1.30606 1.01072 
1.07261 1.35246 1.38391 0.842798 0.726007 0.92262 1.44961 0.963463 
0.918784 1.47286 1.74436 1.23686 0.779362 1.19455 1.65341 1.15545 
0.939007 1.49896 1.73055 1.46273 0.864812 1.20313 1.62169 1.11741 
1.23477 1.7625 1.67267 1.36494 0.834782 0.997951 1.56579 1.08852 
1.16249 1.56158 1.72961 1.13837 0.980753 1.20827 1.32879 1.08162 
0.915734 1.48591 1.7723 1.2667 0.959671 1.17017 1.55524 1.01751 
0.730105 1.3258 1.65132 1.10024 0.984766 1.26419 1.75386 1.26299 
0.844777 1.11452 1.35096 0.907224 0.90815 1.1913 1.58538 1.21685 
0.835279 0.989216 1.05315 0.717911 0.776446 0.936712 1.26588 1.21202 
0.769738 0.9473 0.864182 0.631725 0.77524 0.784798 1.26291 1.28521 
0.9541 1.09735 0.826367 0.501762 0.915623 0.543287 1.06612 1.26001 
1.23968 1.11675 0.740928 0.606298 1.17644 0.610518 0.762875 0.906828 
1.11479 0.927461 0.597296 0.503789 1.05404 0.51228 0.590182 0.618566 
0.758438 0.738512 0.390241 0.572535 0.788745 0.378823 0.456053 0.524108 
0.601627 0.60154 0.314224 0.443713 0.534073 0.304255 0.382755 0.465673 
0.517625 0.48123 0.177962 0.551401 0.324076 0.239267 0.340228 0.585734 
0.676045 0.0824394 0.220125 0.340312 0.281887 0.14324 0.503776 0.484831 
0.746724 0.20353 0.157264 0.324333 0.202889 0.110908 0.672445 0.19328 
0.659188 0.177568 0.141678 0.202043 0.223009 0.137465 0.775009 0.175593 
0.434017 0.549396 0.0932594 0.127042 0.17785 0.170403 0.68827 0.16662 
0.160778 0.674405 0.0893872 0.144828 0.104888 0.589114 0.729575 0.116799 
0.100481 0.66729 0.0887947 0.123729 0.0965833 0.688827 0.58901 0.115623 
0.110797 0.503486 0.111688 0.113029 0.292416 0.828094 0.583262 0.0938356 
0.102334 0.234185 0.0886117 0.166221 0.259845 0.802831 0.516516 0.102999 
0.0405369 0.133079 0.0537442 0.401771 0.108428 0.707399 0.263756 0.260505 
0.0916978 0.125526 0.0636947 0.618164 0.111539 0.511209 0.167882 0.121412 
0.114683 0.111593 0.114219 0.534725 0.12945 0.153467 0.369694 0.0835359 
0.0946177 0.123553 0.135916 0.281651 0.135284 0.113932 0.508028 0.0902938 
0.102478 0.129731 0.165501 0.238663 0.115345 0.129331 0.180692 0.154573 
0.109176 0.154902 0.223254 0.190141 0.11847 0.0823996 0.501814 0.124502 
0.524636 0.10273 0.440415 0.417635 0.0886152 0.0905485 0.533114 0.083454 
0.132576 0.541678 0.76354 0.66926 0.0722355 0.14656 0.176219 0.552119 
0.0693862 0.680143 1.1083 0.702643 0.103272 0.130039 0.0929651 0.619981 
0.105316 0.605499 1.14297 0.679996 0.0685553 0.526041 0.0771524 0.310474 
0.122272 0.422561 0.954142 0.544087 0.376903 0.686847 0.101585 0.132941 
0.118521 0.313015 0.633265 0.403774 0.334001 0.710184 0.129141 0.101429 
0.078104 0.375606 0.451189 0.55342 0.159741 0.508052 0.101495 0.353011 
0.0930414 0.626651 0.125246 0.678929 0.121463 0.359359 0.570319 0.141653 
0.0881602 0.680641 0.368372 0.818755 0.365881 0.114452 0.671607 0.0823503 
0.088222 0.724561 0.374482 0.740534 0.16021 0.32274 0.435821 0.103024 
0.0873684 0.724957 0.383845 0.649535 0.107999 0.581288 0.0720523 0.115206 
0.0934913 0.733406 0.158686 0.43268 0.107722 0.63253 0.0862812 0.115958 
0.0955133 0.702592 0.333925 0.169229 0.115736 0.412859 0.145169 0.101702 
0.0946254 0.717167 0.155326 0.178575 0.159545 0.0866566 0.533824 0.0778181 
0.0850765 0.701565 0.288449 0.113417 0.109891 0.298875 0.659379 0.0797303 
0.0908767 0.657745 0.363831 0.0862368 0.540171 0.0966279 0.671471 0.0863378 
0.0933174 0.494551 0.612124 0.0682136 0.69213 0.0827577 0.54322 0.0976534 
0.107297 0.301097 0.581658 0.0971818 0.693997 0.109126 0.38648 0.11287 
0.109256 0.140953 0.560138 0.1087 0.461424 0.089222 0.602854 0.0867097 
0.107467 0.153794 0.462504 0.149127 0.268113 0.113648 0.687803 0.0973272 
0.105154 0.119059 0.60505 0.109587 0.196516 0.106606 0.732302 0.0921291 
0.112581 0.217528 0.738953 0.133036 0.194585 0.155872 0.681838 0.111517 
0.103867 0.25695 0.801085 0.214231 0.13916 0.389146 0.574874 0.133422 
0.0894685 0.619227 0.721256 0.585821 0.13509 0.642514 0.426462 0.299232 
0.0714242 0.630577 0.471299 0.50423 0.306917 0.884147 0.319347 0.607015 
0.455027 0.324935 0.360979 0.616379 0.756144 1.2076 0.697013 0.772925 
0.712931 0.159375 0.480418 0.907312 1.03324 1.13918 1.06212 0.606962 
0.741881 0.127629 0.706488 1.11719 1.42041 1.09065 1.35985 0.839786 
0.602308 0.425748 0.922517 0.985964 1.53326 0.931114 1.2715 0.739405 
0.578887 0.875412 1.05461 1.0298 1.43478 0.951274 0.94508 0.412391 
0.332167 0.941779 0.84546 0.952612 1.28783 0.786458 0.717031 0.276809 
0.251456 0.879379 0.638794 1.13368 0.903186 0.905497 0.412359 0.189601 
0.156414 0.791427 0.642263 1.22767 0.62243 0.938072 0.311458 0.235292 
0.508883 1.05702 0.496172 1.0597 0.483868 0.789481 0.22068 0.100112 
0.420531 0.950481 0.495967 0.801862 0.381525 0.581153 0.135434 0.110243 
0.202018 0.773683 0.520978 0.543235 0.322248 0.363202 0.126558 0.123724 
0.162624 0.734657 0.297589 0.381708 0.293209 0.221518 0.119685 0.118119 
0.0848676 0.727975 0.24733 0.319931 0.334038 0.143413 0.115464 0.119528 
0.106356 0.698 0.145753 0.139646 0.631817 0.0853107 0.111852 0.116291 
0.0836961 0.517367 0.136995 0.123798 0.58048 0.0993037 0.112976 0.131032 
0.330423 0.293721 0.130741 0.128196 0.288924 0.103788 0.114113 0.14252 
0.219648 0.182171 0.117869 0.121435 0.156057 0.121659 0.0901438 0.381997 
0.569732 0.109159 0.100901 0.105442 0.091623 0.0966622 0.110194 0.608079 
0.732388 0.12801 0.0994238 0.103294 0.12013 0.138356 0.0916913 0.723658 
0.689154 0.291306 0.0752738 0.0991972 0.0962987 0.10959 0.0948762 0.675457 
0.765418 0.585354 0.0755777 0.0995754 0.517096 0.528448 0.0634628 0.599581 
0.786386 0.688797 0.0737268 0.0764653 0.578348 0.500505 0.0957431 0.304695 
0.488393 0.634752 0.104595 0.135217 0.293356 0.424596 0.109781 0.17092 
0.24943 0.511179 0.0991441 0.169453 0.111526 0.644974 0.094031 0.150285 
0.0940459 0.637533 0.0914462 0.51267 0.0912931 0.599179 0.117567 0.129866 
0.0722777 0.670381 0.0845436 0.562073 0.0988874 0.386406 0.150525 0.110521 
0.0672406 0.583093 0.664238 0.413996 0.276394 0.141265 0.532706 0.0922894 
0.10118 0.371662 0.713977 0.139898 0.533484 0.0814394 0.660219 0.082537 
0.0901367 0.145957 0.616659 0.0864879 0.661039 0.126913 0.700886 0.0851964 
0.524326 0.0879283 0.366897 0.0907805 0.709811 0.105634 0.710423 0.0880054 
0.474948 0.0946971 0.151009 0.0917931 0.645944 0.727294 0.687972 0.0801541 
0.147247 0.134675 0.153408 0.105594 0.46866 0.847368 0.508217 0.132026 
0.0793475 0.103831 0.0913767 0.0955106 0.252111 0.729439 0.282613 0.157527 
0.0477325 0.104425 0.539278 0.0721427 0.128411 0.73051 0.154273 0.403104 
0.0432495 0.159142 0.258704 0.110104 0.111982 0.707097 0.103712 0.616469 
0.034286 0.490628 0.0743575 0.11542 0.10712 0.662559 0.0997148 0.667164 
0.056717 0.584928 0.0867022 0.11757 0.496506 0.537614 0.0885935 0.671631 
0.115054 0.335492 0.0954906 0.0911542 0.41195 0.339921 0.0953331 0.676052 
0.0914336 0.125859 0.109726 0.112731 0.165881 0.174871 0.106297 0.666572 
0.0860329 0.107126 0.0978068 0.10919 0.133867 0.126535 0.106112 0.474408 
0.067154 0.096108 0.104034 0.145217 0.118272 0.123972 0.0819805 0.577291 
0.0814675 0.0961636 0.0994023 0.110029 0.447246 0.0820018 0.100391 0.344855 
0.0804722 0.0886265 0.0722524 0.534092 0.641941 0.115801 0.0984188 0.111092 
0.0732863 0.115552 0.0809711 0.670114 0.623461 0.126823 0.0908939 0.0920936 
0.0614135 0.114114 0.0803869 0.710555 0.373268 0.513976 0.0754358 0.0819626 
0.0339609 0.506552 0.0984718 0.65631 0.147831 0.670809 0.0703734 0.0861291 
0.0540815 0.478323 0.0830279 0.620223 0.0883788 0.690092 0.0703832 0.0797722 
0.0576719 0.374067 0.0780888 0.650945 0.0756908 0.677295 0.0739536 0.0882601 
0.0416758 0.605105 0.0672094 0.475287 0.10692 0.466787 0.0808285 0.0884118 
0.0568004 0.545354 0.097254 0.198994 0.124759 0.189675 0.101566 0.0902555 
0.0765128 0.230071 0.11253 0.115798 0.101327 0.10918 0.09289 0.0876342 
0.072167 0.11462 0.0970475 0.100258 0.0830981 0.0986466 0.090918 0.0914118 
0.068738 0.0962949 0.0883407 0.0872494 0.0823908 0.0870305 0.0842952 0.085561 
0.0684672 0.0893052 0.0839903 0.0878724 0.0793101 0.0892511 0.0861513 0.0868474 
0.0688564 0.0851835 0.0810997 0.0801524 0.0796605 0.0816299 0.0802723 0.0806706 
0.0707982 0.0839847 0.0805598 0.0834913 0.0788222 0.0852826 0.083196 0.083244 
0.0660689 0.0765622 0.0743352 0.0731701 0.0732741 0.0747473 0.0738258 0.0739025 
0.0706205 0.0801006 0.0778918 0.0800663 0.0763039 0.0816441 0.0801004 0.0799606 
