0 0 0 0 0 0 0 0 
0.0174551 0.0174551 0.0174551 0.0174551 0.0174551 0.0174551 0.0174551 0.0174551 
0.0349101 0.0349101 0.0349101 0.0349101 0.0349101 0.0349101 0.0349101 0.0349101 
0.0523652 0.0523652 0.0523652 0.0523652 0.0523652 0.0523652 0.0523652 0.0523652 
0.0698203 0.0698203 0.0698203 0.0698203 0.0698203 0.0698203 0.0698203 0.0698203 
0.0872753 0.0872753 0.0872753 0.0872753 0.0872753 0.0872753 0.0872753 0.0872753 
0.10473 0.10473 0.10473 0.10473 0.10473 0.10473 0.10473 0.10473 
0.122185 0.122185 0.122185 0.122185 0.122185 0.122185 0.122185 0.122185 
0.139641 0.139641 0.139641 0.139641 0.139641 0.139641 0.139641 0.139641 
0.157096 0.157096 0.157096 0.157096 0.157096 0.157096 0.157096 0.157096 
0.174551 0.174551 0.174551 0.174551 0.174551 0.174551 0.174551 0.174551 
0.192006 0.192006 0.192006 0.192006 0.192006 0.192006 0.192006 0.192006 
0.209461 0.209461 0.209461 0.209461 0.209461 0.209461 0.209461 0.209461 
0.226916 0.226916 0.226916 0.226916 0.226916 0.226916 0.226916 0.226916 
0.244371 0.244371 0.244371 0.244371 0.244371 0.244371 0.244371 0.244371 
0.261826 0.261826 0.261826 0.261826 0.261826 0.261826 0.261826 0.261826 
0.279281 0.279281 0.279281 0.279281 0.279281 0.279281 0.279281 0.279281 
0.296736 0.296736 0.296736 0.296736 0.296736 0.296736 0.296736 0.296736 
0.314191 0.314191 0.314191 0.314191 0.314191 0.314191 0.314191 0.314191 
0.331646 0.331646 0.331646 0.331646 0.331646 0.331646 0.331646 0.331646 
0.349101 0.349101 0.349101 0.349101 0.349101 0.349101 0.349101 0.349101 
0.366556 0.366556 0.366556 0.366556 0.366556 0.366556 0.366556 0.366556 
0.384011 0.384011 0.384011 0.384011 0.384011 0.384011 0.384011 0.384011 
0.401466 0.401466 0.401466 0.401466 0.401466 0.401466 0.401466 0.401466 
0.418922 0.418922 0.418922 0.418922 0.418922 0.418922 0.418922 0.418922 
0.436377 0.436377 0.436377 0.436377 0.436377 0.436377 0.436377 0.436377 
0.453832 0.453832 0.453832 0.453832 0.453832 0.453832 0.453832 0.453832 
0.471287 0.471287 0.471287 0.471287 0.471287 0.471287 0.471287 0.471287 
0.485974 0.490438 0.505063 0.486551 0.504873 0.480808 0.479435 0.475412 
0.504685 0.504829 0.507929 0.505275 0.507243 0.503523 0.503625 0.502516 
0.520084 0.522916 0.538652 0.520604 0.537516 0.513798 0.513494 0.508427 
0.538491 0.537069 0.542734 0.537604 0.540909 0.53556 0.537336 0.534284 
0.554064 0.554562 0.571724 0.552961 0.569676 0.546116 0.547861 0.541304 
0.572108 0.568745 0.576354 0.569035 0.573791 0.567298 0.571213 0.566381 
0.587786 0.586004 0.604338 0.584763 0.601904 0.577973 0.581874 0.574032 
0.605617 0.600355 0.60924 0.600243 0.606391 0.598892 0.604944 0.598613 
0.621458 0.61758 0.636656 0.616482 0.634127 0.609752 0.615748 0.606793 
0.639152 0.632195 0.641752 0.631549 0.638804 0.630699 0.638776 0.631095 
0.655123 0.649508 0.66892 0.648459 0.666425 0.641847 0.649729 0.639774 
0.67267 0.66445 0.674166 0.663274 0.671256 0.663018 0.672771 0.663911 
0.688748 0.681933 0.701305 0.681005 0.698972 0.674503 0.683799 0.673099 
0.706221 0.697269 0.706658 0.695666 0.703912 0.696038 0.706872 0.697219 
0.722521 0.715028 0.733979 0.714352 0.731896 0.707937 0.718 0.707062 
0.740123 0.730888 0.739476 0.728958 0.736967 0.730037 0.74125 0.731394 
0.756857 0.749092 0.767279 0.748798 0.765491 0.742515 0.752673 0.742112 
0.774843 0.765674 0.773062 0.763491 0.770838 0.765426 0.776353 0.76686 
0.792246 0.784537 0.801733 0.784749 0.800267 0.778653 0.788341 0.778645 
0.810886 0.802079 0.807997 0.799675 0.806079 0.802581 0.812715 0.803951 
0.829211 0.821844 0.837971 0.82265 0.836805 0.816685 0.82556 0.816992 
0.848831 0.840617 0.844933 0.837955 0.843283 0.841829 0.850901 0.842994 
0.868402 0.861578 0.876721 0.863033 0.875764 0.856999 0.864978 0.857586 
0.889438 0.881952 0.884648 0.87893 0.883183 0.883694 0.891654 0.884543 
0.910717 0.904503 0.918933 0.906695 0.918048 0.900319 0.907521 0.90121 
0.933785 0.927047 0.928208 0.92356 0.926823 0.92916 0.936068 0.929589 
0.957428 0.951849 0.965877 0.95492 0.964948 0.947917 0.954553 0.949202 
0.983428 0.977413 0.977044 0.973312 0.975698 0.979816 0.985746 0.979715 
1.01037 1.00548 1.01943 1.00957 1.01832 1.00167 1.008 1.00353 
1.0406 1.03529 1.03322 1.03027 1.03182 1.03787 1.04294 1.03719 
1.07221 1.06808 1.08239 1.07315 1.08086 1.06437 1.07087 1.06714 
1.10866 1.10401 1.10004 1.09712 1.09861 1.10669 1.11098 1.10549 
1.14729 1.14393 1.15922 1.14981 1.15645 1.14003 1.14786 1.14458 
1.19312 1.18918 1.1825 1.17898 1.18069 1.1916 1.19568 1.19002 
1.24217 1.24049 1.25759 1.247 1.25217 1.23605 1.24717 1.24389 
1.3026 1.3012 1.28947 1.28404 1.28665 1.30236 1.30749 1.30033 
1.368 1.37278 1.39323 1.37823 1.38007 1.36571 1.38632 1.38078 
1.45139 1.46484 1.43883 1.42679 1.43214 1.45733 1.46917 1.45579 
1.54053 1.5835 1.61044 1.57642 1.56468 1.55837 1.61598 1.59726 
1.64852 1.81244 1.66682 1.63597 1.6522 1.69897 1.74817 1.70688 
1.77678 2.14966 2.24677 2.00455 1.88879 1.92675 2.25121 2.11927 
1.97634 2.5007 2.45119 2.10226 2.06375 2.37625 2.74581 2.48035 
2.33692 2.35978 2.47609 2.20187 2.50121 2.71318 2.9621 2.69667 
2.74998 2.26786 2.783 2.353 2.59114 2.63584 3.16945 2.59007 
2.65948 2.5077 3.00614 2.74708 2.86927 2.62137 3.19046 2.65418 
2.63319 2.58181 2.92646 2.72487 2.74416 2.67974 2.94663 2.86002 
2.72518 2.3579 2.64804 2.45117 2.53106 2.4072 2.67914 2.68072 
2.73967 2.18735 2.41957 2.36306 2.41352 2.29411 2.39946 2.79927 
2.81804 2.18985 2.30198 2.29599 2.32676 2.24598 2.42441 2.93973 
2.84482 2.20398 2.38413 2.36696 2.31051 2.54484 2.27921 2.71842 
2.86844 2.35439 2.66769 2.57841 2.48825 2.75964 2.2585 2.36169 
2.48867 2.67722 2.914 2.81933 2.60742 2.87002 2.332 2.26949 
2.20977 2.50993 3.02319 2.75886 2.61459 2.73683 2.17313 1.9364 
1.93464 2.38293 2.81252 2.91381 2.84662 2.44182 2.33977 1.88039 
1.81653 2.43802 2.44173 2.95832 2.78163 2.33111 1.98974 1.75988 
1.87243 2.34086 2.2572 2.58898 2.46084 2.06245 1.73389 1.76059 
2.1453 2.25382 1.94277 2.1937 2.0722 1.89266 1.50745 2.01039 
2.41646 2.37791 1.81694 1.91064 1.93173 2.07197 1.62203 2.1554 
2.3249 2.42031 1.92621 1.33838 1.83223 1.94481 1.55631 1.87804 
1.93095 2.04849 1.91542 1.37745 1.49525 2.01785 1.81733 1.36568 
1.65463 1.45301 1.59345 1.14966 1.21309 1.72319 1.52853 1.06348 
1.38991 0.987626 1.25674 0.764796 1.07744 1.43905 1.28814 0.931727 
1.27229 0.758305 0.922495 0.697889 1.26217 1.1522 1.21119 0.753738 
1.09753 0.626404 0.685853 0.555265 0.988019 1.08295 1.30372 0.702885 
0.714879 0.437113 0.510792 0.417374 0.712079 1.03375 1.08959 0.627982 
0.659437 0.278992 0.440973 0.290914 0.514342 0.803375 0.770538 0.536621 
0.483844 0.272146 0.337301 0.246956 0.321895 0.714365 0.595952 0.41431 
0.314565 0.224785 0.317881 0.200843 0.226038 0.558998 0.399201 0.391223 
0.257233 0.171051 0.330831 0.184906 0.209526 0.353964 0.30931 0.303686 
0.192736 0.10754 0.614942 0.124221 0.162662 0.212277 0.18518 0.492987 
0.170527 0.120945 0.71541 0.445138 0.0901287 0.124155 0.159414 0.404637 
0.132498 0.125355 0.630019 0.668765 0.0840957 0.115397 0.108549 0.524859 
0.107908 0.134236 0.444116 0.524934 0.0971387 0.103684 0.0941524 0.684245 
0.356208 0.112767 0.252895 0.287544 0.113893 0.104931 0.105579 0.60929 
0.360753 0.133751 0.176206 0.150545 0.110884 0.102553 0.11059 0.453596 
0.459897 0.135494 0.138305 0.114274 0.106746 0.10447 0.101951 0.430623 
0.718972 0.134265 0.153328 0.0974451 0.100876 0.0943602 0.119977 0.132162 
0.511624 0.541402 0.0791889 0.102038 0.0944508 0.103019 0.10375 0.110577 
0.249655 0.775421 0.270455 0.0820455 0.092575 0.0959241 0.0985958 0.117068 
0.140709 0.724009 0.145808 0.10245 0.0937743 0.104231 0.101061 0.113303 
0.126232 0.545804 0.115139 0.0962147 0.095535 0.0963342 0.101082 0.106673 
0.0946204 0.629921 0.0938853 0.10206 0.0997734 0.119876 0.111161 0.128764 
0.102593 0.515786 0.0968821 0.0942226 0.100235 0.103448 0.109312 0.129249 
0.0805531 0.219225 0.108145 0.103544 0.0908943 0.361454 0.083645 0.467445 
0.0952681 0.119894 0.0948209 0.0959908 0.122656 0.278869 0.0818095 0.643268 
0.0940998 0.0951295 0.0940079 0.0750872 0.367225 0.114041 0.373328 0.712669 
0.345689 0.0870765 0.0886217 0.0738459 0.614784 0.379889 0.208644 0.671483 
0.296581 0.101141 0.0904524 0.0910319 0.523827 0.673498 0.0984548 0.475662 
0.235734 0.121921 0.094143 0.0976893 0.293311 0.545243 0.117532 0.267446 
0.432115 0.0920293 0.104013 0.110165 0.17692 0.319834 0.114069 0.266907 
0.677114 0.103953 0.107569 0.100282 0.140131 0.166739 0.135861 0.120733 
0.643181 0.101032 0.115713 0.124575 0.125871 0.126598 0.12417 0.120553 
0.430667 0.129452 0.120488 0.12904 0.117308 0.11029 0.121101 0.165121 
0.182844 0.147849 0.100479 0.360221 0.091003 0.118116 0.10682 0.379481 
0.137737 0.202379 0.0909086 0.615322 0.0845872 0.109486 0.100432 0.629357 
0.129646 0.23002 0.115296 0.63498 0.0976835 0.103322 0.275033 0.740703 
0.429119 0.344107 0.174867 0.357486 0.114471 0.109958 0.245188 0.741904 
0.389524 0.698517 0.275873 0.319208 0.116286 0.157661 0.186344 0.740658 
0.630187 1.08434 0.611504 0.230555 0.115174 0.143022 0.264657 0.750102 
1.08819 0.940908 0.990202 0.497665 0.107818 0.262816 0.501185 0.874283 
1.07353 0.952585 0.965595 0.470049 0.120535 0.378507 0.843341 0.659729 
0.709642 0.943642 0.719637 0.743834 0.220545 0.711402 1.15821 0.828498 
0.642545 0.613732 0.86003 0.531398 0.465422 0.784195 1.30571 0.774298 
0.469166 0.519398 0.740978 0.49158 0.876177 0.9122 1.46583 0.867223 
0.482441 0.451405 0.610164 0.505679 1.09759 0.860027 1.36545 0.83177 
0.467298 0.457386 0.608679 0.709644 1.26349 0.824678 1.14549 0.637771 
0.559756 0.482454 0.765445 0.633787 1.2329 0.819286 1.02398 0.697668 
0.655078 0.607692 1.0717 0.603224 1.05632 0.694063 0.943791 0.777545 
1.14867 0.826943 1.24906 0.639129 0.881161 0.809979 1.30606 1.01072 
1.07261 1.35246 1.38391 0.842798 0.726007 0.92262 1.44961 0.963463 
0.918784 1.47286 1.74436 1.23686 0.779362 1.19455 1.65341 1.15545 
0.939007 1.49896 1.73055 1.46273 0.864812 1.20313 1.62169 1.11741 
1.23477 1.7625 1.67267 1.36494 0.834782 0.997951 1.56579 1.08852 
1.16249 1.56158 1.72961 1.13837 0.980753 1.20827 1.32879 1.08162 
0.915734 1.48591 1.7723 1.2667 0.959671 1.17017 1.55524 1.01751 
0.730105 1.3258 1.65132 1.10024 0.984766 1.26419 1.75386 1.26299 
0.844777 1.11452 1.35096 0.907224 0.90815 1.1913 1.58538 1.21685 
0.835279 0.989097 1.05315 0.717911 0.776446 0.936712 1.26588 1.21202 
0.7658 0.948919 0.864182 0.631725 0.77524 0.784798 1.26291 1.28521 
0.947338 1.10358 0.826367 0.501762 0.915623 0.543287 1.06612 1.26001 
1.23968 1.11684 0.740928 0.606298 1.17644 0.610518 0.762875 0.906828 
1.11479 0.927431 0.597296 0.503789 1.05404 0.51228 0.590182 0.618566 
0.758438 0.738512 0.390241 0.572535 0.788745 0.378823 0.456053 0.524108 
0.601627 0.60154 0.314224 0.443713 0.534073 0.304255 0.382755 0.465673 
0.416638 0.48123 0.177962 0.551401 0.324076 0.239267 0.340228 0.585734 
0.691725 0.178134 0.220125 0.340312 0.281887 0.14324 0.503776 0.484831 
0.786313 0.158819 0.157264 0.324333 0.202889 0.110908 0.672445 0.19328 
0.667299 0.166922 0.141678 0.202043 0.223009 0.137465 0.775009 0.175593 
0.413824 0.549396 0.0932594 0.127042 0.177851 0.170403 0.676482 0.178178 
0.160778 0.674405 0.0893872 0.144828 0.104888 0.589114 0.729575 0.116625 
0.100481 0.66729 0.0887947 0.12373 0.0965833 0.688827 0.58901 0.115623 
0.110842 0.503486 0.111688 0.11303 0.292415 0.828094 0.583262 0.0937913 
0.106631 0.234185 0.11729 0.137453 0.259844 0.802831 0.516516 0.0987358 
0.110775 0.144647 0.0991984 0.35606 0.108428 0.707399 0.263756 0.115697 
0.0912475 0.125322 0.0840276 0.597047 0.111539 0.511209 0.167882 0.121412 
0.114683 0.111593 0.119323 0.529451 0.12945 0.153467 0.369694 0.0835359 
0.0943283 0.123553 0.135878 0.281645 0.135284 0.113932 0.508028 0.0902938 
0.131375 0.129712 0.167389 0.236621 0.115345 0.129331 0.180692 0.120748 
0.133997 0.154916 0.223244 0.190141 0.11847 0.0823996 0.501814 0.0892045 
0.521792 0.102932 0.440415 0.417635 0.0886152 0.0905485 0.533062 0.0836106 
0.134198 0.541389 0.76354 0.66926 0.0722355 0.14656 0.178443 0.551778 
0.0697182 0.680143 1.1083 0.702643 0.103272 0.130039 0.0931386 0.61901 
0.105546 0.605499 1.14297 0.679996 0.0685553 0.526041 0.077234 0.310031 
0.122449 0.422471 0.954141 0.544087 0.376903 0.686847 0.102111 0.132941 
0.11877 0.312606 0.633265 0.403774 0.334001 0.710073 0.129301 0.10145 
0.0782768 0.375604 0.451189 0.55342 0.159741 0.507676 0.10205 0.352528 
0.0938447 0.626651 0.125246 0.678929 0.121463 0.359359 0.569125 0.141729 
0.0905581 0.678396 0.368372 0.818755 0.365881 0.138841 0.647914 0.0823579 
0.0883295 0.724561 0.374482 0.740534 0.16021 0.301343 0.435678 0.10305 
0.087434 0.724957 0.383845 0.649535 0.0723379 0.595046 0.121758 0.115243 
0.0935684 0.733406 0.158686 0.43268 0.107722 0.592791 0.117655 0.116003 
0.0955785 0.702592 0.333925 0.169229 0.115736 0.412782 0.145172 0.101729 
0.0947263 0.717167 0.155326 0.150273 0.176303 0.127986 0.493916 0.0778386 
0.0851523 0.701565 0.288449 0.113417 0.109851 0.297756 0.659379 0.0797525 
0.0910219 0.657745 0.363831 0.0862368 0.540171 0.0966279 0.671471 0.0863604 
0.0934414 0.494242 0.612124 0.0682136 0.69213 0.0827577 0.543173 0.0976698 
0.107454 0.300728 0.581658 0.0971818 0.693997 0.109126 0.38648 0.112886 
0.109834 0.14095 0.560137 0.1087 0.461424 0.0892134 0.602854 0.0866868 
0.108053 0.153795 0.462504 0.149127 0.266869 0.114716 0.687803 0.097278 
0.106541 0.119063 0.60505 0.109486 0.180791 0.11783 0.732302 0.0920784 
0.113745 0.217501 0.738953 0.132727 0.180889 0.153067 0.706786 0.111362 
0.104352 0.256937 0.801085 0.213703 0.139715 0.389146 0.558085 0.132952 
0.089119 0.619138 0.721256 0.585473 0.135103 0.642513 0.426462 0.298634 
0.0719385 0.62855 0.471299 0.50423 0.306003 0.884147 0.319347 0.607015 
0.451524 0.324935 0.360979 0.616379 0.756144 1.2076 0.697013 0.772925 
0.712921 0.160079 0.480418 0.907312 1.03324 1.13918 1.06212 0.606962 
0.741145 0.128628 0.706488 1.11719 1.42041 1.09065 1.35985 0.839786 
0.602308 0.424387 0.922517 0.985964 1.53326 0.931114 1.2715 0.739405 
0.578887 0.875412 1.05461 1.0298 1.43478 0.951274 0.94508 0.412391 
0.332167 0.941779 0.84546 0.952612 1.28783 0.786458 0.717031 0.276809 
0.251456 0.879379 0.638794 1.13368 0.903186 0.905497 0.412359 0.189601 
0.170122 0.791427 0.642263 1.22767 0.62243 0.938072 0.311458 0.233803 
0.502643 1.05702 0.496172 1.0597 0.483868 0.789481 0.22068 0.100112 
0.420531 0.950481 0.495967 0.801862 0.381525 0.581153 0.135434 0.110243 
0.184406 0.816683 0.520978 0.543235 0.322248 0.363202 0.126558 0.121776 
0.156707 0.775331 0.297589 0.381708 0.293209 0.221518 0.119685 0.113564 
0.107933 0.724405 0.24733 0.319931 0.334038 0.143413 0.115464 0.112855 
0.123954 0.696687 0.15173 0.139473 0.631817 0.0853107 0.111852 0.110639 
0.114257 0.512833 0.140422 0.123798 0.58048 0.0993037 0.112511 0.128335 
0.219421 0.293715 0.132727 0.12819 0.288346 0.103736 0.113862 0.144168 
0.219648 0.18443 0.120584 0.120564 0.165001 0.121611 0.0901419 0.380022 
0.569732 0.109821 0.104651 0.103926 0.106045 0.0964933 0.110349 0.608079 
0.732388 0.132951 0.103722 0.101218 0.140775 0.138331 0.0916929 0.723658 
0.689154 0.287015 0.079336 0.09041 0.105444 0.106589 0.0943212 0.675337 
0.765418 0.585354 0.0917311 0.063932 0.537383 0.519074 0.0667081 0.599428 
0.786386 0.688797 0.0812399 0.0765317 0.551776 0.500505 0.0957606 0.304618 
0.488393 0.629673 0.11011 0.135037 0.289517 0.424596 0.109793 0.170834 
0.24943 0.500312 0.105381 0.149465 0.122118 0.644722 0.0940368 0.150212 
0.10107 0.630795 0.0959925 0.550893 0.0773292 0.640111 0.119174 0.127082 
0.0934849 0.716593 0.103855 0.547715 0.120551 0.349819 0.150616 0.104563 
0.0839694 0.631213 0.641788 0.378429 0.216427 0.141265 0.532533 0.0923497 
0.12882 0.317765 0.713977 0.139898 0.533484 0.0814394 0.660219 0.0825391 
0.113533 0.12324 0.605494 0.0864879 0.661039 0.126913 0.700885 0.0851982 
0.459263 0.0829426 0.358854 0.0907805 0.709811 0.105634 0.709803 0.0626019 
0.442403 0.0924601 0.159203 0.0917931 0.645944 0.727294 0.687972 0.0794372 
0.191854 0.132538 0.156646 0.105598 0.46849 0.847368 0.508216 0.130234 
0.124368 0.10141 0.0963231 0.0954955 0.249388 0.729439 0.280146 0.155296 
0.0930568 0.0965229 0.52801 0.0702385 0.141837 0.775758 0.154922 0.39378 
0.0974858 0.132446 0.239393 0.106002 0.13167 0.702255 0.104103 0.6108 
0.0789379 0.508871 0.0743575 0.101979 0.087155 0.662245 0.100572 0.690734 
0.0753319 0.551309 0.0859288 0.0646656 0.526871 0.537309 0.0886979 0.716438 
0.0948005 0.266815 0.0951203 0.0873296 0.404699 0.339646 0.0954227 0.722097 
0.100514 0.122824 0.107289 0.110322 0.184688 0.173764 0.106352 0.662713 
0.100023 0.107105 0.0979007 0.108294 0.154658 0.126533 0.106176 0.474408 
0.0763861 0.09607 0.101866 0.140313 0.146978 0.121439 0.0820647 0.57718 
0.0970355 0.0961249 0.0982226 0.109615 0.393705 0.0812538 0.100228 0.295812 
0.0911945 0.0886756 0.0725542 0.527347 0.641941 0.118547 0.0980728 0.108384 
0.0902071 0.11555 0.0811109 0.670114 0.623461 0.128257 0.0904917 0.0920982 
0.0767252 0.12231 0.0805649 0.7104 0.373268 0.508101 0.0762741 0.0819625 
0.0713436 0.497121 0.0585253 0.699089 0.167796 0.670809 0.0703738 0.0861277 
0.0771898 0.478194 0.0832468 0.612404 0.104901 0.690092 0.0703849 0.0790522 
0.0823582 0.374067 0.0783645 0.650513 0.0864696 0.674896 0.0739239 0.086499 
0.0643827 0.605105 0.067414 0.474482 0.113169 0.461927 0.0802675 0.0855985 
0.0806981 0.528723 0.0974354 0.198449 0.141692 0.186025 0.0996472 0.08772 
0.0971696 0.196531 0.112539 0.115805 0.108229 0.108577 0.0919323 0.0851778 
0.0934543 0.114938 0.0971774 0.100211 0.095786 0.0985235 0.0904252 0.0900241 
0.0850549 0.0965215 0.0885356 0.0871668 0.0858978 0.0870353 0.0838964 0.0842569 
0.0843939 0.0901034 0.0842068 0.0877172 0.0861307 0.0892488 0.0858264 0.0860392 
0.079114 0.0859718 0.0813578 0.0799987 0.0805496 0.0816357 0.079998 0.0797665 
0.0810769 0.0853744 0.0808208 0.0833198 0.0827078 0.0852784 0.0829762 0.0826743 
0.0725725 0.0778705 0.074637 0.073015 0.0740513 0.0747543 0.0736346 0.0732142 
0.0782364 0.0819048 0.0781824 0.0799146 0.0795592 0.0816367 0.0799623 0.0795326 
