0 0 0 0 0 0 0 0 
0.0174551 0.0174551 0.0174551 0.0174551 0.0174551 0.0174551 0.0174551 0.0174551 
0.0349101 0.0349101 0.0349101 0.0349101 0.0349101 0.0349101 0.0349101 0.0349101 
0.0523652 0.0523652 0.0523652 0.0523652 0.0523652 0.0523652 0.0523652 0.0523652 
0.0698203 0.0698203 0.0698203 0.0698203 0.0698203 0.0698203 0.0698203 0.0698203 
0.0872753 0.0872753 0.0872753 0.0872753 0.0872753 0.0872753 0.0872753 0.0872753 
0.10473 0.10473 0.10473 0.10473 0.10473 0.10473 0.10473 0.10473 
0.122185 0.122185 0.122185 0.122185 0.122185 0.122185 0.122185 0.122185 
0.139641 0.139641 0.139641 0.139641 0.139641 0.139641 0.139641 0.139641 
0.157096 0.157096 0.157096 0.157096 0.157096 0.157096 0.157096 0.157096 
0.174551 0.174551 0.174551 0.174551 0.174551 0.174551 0.174551 0.174551 
0.192006 0.192006 0.192006 0.192006 0.192006 0.192006 0.192006 0.192006 
0.209461 0.209461 0.209461 0.209461 0.209461 0.209461 0.209461 0.209461 
0.226916 0.226916 0.226916 0.226916 0.226916 0.226916 0.226916 0.226916 
0.244371 0.244371 0.244371 0.244371 0.244371 0.244371 0.244371 0.244371 
0.261826 0.261826 0.261826 0.261826 0.261826 0.261826 0.261826 0.261826 
0.279281 0.279281 0.279281 0.279281 0.279281 0.279281 0.279281 0.279281 
0.296736 0.296736 0.296736 0.296736 0.296736 0.296736 0.296736 0.296736 
0.314191 0.314191 0.314191 0.314191 0.314191 0.314191 0.314191 0.314191 
0.331646 0.331646 0.331646 0.331646 0.331646 0.331646 0.331646 0.331646 
0.349101 0.349101 0.349101 0.349101 0.349101 0.349101 0.349101 0.349101 
0.366556 0.366556 0.366556 0.366556 0.366556 0.366556 0.366556 0.366556 
0.384011 0.384011 0.384011 0.384011 0.384011 0.384011 0.384011 0.384011 
0.401466 0.401466 0.401466 0.401466 0.401466 0.401466 0.401466 0.401466 
0.418922 0.418922 0.418922 0.418922 0.418922 0.418922 0.418922 0.418922 
0.436377 0.436377 0.436377 0.436377 0.436377 0.436377 0.436377 0.436377 
0.453832 0.453832 0.453832 0.453832 0.453832 0.453832 0.453832 0.453832 
0.471287 0.471287 0.471287 0.471287 0.471287 0.471287 0.471287 0.471287 
0.489902 0.509533 0.503533 0.496091 0.520805 0.490025 0.502955 0.505632 
0.514399 0.512613 0.516198 0.513636 0.515438 0.513838 0.51746 0.512655 
0.534276 0.549817 0.547568 0.539219 0.562482 0.53478 0.549146 0.546704 
0.55944 0.555584 0.561914 0.555938 0.560566 0.558428 0.564755 0.55657 
0.580838 0.592219 0.592868 0.58227 0.606159 0.579965 0.595556 0.590231 
0.606765 0.599661 0.608422 0.598779 0.605811 0.603011 0.611022 0.601336 
0.628883 0.636615 0.639506 0.626658 0.650666 0.624862 0.641085 0.634624 
0.655004 0.645597 0.656127 0.643462 0.651232 0.647834 0.656544 0.646617 
0.677594 0.683367 0.68769 0.673414 0.696192 0.6708 0.686766 0.680157 
0.704132 0.693725 0.705359 0.690813 0.697858 0.694623 0.70293 0.693402 
0.727558 0.732475 0.737687 0.723095 0.743775 0.719274 0.734086 0.727819 
0.75486 0.743979 0.756372 0.741058 0.74669 0.744179 0.751297 0.742504 
0.779322 0.783729 0.789593 0.775622 0.794019 0.770459 0.783689 0.778035 
0.807489 0.796175 0.809161 0.793918 0.798128 0.796326 0.802067 0.794142 
0.833086 0.837018 0.843362 0.830711 0.847153 0.824186 0.835971 0.830938 
0.862304 0.850457 0.863843 0.849249 0.852428 0.851117 0.855783 0.848547 
0.889422 0.89283 0.899455 0.888538 0.903554 0.88085 0.891683 0.88694 
0.920277 0.907774 0.921362 0.907633 0.91023 0.909317 0.913432 0.90644 
0.949763 0.952597 0.959344 0.950175 0.964239 0.941622 0.95208 0.947133 
0.983276 0.969977 0.983656 0.970572 0.972976 0.972481 0.976566 0.969325 
1.01631 1.01845 1.02528 1.01751 1.03107 1.00841 1.019 1.0134 
1.05363 1.0393 1.05306 1.04013 1.04277 1.04274 1.04721 1.03934 
1.09136 1.09258 1.09953 1.09271 1.10626 1.08343 1.09453 1.08798 
1.13347 1.11776 1.13168 1.11838 1.12171 1.1222 1.12738 1.11866 
1.1769 1.17689 1.18414 1.17782 1.19188 1.16868 1.18061 1.17292 
1.22471 1.20728 1.22152 1.20734 1.21179 1.21279 1.21891 1.20925 
1.27499 1.27348 1.2813 1.27513 1.2901 1.2662 1.2792 1.27027 
1.32965 1.31027 1.32508 1.30957 1.31542 1.31683 1.32407 1.31344 
1.38853 1.38534 1.3941 1.38783 1.40404 1.37893 1.39317 1.38291 
1.45189 1.43045 1.44609 1.42885 1.4363 1.43803 1.44647 1.43487 
1.52225 1.51721 1.52734 1.52084 1.53856 1.51171 1.52731 1.51557 
1.59732 1.57385 1.59047 1.57119 1.5803 1.58248 1.59215 1.57961 
1.68395 1.67688 1.68877 1.68211 1.70162 1.67258 1.68958 1.67614 
1.77549 1.75054 1.76793 1.74641 1.75696 1.76039 1.77115 1.7579 
1.88663 1.87758 1.89146 1.88514 1.90649 1.87529 1.89345 1.87813 
2.00199 1.97867 1.99516 1.97187 1.98222 1.98975 2.00082 1.98798 
2.1531 2.14429 2.1593 2.15522 2.17714 2.14593 2.16386 2.14684 
2.30177 2.29846 2.305 2.28371 2.2845 2.30752 2.31591 2.30901 
2.53057 2.53706 2.54681 2.55214 2.56731 2.54723 2.55839 2.54112 
2.69854 2.89708 2.83545 2.83107 2.71452 2.81661 2.84215 2.87442 
3.25873 3.38574 3.40019 3.3855 3.36019 3.43047 3.43505 3.40086 
3.79855 3.82333 3.917 3.73302 3.86332 3.98275 3.93601 3.84421 
4.33949 4.17842 4.18962 4.07732 4.40481 4.33932 4.31831 4.2235 
4.74107 4.34522 4.39153 4.35748 4.53265 4.61082 4.48875 4.51536 
4.85942 4.67047 4.54416 4.88798 4.90183 4.74104 4.64022 4.71325 
5.06597 4.59434 4.4213 4.55401 4.685 4.43927 4.46815 4.69907 
4.72471 4.26815 4.29027 4.02755 4.18087 3.90129 3.94404 4.31256 
4.42863 3.90472 3.87288 3.68127 3.70152 3.51 3.47585 3.94315 
4.04781 3.7785 3.76567 3.55905 3.58653 3.0801 3.1736 3.59658 
3.72293 3.53852 3.76785 3.62959 3.69257 3.12318 2.70024 3.24281 
3.47842 3.86247 3.86138 3.9134 3.79644 3.18184 2.60027 2.97533 
3.14845 3.552 3.26954 3.77886 3.6936 3.09232 2.5264 2.77193 
2.65111 3.14261 3.07999 3.48599 3.4865 2.94438 2.35424 2.27922 
2.30648 2.76138 2.83582 3.01017 3.19308 2.69741 2.35071 1.90665 
1.89007 2.45681 2.47517 2.92032 2.86529 2.36387 1.98974 1.76671 
1.89825 2.35153 2.2572 2.61309 2.48542 2.06245 1.73389 1.76059 
2.15002 2.25382 1.94277 2.1937 2.0722 1.89266 1.50745 2.01039 
2.41646 2.37791 1.81694 1.91064 1.93173 2.07197 1.62203 2.1554 
2.3249 2.42031 1.92621 1.33838 1.83223 1.94481 1.55631 1.87804 
1.93095 2.04849 1.91542 1.37745 1.49525 2.01785 1.81733 1.36568 
1.65463 1.45301 1.59345 1.14966 1.21309 1.72319 1.52853 1.06348 
1.38991 0.987626 1.25674 0.764796 1.07744 1.43905 1.28814 0.931727 
1.27229 0.758305 0.922495 0.697889 1.26217 1.1522 1.21119 0.753738 
1.09753 0.626404 0.685853 0.555265 0.988019 1.08295 1.30372 0.702885 
0.714879 0.437113 0.510792 0.417374 0.712079 1.03375 1.08959 0.627982 
0.659437 0.278992 0.440973 0.290914 0.514342 0.803375 0.770538 0.536621 
0.483844 0.272146 0.337301 0.246956 0.321895 0.714365 0.595952 0.41431 
0.314565 0.224785 0.317881 0.200843 0.226038 0.558998 0.399201 0.391223 
0.257233 0.171051 0.330831 0.184906 0.209526 0.353964 0.30931 0.303686 
0.192736 0.10754 0.614942 0.124221 0.162662 0.212277 0.18518 0.492987 
0.170527 0.120945 0.71541 0.445138 0.0901287 0.124155 0.159414 0.404637 
0.132498 0.125355 0.630019 0.668765 0.0840957 0.115397 0.108549 0.524859 
0.107908 0.134236 0.444116 0.524934 0.0971387 0.103684 0.0941524 0.684245 
0.356208 0.112767 0.252895 0.287544 0.113893 0.104931 0.105579 0.60929 
0.360753 0.133751 0.176206 0.150545 0.110884 0.102553 0.11059 0.453596 
0.459897 0.135494 0.138305 0.114274 0.106746 0.10447 0.101951 0.430623 
0.718972 0.134265 0.153328 0.0974451 0.100876 0.0943602 0.119977 0.132162 
0.511624 0.541402 0.0791889 0.102038 0.0944508 0.103019 0.10375 0.110577 
0.249655 0.775421 0.270455 0.0820455 0.092575 0.0959241 0.0985958 0.117068 
0.140709 0.724009 0.145808 0.10245 0.0937743 0.104231 0.101061 0.113303 
0.126232 0.545804 0.115139 0.0962147 0.095535 0.0963342 0.101082 0.106673 
0.0946204 0.629921 0.0938853 0.10206 0.0997734 0.119876 0.111161 0.128764 
0.102593 0.515786 0.0968821 0.0942226 0.100235 0.103448 0.109312 0.129249 
0.0805531 0.219225 0.108145 0.103544 0.0908943 0.361454 0.083645 0.467445 
0.0952681 0.119894 0.0948209 0.0959908 0.122656 0.278869 0.0818095 0.643268 
0.0940998 0.0951295 0.0940079 0.0750872 0.367225 0.114041 0.373328 0.712669 
0.345689 0.0870765 0.0886217 0.0738459 0.614784 0.379889 0.208644 0.671483 
0.296581 0.101141 0.0904524 0.0910319 0.523827 0.673498 0.0984548 0.475662 
0.235734 0.121921 0.094143 0.0976893 0.293311 0.545243 0.117532 0.267446 
0.432115 0.0920293 0.104013 0.110165 0.17692 0.319834 0.114069 0.266907 
0.677114 0.103953 0.107569 0.100282 0.140131 0.166739 0.135861 0.120733 
0.643181 0.101032 0.115713 0.124575 0.125871 0.126598 0.12417 0.120553 
0.430667 0.129452 0.120488 0.12904 0.117308 0.11029 0.121101 0.165121 
0.182844 0.147849 0.100479 0.360221 0.091003 0.118116 0.10682 0.379481 
0.137737 0.202379 0.0909086 0.615322 0.0845872 0.109486 0.100432 0.629357 
0.129646 0.23002 0.115296 0.63498 0.0976835 0.103322 0.275033 0.740703 
0.429119 0.344107 0.174867 0.357486 0.114471 0.109958 0.245188 0.741904 
0.389524 0.698517 0.275873 0.319208 0.116286 0.157661 0.186344 0.740658 
0.630187 1.08434 0.611504 0.230555 0.115174 0.143022 0.264657 0.750102 
1.08819 0.940908 0.990202 0.497665 0.107818 0.262816 0.501185 0.874283 
1.07353 0.952585 0.965595 0.470049 0.120535 0.378507 0.843341 0.659729 
0.709642 0.943642 0.719637 0.743834 0.220545 0.711402 1.15821 0.828498 
0.642545 0.613732 0.86003 0.531398 0.465422 0.784195 1.30571 0.774298 
0.469166 0.519398 0.740978 0.49158 0.876177 0.9122 1.46583 0.867223 
0.482441 0.451405 0.610164 0.505679 1.09759 0.860027 1.36545 0.83177 
0.467298 0.457386 0.608679 0.709644 1.26349 0.824678 1.14549 0.637771 
0.559756 0.482454 0.765445 0.633787 1.2329 0.819286 1.02398 0.697668 
0.655078 0.607692 1.0717 0.603224 1.05632 0.694063 0.943791 0.777545 
1.14867 0.826943 1.24906 0.639129 0.881161 0.809979 1.30606 1.01072 
1.07261 1.35246 1.38391 0.842798 0.726007 0.92262 1.44961 0.963463 
0.918784 1.47286 1.74436 1.23686 0.779362 1.19455 1.65341 1.15545 
0.939007 1.49896 1.73055 1.46273 0.864812 1.20313 1.62169 1.11741 
1.23477 1.7625 1.67267 1.36494 0.834782 0.997951 1.56579 1.08852 
1.16249 1.56158 1.72961 1.13837 0.980753 1.20827 1.32879 1.08162 
0.915734 1.48591 1.7723 1.2667 0.959671 1.17017 1.55524 1.01751 
0.730105 1.3258 1.65132 1.10024 0.984766 1.26419 1.75386 1.26299 
0.844777 1.11452 1.35096 0.907224 0.90815 1.1913 1.58538 1.21685 
0.835279 0.989097 1.05315 0.717911 0.776446 0.936712 1.26588 1.21202 
0.7658 0.948919 0.864182 0.631725 0.77524 0.784798 1.26291 1.28521 
0.947338 1.10358 0.826367 0.501762 0.915623 0.543287 1.06612 1.26001 
1.23968 1.11684 0.740928 0.606298 1.17644 0.610518 0.762875 0.906828 
1.11479 0.927431 0.597296 0.503789 1.05404 0.51228 0.590182 0.618566 
0.758438 0.738512 0.390241 0.572535 0.788745 0.378823 0.456053 0.524108 
0.601627 0.60154 0.314224 0.443713 0.534073 0.304255 0.382755 0.465673 
0.416638 0.48123 0.177962 0.551401 0.324076 0.239267 0.340228 0.585734 
0.691725 0.178134 0.220125 0.340312 0.281887 0.14324 0.503776 0.484831 
0.786313 0.158819 0.157264 0.324333 0.202889 0.110908 0.672445 0.19328 
0.667299 0.166922 0.141678 0.202043 0.223009 0.137465 0.775009 0.175593 
0.413824 0.549396 0.0932594 0.127042 0.17785 0.170403 0.676482 0.178178 
0.160778 0.674405 0.0893872 0.144828 0.104888 0.589114 0.729575 0.116625 
0.100481 0.66729 0.0887947 0.123729 0.0965833 0.688827 0.58901 0.115623 
0.110842 0.503486 0.111688 0.113029 0.292416 0.828094 0.583262 0.0937913 
0.106631 0.234185 0.11729 0.137453 0.259845 0.802831 0.516516 0.0987358 
0.110775 0.144647 0.0991983 0.356061 0.108428 0.707399 0.263756 0.115697 
0.0912475 0.125322 0.0840275 0.597047 0.111539 0.511209 0.167882 0.121412 
0.114683 0.111593 0.119323 0.529451 0.12945 0.153467 0.369694 0.0835359 
0.0943283 0.123553 0.135878 0.281645 0.135284 0.113932 0.508028 0.0902938 
0.131375 0.129712 0.167389 0.236621 0.115345 0.129331 0.180692 0.120748 
0.131097 0.154889 0.223254 0.190141 0.11847 0.0823996 0.501814 0.0892045 
0.524636 0.10273 0.440415 0.417635 0.0886152 0.0905485 0.533114 0.083454 
0.132576 0.541678 0.76354 0.66926 0.0722355 0.14656 0.176219 0.552119 
0.0693862 0.680143 1.1083 0.702643 0.103272 0.130039 0.0929651 0.619981 
0.105316 0.605499 1.14297 0.679996 0.0685553 0.526041 0.0771524 0.310474 
0.122272 0.422561 0.954142 0.544087 0.376903 0.686847 0.101585 0.132941 
0.118521 0.313015 0.633265 0.403774 0.334001 0.710184 0.129141 0.101429 
0.078104 0.375606 0.451189 0.55342 0.159741 0.508052 0.101495 0.353011 
0.0930414 0.626651 0.125246 0.678929 0.121463 0.359359 0.570319 0.141653 
0.0903982 0.678396 0.368372 0.818755 0.365881 0.138841 0.647914 0.0823503 
0.0882193 0.724561 0.374482 0.740534 0.16021 0.301343 0.435821 0.103024 
0.0873684 0.724957 0.383845 0.649535 0.0723379 0.595046 0.121758 0.115206 
0.0934913 0.733406 0.158686 0.43268 0.107722 0.592791 0.117655 0.115958 
0.0955133 0.702592 0.333925 0.169229 0.115736 0.412859 0.145169 0.101702 
0.0946254 0.717167 0.155326 0.150273 0.176303 0.127986 0.494094 0.0778181 
0.0850765 0.701565 0.288449 0.113417 0.109851 0.297756 0.659379 0.0797303 
0.0908767 0.657745 0.363831 0.0862368 0.540171 0.0966279 0.671471 0.0863378 
0.0933174 0.494551 0.612124 0.0682136 0.69213 0.0827577 0.54322 0.0976534 
0.107297 0.301097 0.581658 0.0971818 0.693997 0.109126 0.38648 0.11287 
0.10973 0.14095 0.560138 0.1087 0.461424 0.0892134 0.602854 0.0866834 
0.107852 0.153793 0.462504 0.149127 0.266869 0.114716 0.687803 0.0972745 
0.106311 0.119059 0.60505 0.109486 0.180791 0.11783 0.732302 0.0920773 
0.113445 0.217528 0.738953 0.132727 0.180889 0.153067 0.706786 0.111361 
0.10419 0.256937 0.801085 0.213703 0.139715 0.389146 0.55813 0.132943 
0.088808 0.61918 0.721256 0.585473 0.135103 0.642513 0.426462 0.299117 
0.0714636 0.630127 0.471299 0.50423 0.306003 0.884147 0.319347 0.607015 
0.45377 0.324935 0.360979 0.616379 0.756144 1.2076 0.697013 0.772925 
0.712921 0.160079 0.480418 0.907312 1.03324 1.13918 1.06212 0.606962 
0.741145 0.128628 0.706488 1.11719 1.42041 1.09065 1.35985 0.839786 
0.602308 0.424387 0.922517 0.985964 1.53326 0.931114 1.2715 0.739405 
0.578887 0.875412 1.05461 1.0298 1.43478 0.951274 0.94508 0.412391 
0.332167 0.941779 0.84546 0.952612 1.28783 0.786458 0.717031 0.276809 
0.251456 0.879379 0.638794 1.13368 0.903186 0.905497 0.412359 0.189601 
0.170122 0.791427 0.642263 1.22767 0.62243 0.938072 0.311458 0.233803 
0.502643 1.05702 0.496172 1.0597 0.483868 0.789481 0.22068 0.100112 
0.420531 0.950481 0.495967 0.801862 0.381525 0.581153 0.135434 0.110243 
0.184406 0.816683 0.520978 0.543235 0.322248 0.363202 0.126558 0.121776 
0.156707 0.775331 0.297589 0.381708 0.293209 0.221518 0.119685 0.113564 
0.107933 0.724405 0.24733 0.319931 0.334038 0.143413 0.115464 0.112855 
0.123954 0.696687 0.15173 0.139473 0.631817 0.0853107 0.111852 0.110639 
0.114257 0.512833 0.140422 0.123798 0.58048 0.0993037 0.112511 0.128335 
0.219421 0.293715 0.132727 0.12819 0.288346 0.103736 0.113862 0.144168 
0.219648 0.18443 0.120584 0.120564 0.165001 0.121611 0.0901419 0.380022 
0.569732 0.109821 0.104651 0.103926 0.106045 0.0964919 0.110193 0.608079 
0.732388 0.132951 0.103722 0.101218 0.140775 0.138329 0.0916908 0.723658 
0.689154 0.287015 0.079336 0.0904099 0.105444 0.106587 0.0942797 0.67536 
0.765418 0.585354 0.0917311 0.063932 0.537388 0.519088 0.0666899 0.599469 
0.786386 0.688797 0.0812399 0.0765317 0.551776 0.500505 0.0957359 0.304645 
0.488393 0.629673 0.11011 0.135037 0.289518 0.424596 0.109778 0.170868 
0.24943 0.500312 0.105381 0.149464 0.122118 0.644722 0.0939982 0.150251 
0.10107 0.630795 0.0959924 0.550895 0.0773291 0.640111 0.11917 0.127082 
0.0934849 0.716593 0.103853 0.547716 0.120551 0.349857 0.150524 0.104561 
0.0839688 0.631214 0.641791 0.378429 0.216428 0.141265 0.532663 0.0922894 
0.128815 0.31778 0.713977 0.139898 0.533484 0.0814394 0.660219 0.082537 
0.113529 0.123239 0.605499 0.0864879 0.661039 0.126913 0.700885 0.0851952 
0.459293 0.0829421 0.358854 0.0907805 0.709811 0.105634 0.709806 0.0626004 
0.442409 0.0924599 0.159203 0.0917931 0.645944 0.727294 0.687972 0.0794347 
0.191853 0.132537 0.156646 0.105598 0.46849 0.847368 0.508216 0.130231 
0.124367 0.10141 0.096323 0.0954955 0.249388 0.729439 0.280157 0.155287 
0.0930559 0.096522 0.528011 0.0702385 0.141837 0.775923 0.154273 0.393819 
0.0974678 0.132424 0.239405 0.106002 0.13167 0.702455 0.103712 0.610801 
0.0788486 0.508902 0.0743575 0.101978 0.087155 0.662552 0.0997148 0.690746 
0.0753277 0.551324 0.0859288 0.0646656 0.526871 0.537614 0.0885935 0.716438 
0.0947926 0.266842 0.0951203 0.0873296 0.404699 0.339921 0.0953331 0.722097 
0.10051 0.122824 0.107289 0.110322 0.184688 0.173764 0.106297 0.662713 
0.100016 0.107105 0.0979007 0.108294 0.154658 0.126527 0.106107 0.474408 
0.0763815 0.09607 0.101866 0.140313 0.146978 0.121425 0.0819671 0.577201 
0.0970283 0.0961249 0.0982226 0.109615 0.393705 0.0812505 0.100109 0.29626 
0.0911913 0.0886756 0.0725542 0.527347 0.641941 0.118463 0.0979791 0.108384 
0.0902028 0.11555 0.0811109 0.670114 0.623461 0.128086 0.0904086 0.0920934 
0.0767229 0.122309 0.0805649 0.7104 0.373268 0.508341 0.0753109 0.0819606 
0.0712745 0.497123 0.0585253 0.699089 0.167796 0.670809 0.0702755 0.0861162 
0.0771859 0.478194 0.0832468 0.612404 0.104901 0.690092 0.0703031 0.0790519 
0.0823537 0.374067 0.0783645 0.650513 0.0864696 0.674962 0.0738193 0.0864832 
0.0643807 0.605105 0.067414 0.474482 0.113169 0.462241 0.0801872 0.0855903 
0.0806922 0.528738 0.0974354 0.198449 0.141692 0.186025 0.0995636 0.0877048 
0.0971651 0.196531 0.112539 0.115805 0.108228 0.108567 0.0918654 0.0851718 
0.0934472 0.114938 0.0971774 0.100211 0.0957852 0.0985191 0.0903504 0.0900107 
0.0850507 0.0965215 0.0885356 0.0871668 0.0858967 0.0870258 0.0838307 0.0842511 
0.0843875 0.0901033 0.0842068 0.0877172 0.0861301 0.0892448 0.0857478 0.086025 
0.0791102 0.0859718 0.0813578 0.0799987 0.0805484 0.0816269 0.0799287 0.079761 
0.0810707 0.0853743 0.0808208 0.0833198 0.0827073 0.0852746 0.0828913 0.0826598 
0.0725695 0.0778705 0.074637 0.073015 0.0740502 0.0747462 0.0735648 0.0732096 
0.0782306 0.0819047 0.0781824 0.0799146 0.0795588 0.0816331 0.0798747 0.0795185 
