0 0 0 0 0 0 0 0 
0.0174551 0.0174551 0.0174551 0.0174551 0.0174551 0.0174551 0.0174551 0.0174551 
0.0349101 0.0349101 0.0349101 0.0349101 0.0349101 0.0349101 0.0349101 0.0349101 
0.0523652 0.0523652 0.0523652 0.0523652 0.0523652 0.0523652 0.0523652 0.0523652 
0.0698203 0.0698203 0.0698203 0.0698203 0.0698203 0.0698203 0.0698203 0.0698203 
0.0872753 0.0872753 0.0872753 0.0872753 0.0872753 0.0872753 0.0872753 0.0872753 
0.10473 0.10473 0.10473 0.10473 0.10473 0.10473 0.10473 0.10473 
0.122185 0.122185 0.122185 0.122185 0.122185 0.122185 0.122185 0.122185 
0.139641 0.139641 0.139641 0.139641 0.139641 0.139641 0.139641 0.139641 
0.157096 0.157096 0.157096 0.157096 0.157096 0.157096 0.157096 0.157096 
0.174551 0.174551 0.174551 0.174551 0.174551 0.174551 0.174551 0.174551 
0.192006 0.192006 0.192006 0.192006 0.192006 0.192006 0.192006 0.192006 
0.209461 0.209461 0.209461 0.209461 0.209461 0.209461 0.209461 0.209461 
0.226916 0.226916 0.226916 0.226916 0.226916 0.226916 0.226916 0.226916 
0.244371 0.244371 0.244371 0.244371 0.244371 0.244371 0.244371 0.244371 
0.261826 0.261826 0.261826 0.261826 0.261826 0.261826 0.261826 0.261826 
0.279281 0.279281 0.279281 0.279281 0.279281 0.279281 0.279281 0.279281 
0.296736 0.296736 0.296736 0.296736 0.296736 0.296736 0.296736 0.296736 
0.314191 0.314191 0.314191 0.314191 0.314191 0.314191 0.314191 0.314191 
0.331646 0.331646 0.331646 0.331646 0.331646 0.331646 0.331646 0.331646 
0.349101 0.349101 0.349101 0.349101 0.349101 0.349101 0.349101 0.349101 
0.366556 0.366556 0.366556 0.366556 0.366556 0.366556 0.366556 0.366556 
0.384011 0.384011 0.384011 0.384011 0.384011 0.384011 0.384011 0.384011 
0.401466 0.401466 0.401466 0.401466 0.401466 0.401466 0.401466 0.401466 
0.418922 0.418922 0.418922 0.418922 0.418922 0.418922 0.418922 0.418922 
0.436377 0.436377 0.436377 0.436377 0.436377 0.436377 0.436377 0.436377 
0.453832 0.453832 0.453832 0.453832 0.453832 0.453832 0.453832 0.453832 
0.471287 0.471287 0.471287 0.471287 0.471287 0.471287 0.471287 0.471287 
0.501521 0.511991 0.505044 0.486365 0.512989 0.497293 0.496962 0.513461 
0.525028 0.524191 0.524059 0.522895 0.522519 0.523688 0.524222 0.524185 
0.558606 0.566992 0.560697 0.544292 0.566799 0.553017 0.553568 0.567695 
0.586122 0.584596 0.584901 0.582814 0.582324 0.583029 0.58483 0.584 
0.623071 0.63012 0.624446 0.609749 0.62961 0.616625 0.618582 0.630317 
0.654464 0.652169 0.653065 0.650788 0.649876 0.650634 0.65422 0.651587 
0.694923 0.700826 0.695834 0.682533 0.700688 0.688518 0.692212 0.701371 
0.730173 0.726966 0.728673 0.726246 0.725235 0.726471 0.731871 0.727127 
0.774285 0.779058 0.774874 0.762508 0.779784 0.768424 0.77363 0.780515 
0.813398 0.809179 0.811807 0.809071 0.808286 0.810097 0.816901 0.810348 
0.861258 0.864957 0.861571 0.849841 0.866709 0.855905 0.862121 0.867325 
0.904255 0.899063 0.902604 0.899552 0.899061 0.901206 0.908865 0.900958 
0.956015 0.958821 0.956209 0.945059 0.961646 0.950914 0.957593 0.961633 
1.00309 0.997096 1.00159 0.998342 0.997994 1.00007 1.00807 0.999134 
1.05915 1.06129 1.05952 1.04897 1.06521 1.05407 1.06078 1.06399 
1.1108 1.10415 1.10971 1.10633 1.10591 1.10763 1.11566 1.10586 
1.17181 1.17345 1.17258 1.16259 1.17842 1.16658 1.17314 1.17572 
1.22877 1.22149 1.22816 1.22465 1.22401 1.22532 1.23332 1.22276 
1.29557 1.29672 1.29674 1.28721 1.30264 1.29007 1.2965 1.29863 
1.35868 1.35073 1.35846 1.35476 1.35385 1.35488 1.36293 1.35169 
1.43219 1.43284 1.43364 1.4245 1.4396 1.42636 1.43274 1.43457 
1.50241 1.49374 1.50245 1.49849 1.4973 1.49823 1.50642 1.49456 
1.58369 1.58386 1.58535 1.5765 1.59139 1.57749 1.58391 1.58555 
1.6622 1.65277 1.66244 1.65815 1.65669 1.65762 1.66603 1.65353 
1.75263 1.75231 1.75449 1.74583 1.76066 1.74601 1.75254 1.75402 
1.84104 1.83077 1.84148 1.83674 1.83503 1.83596 1.84471 1.83147 
1.94245 1.94163 1.94458 1.93597 1.95096 1.93533 1.9421 1.94334 
2.04303 2.0318 2.04374 2.03834 2.03647 2.0373 2.04658 2.03239 
2.15798 2.15657 2.16049 2.15176 2.16721 2.15025 2.15745 2.15825 
2.27394 2.26156 2.27507 2.26874 2.26682 2.26735 2.27741 2.26198 
2.40599 2.40389 2.4091 2.40005 2.41641 2.39759 2.40544 2.40553 
2.54211 2.52835 2.54394 2.53626 2.53446 2.53439 2.54552 2.52856 
2.69638 2.69347 2.70047 2.69098 2.70886 2.68756 2.69625 2.6951 
2.86035 2.84492 2.86338 2.85378 2.85231 2.85124 2.86368 2.84497 
3.04471 3.0408 3.05036 3.04081 3.06114 3.03685 3.04639 3.04263 
3.25095 3.23356 3.25608 3.24368 3.24287 3.24047 3.2541 3.23384 
3.47861 3.47349 3.48642 3.48122 3.50503 3.47861 3.48871 3.47587 
3.76427 3.7459 3.77339 3.75545 3.75644 3.75416 3.76559 3.74731 
4.06177 4.05133 4.05891 4.12271 4.13933 4.10854 4.14635 4.04243 
4.61147 4.66646 4.69539 4.70555 4.69019 4.74037 4.72598 4.66984 
5.25686 5.22948 5.25231 5.30291 5.33584 5.30352 5.28613 5.23376 
5.83988 5.69836 5.74324 5.72517 5.63534 5.72634 5.65718 5.68964 
6.38469 6.0981 5.96573 6.00156 6.08957 5.94462 5.82218 6.09005 
6.20777 5.777 5.71307 5.86032 5.84597 5.62961 5.4867 5.7909 
5.74699 5.36529 5.20306 5.39801 5.37451 5.14858 4.9141 5.3478 
5.31895 4.94172 4.63533 4.79271 4.77161 4.584 4.58723 4.95615 
4.83467 4.49811 4.29027 4.24645 4.27421 3.97315 4.10725 4.43769 
4.46863 3.99188 3.87288 3.68127 3.80907 3.51 3.57659 4.0429 
4.10905 3.7785 3.76567 3.55905 3.58653 3.0801 3.21685 3.643 
3.76073 3.53852 3.76785 3.62959 3.69257 3.12318 2.7395 3.22033 
3.47842 3.86247 3.86138 3.9134 3.79644 3.18184 2.60027 2.99596 
3.14845 3.552 3.26954 3.77886 3.6936 3.09232 2.5264 2.77193 
2.65111 3.14261 3.07999 3.48599 3.4865 2.94438 2.35424 2.27922 
2.30648 2.76138 2.83582 3.01017 3.19308 2.69741 2.35071 1.90665 
1.89007 2.45681 2.47517 2.92032 2.86529 2.36387 1.98974 1.76671 
1.89825 2.35153 2.2572 2.61309 2.48542 2.06245 1.73389 1.76059 
2.15002 2.25382 1.94277 2.1937 2.0722 1.89266 1.50745 2.01039 
2.41646 2.37791 1.81694 1.91064 1.93173 2.07197 1.62203 2.1554 
2.3249 2.42031 1.92621 1.33838 1.83223 1.94481 1.55631 1.87804 
1.93095 2.04849 1.91542 1.37745 1.49525 2.01785 1.81733 1.36568 
1.65463 1.45301 1.59345 1.14966 1.21309 1.72319 1.52853 1.06348 
1.38991 0.987626 1.25674 0.764796 1.07744 1.43905 1.28814 0.931727 
1.27229 0.758305 0.922495 0.697889 1.26217 1.1522 1.21119 0.753738 
1.09753 0.626404 0.685853 0.555265 0.988019 1.08295 1.30372 0.702885 
0.714879 0.437113 0.510792 0.417374 0.712079 1.03375 1.08959 0.627982 
0.659437 0.278992 0.440973 0.290914 0.514342 0.803375 0.770538 0.536621 
0.483844 0.272146 0.337301 0.246956 0.321895 0.714365 0.595952 0.41431 
0.314565 0.224785 0.317881 0.200843 0.226038 0.558998 0.399201 0.391223 
0.257233 0.171051 0.330831 0.184906 0.209526 0.353964 0.30931 0.303686 
0.192736 0.10754 0.614942 0.124221 0.162662 0.212277 0.18518 0.492987 
0.170527 0.120945 0.71541 0.445138 0.0901287 0.124155 0.159414 0.404637 
0.132498 0.125355 0.630019 0.668765 0.0840957 0.115397 0.108549 0.524859 
0.107908 0.134236 0.444116 0.524934 0.0971387 0.103684 0.0941524 0.684245 
0.356208 0.112767 0.252895 0.287544 0.113893 0.104931 0.105579 0.60929 
0.360753 0.133751 0.176206 0.150545 0.110884 0.102553 0.11059 0.453596 
0.459897 0.135494 0.138305 0.114274 0.106746 0.10447 0.101951 0.430623 
0.718972 0.134265 0.153328 0.0974451 0.100876 0.0943602 0.119977 0.132162 
0.511624 0.541402 0.0791889 0.102038 0.0944508 0.103019 0.10375 0.110577 
0.249655 0.775421 0.270455 0.0820455 0.092575 0.0959241 0.0985958 0.117068 
0.140709 0.724009 0.145808 0.10245 0.0937743 0.104231 0.101061 0.113303 
0.126232 0.545804 0.115139 0.0962147 0.095535 0.0963342 0.101082 0.106673 
0.0946204 0.629921 0.0938853 0.10206 0.0997734 0.119876 0.111161 0.128764 
0.102593 0.515786 0.0968821 0.0942226 0.100235 0.103448 0.109312 0.129249 
0.0805531 0.219225 0.108145 0.103544 0.0908943 0.361454 0.083645 0.467445 
0.0952681 0.119894 0.0948209 0.0959908 0.122656 0.278869 0.0818095 0.643268 
0.0940998 0.0951295 0.0940079 0.0750872 0.367225 0.114041 0.373328 0.712669 
0.345689 0.0870765 0.0886217 0.0738459 0.614784 0.379889 0.208644 0.671483 
0.296581 0.101141 0.0904524 0.0910319 0.523827 0.673498 0.0984548 0.475662 
0.235734 0.121921 0.094143 0.0976893 0.293311 0.545243 0.117532 0.267446 
0.432115 0.0920293 0.104013 0.110165 0.17692 0.319834 0.114069 0.266907 
0.677114 0.103953 0.107569 0.100282 0.140131 0.166739 0.135861 0.120733 
0.643181 0.101032 0.115713 0.124575 0.125871 0.126598 0.12417 0.120553 
0.430667 0.129452 0.120488 0.12904 0.117308 0.11029 0.121101 0.165121 
0.182844 0.147849 0.100479 0.360221 0.091003 0.118116 0.10682 0.379481 
0.137737 0.202379 0.0909086 0.615322 0.0845872 0.109486 0.100432 0.629357 
0.129646 0.23002 0.115296 0.63498 0.0976835 0.103322 0.275033 0.740703 
0.429119 0.344107 0.174867 0.357486 0.114471 0.109958 0.245188 0.741904 
0.389524 0.698517 0.275873 0.319208 0.116286 0.157661 0.186344 0.740658 
0.630187 1.08434 0.611504 0.230555 0.115174 0.143022 0.264657 0.750102 
1.08819 0.940908 0.990202 0.497665 0.107818 0.262816 0.501185 0.874283 
1.07353 0.952585 0.965595 0.470049 0.120535 0.378507 0.843341 0.659729 
0.709642 0.943642 0.719637 0.743834 0.220545 0.711402 1.15821 0.828498 
0.642545 0.613732 0.86003 0.531398 0.465422 0.784195 1.30571 0.774298 
0.469166 0.519398 0.740978 0.49158 0.876177 0.9122 1.46583 0.867223 
0.482441 0.451405 0.610164 0.505679 1.09759 0.860027 1.36545 0.83177 
0.467298 0.457386 0.608679 0.709644 1.26349 0.824678 1.14549 0.637771 
0.559756 0.482454 0.765445 0.633787 1.2329 0.819286 1.02398 0.697668 
0.655078 0.607692 1.0717 0.603224 1.05632 0.694063 0.943791 0.777545 
1.14867 0.826943 1.24906 0.639129 0.881161 0.809979 1.30606 1.01072 
1.07261 1.35246 1.38391 0.842798 0.726007 0.92262 1.44961 0.963463 
0.918784 1.47286 1.74436 1.23686 0.779362 1.19455 1.65341 1.15545 
0.939007 1.49896 1.73055 1.46273 0.864812 1.20313 1.62169 1.11741 
1.23477 1.7625 1.67267 1.36494 0.834782 0.997951 1.56579 1.08852 
1.16249 1.56158 1.72961 1.13837 0.980753 1.20827 1.32879 1.08162 
0.915734 1.48591 1.7723 1.2667 0.959671 1.17017 1.55524 1.01751 
0.730105 1.3258 1.65132 1.10024 0.984766 1.26419 1.75386 1.26299 
0.844777 1.11452 1.35096 0.907224 0.90815 1.1913 1.58538 1.21685 
0.835279 0.989097 1.05315 0.717911 0.776446 0.936712 1.26588 1.21202 
0.7658 0.948919 0.864182 0.631725 0.77524 0.784798 1.26291 1.28521 
0.947338 1.10358 0.826367 0.501762 0.915623 0.543287 1.06612 1.26001 
1.23968 1.11684 0.740928 0.606298 1.17644 0.610518 0.762875 0.906828 
1.11479 0.927431 0.597296 0.503789 1.05404 0.51228 0.590182 0.618566 
0.758438 0.738512 0.390241 0.572535 0.788745 0.378823 0.456053 0.524108 
0.601627 0.60154 0.314224 0.443713 0.534073 0.304255 0.382755 0.465673 
0.416638 0.48123 0.177962 0.551401 0.324076 0.239267 0.340228 0.585734 
0.691725 0.178134 0.220125 0.340312 0.281887 0.14324 0.503776 0.484831 
0.786313 0.158819 0.157264 0.324333 0.202889 0.110908 0.672445 0.19328 
0.667299 0.166922 0.141678 0.202043 0.223009 0.137465 0.775009 0.175593 
0.413824 0.549396 0.0932594 0.127042 0.17785 0.170403 0.676482 0.178178 
0.160778 0.674405 0.0893872 0.144828 0.104888 0.589114 0.729575 0.116625 
0.100481 0.66729 0.0887947 0.123729 0.0965833 0.688827 0.58901 0.115623 
0.110842 0.503486 0.111688 0.113029 0.292416 0.828094 0.583262 0.0937913 
0.106631 0.234185 0.11729 0.137453 0.259845 0.802831 0.516516 0.0987358 
0.110775 0.144647 0.0991983 0.356061 0.108428 0.707399 0.263756 0.115697 
0.0912475 0.125322 0.0840275 0.597047 0.111539 0.511209 0.167882 0.121412 
0.114683 0.111593 0.119323 0.529451 0.12945 0.153467 0.369694 0.0835359 
0.0943283 0.123553 0.135878 0.281645 0.135284 0.113932 0.508028 0.0902938 
0.131375 0.129712 0.167389 0.236621 0.115345 0.129331 0.180692 0.120748 
0.131097 0.154889 0.223254 0.190141 0.11847 0.0823996 0.501814 0.0892045 
0.524636 0.10273 0.440415 0.417635 0.0886152 0.0905485 0.533114 0.083454 
0.132576 0.541678 0.76354 0.66926 0.0722355 0.14656 0.176219 0.552119 
0.0693862 0.680143 1.1083 0.702643 0.103272 0.130039 0.0929651 0.619981 
0.105316 0.605499 1.14297 0.679996 0.0685553 0.526041 0.0771524 0.310474 
0.122272 0.422561 0.954142 0.544087 0.376903 0.686847 0.101585 0.132941 
0.118521 0.313015 0.633265 0.403774 0.334001 0.710184 0.129141 0.101429 
0.078104 0.375606 0.451189 0.55342 0.159741 0.508052 0.101495 0.353011 
0.0930414 0.626651 0.125246 0.678929 0.121463 0.359359 0.570319 0.141653 
0.0903982 0.678396 0.368372 0.818755 0.365881 0.138841 0.647914 0.0823503 
0.0882193 0.724561 0.374482 0.740534 0.16021 0.301343 0.435821 0.103024 
0.0873684 0.724957 0.383845 0.649535 0.0723379 0.595046 0.121758 0.115206 
0.0934913 0.733406 0.158686 0.43268 0.107722 0.592791 0.117655 0.115958 
0.0955133 0.702592 0.333925 0.169229 0.115736 0.412859 0.145169 0.101702 
0.0946254 0.717167 0.155326 0.150273 0.176303 0.127986 0.494094 0.0778181 
0.0850765 0.701565 0.288449 0.113417 0.109851 0.297756 0.659379 0.0797303 
0.0908767 0.657745 0.363831 0.0862368 0.540171 0.0966279 0.671471 0.0863378 
0.0933174 0.494551 0.612124 0.0682136 0.69213 0.0827577 0.54322 0.0976534 
0.107297 0.301097 0.581658 0.0971818 0.693997 0.109126 0.38648 0.11287 
0.10973 0.14095 0.560138 0.1087 0.461424 0.0892134 0.602854 0.0866834 
0.107852 0.153793 0.462504 0.149127 0.266869 0.114716 0.687803 0.0972745 
0.106311 0.119059 0.60505 0.109486 0.180791 0.11783 0.732302 0.0920773 
0.113445 0.217528 0.738953 0.132727 0.180889 0.153067 0.706786 0.111361 
0.10419 0.256937 0.801085 0.213703 0.139715 0.389146 0.55813 0.132943 
0.088808 0.61918 0.721256 0.585473 0.135103 0.642513 0.426462 0.299117 
0.0714636 0.630127 0.471299 0.50423 0.306003 0.884147 0.319347 0.607015 
0.45377 0.324935 0.360979 0.616379 0.756144 1.2076 0.697013 0.772925 
0.712921 0.160079 0.480418 0.907312 1.03324 1.13918 1.06212 0.606962 
0.741145 0.128628 0.706488 1.11719 1.42041 1.09065 1.35985 0.839786 
0.602308 0.424387 0.922517 0.985964 1.53326 0.931114 1.2715 0.739405 
0.578887 0.875412 1.05461 1.0298 1.43478 0.951274 0.94508 0.412391 
0.332167 0.941779 0.84546 0.952612 1.28783 0.786458 0.717031 0.276809 
0.251456 0.879379 0.638794 1.13368 0.903186 0.905497 0.412359 0.189601 
0.170122 0.791427 0.642263 1.22767 0.62243 0.938072 0.311458 0.233803 
0.502643 1.05702 0.496172 1.0597 0.483868 0.789481 0.22068 0.100112 
0.420531 0.950481 0.495967 0.801862 0.381525 0.581153 0.135434 0.110243 
0.184406 0.816683 0.520978 0.543235 0.322248 0.363202 0.126558 0.121776 
0.156707 0.775331 0.297589 0.381708 0.293209 0.221518 0.119685 0.113564 
0.107933 0.724405 0.24733 0.319931 0.334038 0.143413 0.115464 0.112855 
0.123954 0.696687 0.147591 0.139601 0.631817 0.0853107 0.111852 0.110639 
0.114257 0.512978 0.138285 0.123798 0.58048 0.0993037 0.112511 0.128335 
0.219421 0.293715 0.131633 0.128191 0.288851 0.103736 0.113862 0.144168 
0.219648 0.18443 0.119101 0.12049 0.165001 0.121611 0.0901419 0.380022 
0.569732 0.109821 0.102453 0.103749 0.106045 0.0964919 0.110193 0.608079 
0.732388 0.132951 0.101284 0.101142 0.140775 0.138329 0.0916908 0.723658 
0.689154 0.287015 0.0768523 0.0903435 0.105444 0.106587 0.0942797 0.67536 
0.765418 0.585354 0.0796817 0.0639393 0.537388 0.519088 0.0666899 0.599469 
0.786386 0.688797 0.0759418 0.076448 0.551882 0.500505 0.0957359 0.304645 
0.488393 0.633067 0.106709 0.135097 0.292041 0.424596 0.109778 0.170868 
0.24943 0.50754 0.10126 0.143133 0.12212 0.644865 0.0939982 0.150251 
0.10107 0.635327 0.0927376 0.564695 0.0768298 0.640792 0.11917 0.127082 
0.0934849 0.716593 0.0844876 0.557444 0.120551 0.350241 0.150524 0.104561 
0.0839688 0.631214 0.666709 0.39672 0.217416 0.141265 0.532663 0.0922894 
0.128815 0.31778 0.713977 0.139898 0.533484 0.0814394 0.660219 0.082537 
0.113529 0.123239 0.605499 0.0864879 0.661039 0.126913 0.700885 0.0851952 
0.459293 0.0829421 0.358854 0.0907805 0.709811 0.105634 0.709806 0.0626004 
0.442409 0.0924599 0.153796 0.0917931 0.645944 0.727294 0.687972 0.0794347 
0.191853 0.132492 0.154746 0.105592 0.468592 0.847368 0.508216 0.130231 
0.124367 0.101407 0.093402 0.0954868 0.251034 0.729439 0.280157 0.155287 
0.0930559 0.0962216 0.534944 0.0701636 0.141837 0.775923 0.154273 0.393819 
0.0974678 0.129414 0.241862 0.105955 0.13167 0.702455 0.103712 0.610801 
0.0788486 0.513728 0.0743575 0.101927 0.087155 0.662552 0.0997148 0.690746 
0.0753277 0.551324 0.0859288 0.0646659 0.526896 0.537614 0.0885935 0.716438 
0.0947926 0.266921 0.0950574 0.0873158 0.404949 0.339921 0.0953331 0.722097 
0.10051 0.122824 0.107218 0.11031 0.184688 0.173764 0.106297 0.662713 
0.100016 0.107105 0.0978086 0.108283 0.154658 0.126527 0.106107 0.474408 
0.0763815 0.0960699 0.10175 0.140296 0.146978 0.121425 0.0819671 0.577201 
0.0970283 0.0961238 0.0980721 0.109437 0.393979 0.0812505 0.100109 0.296288 
0.0911913 0.0886756 0.0723112 0.527831 0.641941 0.118432 0.0979791 0.108384 
0.0902028 0.115526 0.0809942 0.670114 0.623461 0.128059 0.0904086 0.0920934 
0.0767229 0.121868 0.080452 0.710423 0.373268 0.508408 0.0752882 0.0819606 
0.071137 0.497832 0.0584628 0.699262 0.167796 0.670809 0.0702755 0.0861162 
0.077186 0.478218 0.0831151 0.612404 0.104901 0.690092 0.0703031 0.0790519 
0.0823537 0.374067 0.0782077 0.650634 0.0864696 0.674965 0.0738193 0.0864832 
0.0643808 0.605105 0.0673031 0.474756 0.113169 0.462254 0.0801872 0.0855903 
0.0806922 0.528768 0.0973367 0.198447 0.141692 0.186031 0.0995636 0.0877048 
0.0971651 0.196642 0.11245 0.115798 0.108228 0.108567 0.0918654 0.0851718 
0.0934472 0.114938 0.0970851 0.100211 0.0957852 0.0985191 0.0903504 0.0900107 
0.0850507 0.0965215 0.0884287 0.0871668 0.0858967 0.0870258 0.0838307 0.0842511 
0.0843875 0.0901033 0.084096 0.0877172 0.0861301 0.0892448 0.0857478 0.086025 
0.0791103 0.0859718 0.0812288 0.0799987 0.0805484 0.0816269 0.0799287 0.079761 
0.0810707 0.0853743 0.0806892 0.0833198 0.0827073 0.0852746 0.0828913 0.0826598 
0.0725695 0.0778705 0.0744877 0.073015 0.0740502 0.0747462 0.0735648 0.0732096 
0.0782307 0.0819047 0.0780368 0.0799146 0.0795588 0.0816331 0.0798747 0.0795185 
