0 0 0 0 0 0 0 0 
0.0174551 0.0174551 0.0174551 0.0174551 0.0174551 0.0174551 0.0174551 0.0174551 
0.0349101 0.0349101 0.0349101 0.0349101 0.0349101 0.0349101 0.0349101 0.0349101 
0.0523652 0.0523652 0.0523652 0.0523652 0.0523652 0.0523652 0.0523652 0.0523652 
0.0698203 0.0698203 0.0698203 0.0698203 0.0698203 0.0698203 0.0698203 0.0698203 
0.0872753 0.0872753 0.0872753 0.0872753 0.0872753 0.0872753 0.0872753 0.0872753 
0.10473 0.10473 0.10473 0.10473 0.10473 0.10473 0.10473 0.10473 
0.122185 0.122185 0.122185 0.122185 0.122185 0.122185 0.122185 0.122185 
0.139641 0.139641 0.139641 0.139641 0.139641 0.139641 0.139641 0.139641 
0.157096 0.157096 0.157096 0.157096 0.157096 0.157096 0.157096 0.157096 
0.174551 0.174551 0.174551 0.174551 0.174551 0.174551 0.174551 0.174551 
0.192006 0.192006 0.192006 0.192006 0.192006 0.192006 0.192006 0.192006 
0.209461 0.209461 0.209461 0.209461 0.209461 0.209461 0.209461 0.209461 
0.226916 0.226916 0.226916 0.226916 0.226916 0.226916 0.226916 0.226916 
0.244371 0.244371 0.244371 0.244371 0.244371 0.244371 0.244371 0.244371 
0.261826 0.261826 0.261826 0.261826 0.261826 0.261826 0.261826 0.261826 
0.279281 0.279281 0.279281 0.279281 0.279281 0.279281 0.279281 0.279281 
0.296736 0.296736 0.296736 0.296736 0.296736 0.296736 0.296736 0.296736 
0.314191 0.314191 0.314191 0.314191 0.314191 0.314191 0.314191 0.314191 
0.331646 0.331646 0.331646 0.331646 0.331646 0.331646 0.331646 0.331646 
0.349101 0.349101 0.349101 0.349101 0.349101 0.349101 0.349101 0.349101 
0.366556 0.366556 0.366556 0.366556 0.366556 0.366556 0.366556 0.366556 
0.384011 0.384011 0.384011 0.384011 0.384011 0.384011 0.384011 0.384011 
0.401466 0.401466 0.401466 0.401466 0.401466 0.401466 0.401466 0.401466 
0.418922 0.418922 0.418922 0.418922 0.418922 0.418922 0.418922 0.418922 
0.436377 0.436377 0.436377 0.436377 0.436377 0.436377 0.436377 0.436377 
0.453832 0.453832 0.453832 0.453832 0.453832 0.453832 0.453832 0.453832 
0.471287 0.471287 0.471287 0.471287 0.471287 0.471287 0.471287 0.471287 
0.532737 0.533089 0.532399 0.525497 0.530022 0.532687 0.537001 0.537025 
0.55267 0.552596 0.551582 0.548497 0.550884 0.546998 0.550303 0.549165 
0.617168 0.617147 0.61541 0.608537 0.613981 0.611787 0.618193 0.618165 
0.645986 0.644892 0.642464 0.639956 0.643064 0.634046 0.639379 0.638709 
0.715532 0.71473 0.711538 0.706493 0.712134 0.703994 0.711613 0.71241 
0.752387 0.750048 0.745895 0.745308 0.748699 0.733261 0.739989 0.740328 
0.827771 0.826183 0.821359 0.818841 0.824372 0.809943 0.818302 0.820481 
0.872287 0.868764 0.862937 0.864754 0.868052 0.846717 0.854351 0.85626 
0.954106 0.951869 0.945727 0.945737 0.950835 0.931638 0.940345 0.944372 
1.00628 1.00173 0.994796 0.99874 1.00161 0.976644 0.984761 0.988587 
1.09522 1.09246 1.08577 1.08763 1.09213 1.07081 1.07949 1.0854 
1.15533 1.14981 1.14268 1.14787 1.15026 1.12435 1.13255 1.1381 
1.25211 1.24889 1.24253 1.2452 1.24921 1.22822 1.23652 1.24382 
1.32056 1.31407 1.30758 1.31293 1.31504 1.29026 1.29821 1.30484 
1.42592 1.42224 1.4169 1.41934 1.42315 1.4041 1.41181 1.41967 
1.50317 1.49566 1.49033 1.49498 1.49707 1.47458 1.48218 1.48902 
1.61785 1.61374 1.60973 1.61122 1.6151 1.59878 1.6059 1.61345 
1.70441 1.69583 1.69187 1.69524 1.69758 1.67779 1.68517 1.69141 
1.82925 1.8247 1.82211 1.82221 1.82639 1.81298 1.81973 1.82622 
1.92577 1.91597 1.91342 1.91518 1.91799 1.90085 1.9083 1.91329 
2.06172 2.05667 2.05546 2.05394 2.05864 2.04795 2.05468 2.05954 
2.16901 2.15777 2.15658 2.15659 2.16007 2.1452 2.15315 2.15644 
2.3173 2.31163 2.31171 2.30845 2.31387 2.30549 2.3126 2.31548 
2.43644 2.42342 2.42354 2.4217 2.42606 2.4129 2.42183 2.42313 
2.59864 2.59219 2.59349 2.58838 2.59473 2.5881 2.59604 2.59674 
2.73114 2.71585 2.71728 2.71343 2.71892 2.70676 2.71722 2.71639 
2.90938 2.90189 2.90438 2.89725 2.90474 2.89923 2.90849 2.90696 
3.05739 3.03908 3.0419 3.03576 3.04265 3.03066 3.04334 3.0403 
3.25457 3.24576 3.24939 3.23994 3.24879 3.24374 3.25482 3.25116 
3.42125 3.3988 3.40309 3.39418 3.40279 3.39006 3.40575 3.40055 
3.64133 3.63116 3.63546 3.6236 3.63359 3.62869 3.64176 3.63669 
3.83146 3.80367 3.80867 3.79698 3.80688 3.79307 3.81206 3.80568 
4.07994 4.0701 4.07236 4.06052 4.06851 4.06541 4.07852 4.07528 
4.30097 4.26876 4.26892 4.25832 4.26496 4.25358 4.27196 4.27052 
4.58923 4.58405 4.57997 4.56949 4.57173 4.57423 4.58022 4.5863 
4.86923 4.81401 4.81122 4.80071 4.80341 4.78895 4.81164 4.8101 
5.22539 5.19382 5.18795 5.17456 5.1777 5.17662 5.18592 5.19278 
5.71151 5.44938 5.49087 5.44614 5.4747 5.43339 5.48941 5.44445 
6.20643 5.98111 6.00899 5.96634 5.98989 5.96535 6.00692 5.97619 
6.71305 6.62396 6.5985 6.5888 6.58015 6.57621 6.58819 6.62118 
7.26848 7.19097 7.1613 7.15206 7.14294 7.13834 7.15084 7.17935 
6.96609 6.79707 6.73024 6.78701 6.72626 6.61382 6.65864 6.7919 
6.45596 6.17172 6.115 6.22705 6.16814 5.98705 6.07602 6.1817 
6.20777 5.777 5.71307 5.86032 5.84597 5.62961 5.4867 5.7909 
5.74699 5.36529 5.20306 5.39801 5.37451 5.14858 4.9141 5.3478 
5.31895 4.94172 4.63533 4.79271 4.77161 4.584 4.58723 4.95615 
4.83467 4.49811 4.29027 4.24645 4.27421 3.97315 4.10725 4.43769 
4.46863 3.99188 3.87288 3.68127 3.80907 3.51 3.57659 4.0429 
4.10905 3.7785 3.76567 3.55905 3.58653 3.0801 3.21685 3.643 
3.76073 3.53852 3.76785 3.62959 3.69257 3.12318 2.7395 3.22033 
3.47842 3.86247 3.86138 3.9134 3.79644 3.18184 2.60027 2.99596 
3.14845 3.552 3.26954 3.77886 3.6936 3.09232 2.5264 2.77193 
2.65111 3.14261 3.07999 3.48599 3.4865 2.94438 2.35424 2.27922 
2.30648 2.76138 2.83582 3.01017 3.19308 2.69741 2.35071 1.90665 
1.89007 2.45681 2.47517 2.92032 2.86529 2.36387 1.98974 1.76671 
1.89825 2.35153 2.2572 2.61309 2.48542 2.06245 1.73389 1.76059 
2.15002 2.25382 1.94277 2.1937 2.0722 1.89266 1.50745 2.01039 
2.41646 2.37791 1.81694 1.91064 1.93173 2.07197 1.62203 2.1554 
2.3249 2.42031 1.92621 1.33838 1.83223 1.94481 1.55631 1.87804 
1.93095 2.04849 1.91542 1.37745 1.49525 2.01785 1.81733 1.36568 
1.65463 1.45301 1.59345 1.14966 1.21309 1.72319 1.52853 1.06348 
1.38991 0.987626 1.25674 0.764796 1.07744 1.43905 1.28814 0.931727 
1.27229 0.758305 0.922495 0.697889 1.26217 1.1522 1.21119 0.753738 
1.09753 0.626404 0.685853 0.555265 0.988019 1.08295 1.30372 0.702885 
0.714879 0.437113 0.510792 0.417374 0.712079 1.03375 1.08959 0.627982 
0.659437 0.278992 0.440973 0.290914 0.514342 0.803375 0.770538 0.536621 
0.483844 0.272146 0.337301 0.246956 0.321895 0.714365 0.595952 0.41431 
0.314565 0.224785 0.317881 0.200843 0.226038 0.558998 0.399201 0.391223 
0.257233 0.171051 0.330831 0.184906 0.209526 0.353964 0.30931 0.303686 
0.192736 0.10754 0.614942 0.124221 0.162662 0.212277 0.18518 0.492987 
0.170527 0.120945 0.71541 0.445138 0.0901287 0.124155 0.159414 0.404637 
0.132498 0.125355 0.630019 0.668765 0.0840957 0.115397 0.108549 0.524859 
0.107908 0.134236 0.444116 0.524934 0.0971387 0.103684 0.0941524 0.684245 
0.356208 0.112767 0.252895 0.287544 0.113893 0.104931 0.105579 0.60929 
0.360753 0.133751 0.176206 0.150545 0.110884 0.102553 0.11059 0.453596 
0.459897 0.135494 0.138305 0.114274 0.106746 0.10447 0.101951 0.430623 
0.718972 0.134265 0.153328 0.0974451 0.100876 0.0943602 0.119977 0.132162 
0.511624 0.541402 0.0791889 0.102038 0.0944508 0.103019 0.10375 0.110577 
0.249655 0.775421 0.270455 0.0820455 0.092575 0.0959241 0.0985958 0.117068 
0.140709 0.724009 0.145808 0.10245 0.0937743 0.104231 0.101061 0.113303 
0.126232 0.545804 0.115139 0.0962147 0.095535 0.0963342 0.101082 0.106673 
0.0946204 0.629921 0.0938853 0.10206 0.0997734 0.119876 0.111161 0.128764 
0.102593 0.515786 0.0968821 0.0942226 0.100235 0.103448 0.109312 0.129249 
0.0805531 0.219225 0.108145 0.103544 0.0908943 0.361454 0.083645 0.467445 
0.0952681 0.119894 0.0948209 0.0959908 0.122656 0.278869 0.0818095 0.643268 
0.0940998 0.0951295 0.0940079 0.0750872 0.367225 0.114041 0.373328 0.712669 
0.345689 0.0870765 0.0886217 0.0738459 0.614784 0.379889 0.208644 0.671483 
0.296581 0.101141 0.0904524 0.0910319 0.523827 0.673498 0.0984548 0.475662 
0.235734 0.121921 0.094143 0.0976893 0.293311 0.545243 0.117532 0.267446 
0.432115 0.0920293 0.104013 0.110165 0.17692 0.319834 0.114069 0.266907 
0.677114 0.103953 0.107569 0.100282 0.140131 0.166739 0.135861 0.120733 
0.643181 0.101032 0.115713 0.124575 0.125871 0.126598 0.12417 0.120553 
0.430667 0.129452 0.120488 0.12904 0.117308 0.11029 0.121101 0.165121 
0.182844 0.147849 0.100479 0.360221 0.091003 0.118116 0.10682 0.379481 
0.137737 0.202379 0.0909086 0.615322 0.0845872 0.109486 0.100432 0.629357 
0.129646 0.23002 0.115296 0.63498 0.0976835 0.103322 0.275033 0.740703 
0.429119 0.344107 0.174867 0.357486 0.114471 0.109958 0.245188 0.741904 
0.389524 0.698517 0.275873 0.319208 0.116286 0.157661 0.186344 0.740658 
0.630187 1.08434 0.611504 0.230555 0.115174 0.143022 0.264657 0.750102 
1.08819 0.940908 0.990202 0.497665 0.107818 0.262816 0.501185 0.874283 
1.07353 0.952585 0.965595 0.470049 0.120535 0.378507 0.843341 0.659729 
0.709642 0.943642 0.719637 0.743834 0.220545 0.711402 1.15821 0.828498 
0.642545 0.613732 0.86003 0.531398 0.465422 0.784195 1.30571 0.774298 
0.469166 0.519398 0.740978 0.49158 0.876177 0.9122 1.46583 0.867223 
0.482441 0.451405 0.610164 0.505679 1.09759 0.860027 1.36545 0.83177 
0.467298 0.457386 0.608679 0.709644 1.26349 0.824678 1.14549 0.637771 
0.559756 0.482454 0.765445 0.633787 1.2329 0.819286 1.02398 0.697668 
0.655078 0.607692 1.0717 0.603224 1.05632 0.694063 0.943791 0.777545 
1.14867 0.826943 1.24906 0.639129 0.881161 0.809979 1.30606 1.01072 
1.07261 1.35246 1.38391 0.842798 0.726007 0.92262 1.44961 0.963463 
0.918784 1.47286 1.74436 1.23686 0.779362 1.19455 1.65341 1.15545 
0.939007 1.49896 1.73055 1.46273 0.864812 1.20313 1.62169 1.11741 
1.23477 1.7625 1.67267 1.36494 0.834782 0.997951 1.56579 1.08852 
1.16249 1.56158 1.72961 1.13837 0.980753 1.20827 1.32879 1.08162 
0.915734 1.48591 1.7723 1.2667 0.959671 1.17017 1.55524 1.01751 
0.730105 1.3258 1.65132 1.10024 0.984766 1.26419 1.75386 1.26299 
0.844777 1.11452 1.35096 0.907224 0.90815 1.1913 1.58538 1.21685 
0.835279 0.989216 1.05315 0.717911 0.776446 0.936712 1.26588 1.21202 
0.769738 0.9473 0.864182 0.631725 0.77524 0.784798 1.26291 1.28521 
0.9541 1.09735 0.826367 0.501762 0.915623 0.543287 1.06612 1.26001 
1.23968 1.11675 0.740928 0.606298 1.17644 0.610518 0.762875 0.906828 
1.11479 0.927461 0.597296 0.503789 1.05404 0.51228 0.590182 0.618566 
0.758438 0.738512 0.390241 0.572535 0.788745 0.378823 0.456053 0.524108 
0.601627 0.60154 0.314224 0.443713 0.534073 0.304255 0.382755 0.465673 
0.517625 0.48123 0.177962 0.551401 0.324076 0.239267 0.340228 0.585734 
0.676045 0.0824394 0.220125 0.340312 0.281887 0.14324 0.503776 0.484831 
0.746724 0.20353 0.157264 0.324333 0.202889 0.110908 0.672445 0.19328 
0.659188 0.177568 0.141678 0.202043 0.223009 0.137465 0.775009 0.175593 
0.434017 0.549396 0.0932594 0.127042 0.17785 0.170403 0.68827 0.16662 
0.160778 0.674405 0.0893872 0.144828 0.104888 0.589114 0.729575 0.116799 
0.100481 0.66729 0.0887947 0.123729 0.0965833 0.688827 0.58901 0.115623 
0.110797 0.503486 0.111688 0.113029 0.292416 0.828094 0.583262 0.0938356 
0.102334 0.234185 0.0886117 0.166221 0.259845 0.802831 0.516516 0.102999 
0.0405369 0.133079 0.0537442 0.401771 0.108428 0.707399 0.263756 0.260505 
0.0916978 0.125526 0.0636947 0.618164 0.111539 0.511209 0.167882 0.121412 
0.114683 0.111593 0.114219 0.534725 0.12945 0.153467 0.369694 0.0835359 
0.0946177 0.123553 0.135916 0.281651 0.135284 0.113932 0.508028 0.0902938 
0.102478 0.129731 0.165501 0.238663 0.115345 0.129331 0.180692 0.154573 
0.109176 0.154902 0.223254 0.190141 0.11847 0.0823996 0.501814 0.124502 
0.524636 0.10273 0.440415 0.417635 0.0886152 0.0905485 0.533114 0.083454 
0.132576 0.541678 0.76354 0.66926 0.0722355 0.14656 0.176219 0.552119 
0.0693862 0.680143 1.1083 0.702643 0.103272 0.130039 0.0929651 0.619981 
0.105316 0.605499 1.14297 0.679996 0.0685553 0.526041 0.0771524 0.310474 
0.122272 0.422561 0.954142 0.544087 0.376903 0.686847 0.101585 0.132941 
0.118521 0.313015 0.633265 0.403774 0.334001 0.710184 0.129141 0.101429 
0.078104 0.375606 0.451189 0.55342 0.159741 0.508052 0.101495 0.353011 
0.0930414 0.626651 0.125246 0.678929 0.121463 0.359359 0.570319 0.141653 
0.0881602 0.680641 0.368372 0.818755 0.365881 0.114452 0.671607 0.0823503 
0.088222 0.724561 0.374482 0.740534 0.16021 0.32274 0.435821 0.103024 
0.0873684 0.724957 0.383845 0.649535 0.107999 0.575648 0.0785187 0.115206 
0.0934913 0.733406 0.158686 0.43268 0.107722 0.593571 0.119902 0.115958 
0.0955133 0.702592 0.333925 0.169229 0.115736 0.412859 0.145169 0.101702 
0.0946254 0.717167 0.155326 0.178575 0.159545 0.127986 0.494094 0.0778181 
0.0850765 0.701565 0.288449 0.113417 0.109891 0.297756 0.659379 0.0797303 
0.0908767 0.657745 0.363831 0.0862368 0.540171 0.0966279 0.671471 0.0863378 
0.0933174 0.494551 0.612124 0.0682136 0.69213 0.0827577 0.54322 0.0976534 
0.107297 0.301097 0.581658 0.0971818 0.693997 0.109126 0.38648 0.11287 
0.10973 0.14095 0.560138 0.1087 0.461424 0.089222 0.602854 0.0866834 
0.107852 0.153793 0.462504 0.149127 0.268113 0.113498 0.687803 0.0972745 
0.106311 0.119059 0.60505 0.109486 0.180791 0.11783 0.732302 0.0920773 
0.113445 0.217528 0.738953 0.132727 0.180889 0.153067 0.706786 0.111361 
0.10419 0.256937 0.801085 0.213703 0.139715 0.389146 0.55813 0.132943 
0.088808 0.61918 0.721256 0.585473 0.135103 0.642513 0.426462 0.299117 
0.0714636 0.630127 0.471299 0.50423 0.306003 0.884147 0.319347 0.607015 
0.45377 0.324935 0.360979 0.616379 0.756144 1.2076 0.697013 0.772925 
0.712931 0.159375 0.480418 0.907312 1.03324 1.13918 1.06212 0.606962 
0.741881 0.127629 0.706488 1.11719 1.42041 1.09065 1.35985 0.839786 
0.602308 0.425748 0.922517 0.985964 1.53326 0.931114 1.2715 0.739405 
0.578887 0.875412 1.05461 1.0298 1.43478 0.951274 0.94508 0.412391 
0.332167 0.941779 0.84546 0.952612 1.28783 0.786458 0.717031 0.276809 
0.251456 0.879379 0.638794 1.13368 0.903186 0.905497 0.412359 0.189601 
0.170016 0.791427 0.642263 1.22767 0.62243 0.938072 0.311458 0.233821 
0.502687 1.05702 0.496172 1.0597 0.483868 0.789481 0.22068 0.100112 
0.420531 0.950481 0.495967 0.801862 0.381525 0.581153 0.135434 0.110243 
0.184406 0.816683 0.520978 0.543235 0.322248 0.363202 0.126558 0.121776 
0.156707 0.775331 0.297589 0.381708 0.293209 0.221518 0.119685 0.113564 
0.107933 0.724405 0.24733 0.319931 0.334038 0.143413 0.115464 0.112855 
0.123954 0.696687 0.145753 0.139646 0.631817 0.0853107 0.111852 0.110639 
0.114257 0.513024 0.136995 0.123798 0.58048 0.0993037 0.112511 0.128335 
0.219421 0.293721 0.130741 0.128196 0.288924 0.103736 0.113862 0.144168 
0.219648 0.182171 0.117869 0.120495 0.165149 0.121611 0.0901419 0.380022 
0.569732 0.109159 0.100901 0.103761 0.106045 0.0964919 0.110193 0.608079 
0.732388 0.12801 0.0994238 0.101155 0.140775 0.138329 0.0916908 0.723658 
0.689154 0.291306 0.0752738 0.0903575 0.105444 0.106587 0.0942797 0.67536 
0.765418 0.585354 0.0755777 0.0639474 0.537388 0.519088 0.0666899 0.599469 
0.786386 0.688797 0.0737268 0.0764653 0.55193 0.500505 0.0957359 0.304645 
0.488393 0.634752 0.104595 0.135217 0.293356 0.424596 0.109778 0.170868 
0.24943 0.511179 0.099144 0.168301 0.122178 0.644964 0.0939982 0.150251 
0.10107 0.637533 0.0914462 0.512667 0.107585 0.641091 0.11917 0.127082 
0.0934849 0.716593 0.0845436 0.562073 0.120552 0.350424 0.150524 0.104561 
0.0839688 0.631214 0.664238 0.413996 0.217759 0.141265 0.532663 0.0922894 
0.128815 0.31778 0.713977 0.139898 0.533484 0.0814394 0.660219 0.082537 
0.113529 0.123239 0.605499 0.0864879 0.661039 0.126913 0.700885 0.0851952 
0.459293 0.0829421 0.358854 0.0907805 0.709811 0.105634 0.709806 0.0626004 
0.442409 0.0924599 0.150935 0.0917931 0.645944 0.727294 0.687972 0.0794347 
0.191853 0.132216 0.153408 0.105594 0.46866 0.847368 0.508216 0.130231 
0.124367 0.100604 0.0913764 0.0955081 0.252102 0.729439 0.280157 0.155287 
0.0930559 0.0945014 0.539226 0.0701741 0.141837 0.775923 0.154273 0.393819 
0.0962825 0.117865 0.247452 0.105962 0.13167 0.702457 0.103712 0.610801 
0.0716499 0.527633 0.0743575 0.101932 0.087155 0.662552 0.0997148 0.691712 
0.0732155 0.552786 0.0859288 0.0646687 0.526926 0.537614 0.0885935 0.716438 
0.0931335 0.26955 0.0950255 0.0873176 0.405087 0.339921 0.0953331 0.722097 
0.0984517 0.12282 0.107179 0.110311 0.18478 0.173764 0.106297 0.662713 
0.0982579 0.107085 0.0977597 0.108284 0.154684 0.126527 0.106107 0.474408 
0.0738858 0.0960283 0.101684 0.140297 0.146978 0.121425 0.0819671 0.577255 
0.0951155 0.0960379 0.0979949 0.109402 0.393979 0.0812505 0.100109 0.300255 
0.0890222 0.0885332 0.0721788 0.528057 0.641941 0.118432 0.0979791 0.108384 
0.0886148 0.11517 0.0809351 0.670114 0.623461 0.128059 0.0904086 0.0920936 
0.0747203 0.114117 0.0803577 0.710447 0.373268 0.508408 0.0752882 0.0819624 
0.0604687 0.50602 0.0584013 0.699432 0.167796 0.670809 0.0702755 0.0861286 
0.0746393 0.478243 0.0830038 0.612404 0.104901 0.690092 0.0703031 0.0790976 
0.0809582 0.374067 0.0780722 0.650746 0.0864696 0.674993 0.07382 0.086555 
0.0622869 0.605105 0.0672036 0.475011 0.113169 0.462617 0.0801966 0.085651 
0.0792252 0.531241 0.0972485 0.198455 0.141692 0.18654 0.0995812 0.0877603 
0.0953104 0.196568 0.112364 0.115798 0.108228 0.108587 0.0918817 0.085214 
0.0920342 0.114256 0.0969985 0.100211 0.0957852 0.0985193 0.0903657 0.0900456 
0.0832634 0.0956457 0.0883235 0.0871668 0.0858967 0.0870261 0.083845 0.0842821 
0.0831212 0.0887582 0.0839884 0.0877172 0.0861301 0.0892451 0.0857615 0.0860544 
0.0775221 0.0845471 0.0810975 0.0799987 0.0805484 0.0816272 0.0799418 0.0797886 
0.0800315 0.0834646 0.0805576 0.0833198 0.0827073 0.0852749 0.0829039 0.082687 
0.0712557 0.0760406 0.0743329 0.073015 0.0740502 0.0747465 0.0735767 0.0732349 
0.0774219 0.0796701 0.0778896 0.0799146 0.0795588 0.0816334 0.0798858 0.0795436 
