0 0 0 0 0 0 0 0 
0.0174551 0.0174551 0.0174551 0.0174551 0.0174551 0.0174551 0.0174551 0.0174551 
0.0349101 0.0349101 0.0349101 0.0349101 0.0349101 0.0349101 0.0349101 0.0349101 
0.0523652 0.0523652 0.0523652 0.0523652 0.0523652 0.0523652 0.0523652 0.0523652 
0.0698203 0.0698203 0.0698203 0.0698203 0.0698203 0.0698203 0.0698203 0.0698203 
0.0872753 0.0872753 0.0872753 0.0872753 0.0872753 0.0872753 0.0872753 0.0872753 
0.10473 0.10473 0.10473 0.10473 0.10473 0.10473 0.10473 0.10473 
0.122185 0.122185 0.122185 0.122185 0.122185 0.122185 0.122185 0.122185 
0.139641 0.139641 0.139641 0.139641 0.139641 0.139641 0.139641 0.139641 
0.157096 0.157096 0.157096 0.157096 0.157096 0.157096 0.157096 0.157096 
0.174551 0.174551 0.174551 0.174551 0.174551 0.174551 0.174551 0.174551 
0.192006 0.192006 0.192006 0.192006 0.192006 0.192006 0.192006 0.192006 
0.209461 0.209461 0.209461 0.209461 0.209461 0.209461 0.209461 0.209461 
0.226916 0.226916 0.226916 0.226916 0.226916 0.226916 0.226916 0.226916 
0.244371 0.244371 0.244371 0.244371 0.244371 0.244371 0.244371 0.244371 
0.261826 0.261826 0.261826 0.261826 0.261826 0.261826 0.261826 0.261826 
0.279281 0.279281 0.279281 0.279281 0.279281 0.279281 0.279281 0.279281 
0.296736 0.296736 0.296736 0.296736 0.296736 0.296736 0.296736 0.296736 
0.314191 0.314191 0.314191 0.314191 0.314191 0.314191 0.314191 0.314191 
0.331646 0.331646 0.331646 0.331646 0.331646 0.331646 0.331646 0.331646 
0.349101 0.349101 0.349101 0.349101 0.349101 0.349101 0.349101 0.349101 
0.366556 0.366556 0.366556 0.366556 0.366556 0.366556 0.366556 0.366556 
0.384011 0.384011 0.384011 0.384011 0.384011 0.384011 0.384011 0.384011 
0.401466 0.401466 0.401466 0.401466 0.401466 0.401466 0.401466 0.401466 
0.418922 0.418922 0.418922 0.418922 0.418922 0.418922 0.418922 0.418922 
0.436377 0.436377 0.436377 0.436377 0.436377 0.436377 0.436377 0.436377 
0.453832 0.453832 0.453832 0.453832 0.453832 0.453832 0.453832 0.453832 
0.471287 0.471287 0.471287 0.471287 0.471287 0.471287 0.471287 0.471287 
0.530339 0.531421 0.531635 0.525825 0.534439 0.528854 0.532199 0.530768 
0.553491 0.545228 0.550099 0.546452 0.545163 0.550581 0.549576 0.548887 
0.615349 0.608768 0.611773 0.604608 0.607819 0.613716 0.615523 0.615182 
0.646631 0.628746 0.638756 0.632691 0.626326 0.643666 0.642374 0.642105 
0.713189 0.697023 0.705463 0.697007 0.694095 0.713325 0.71427 0.714799 
0.7515 0.724724 0.740104 0.732174 0.722013 0.750426 0.7489 0.749002 
0.824279 0.799771 0.81253 0.80371 0.797986 0.826909 0.827166 0.828167 
0.870176 0.835731 0.854893 0.84574 0.836372 0.870617 0.869291 0.869141 
0.95017 0.9194 0.934799 0.924982 0.921796 0.954463 0.954741 0.955518 
1.00398 0.964621 0.985212 0.974458 0.970381 1.00501 1.00463 1.00361 
1.09227 1.05735 1.07338 1.06227 1.06542 1.09696 1.09831 1.09798 
1.15446 1.11191 1.13216 1.11987 1.12355 1.15484 1.15637 1.15365 
1.25168 1.21427 1.22973 1.21685 1.2282 1.2557 1.25911 1.25691 
1.32253 1.2784 1.29707 1.2835 1.29522 1.32156 1.3256 1.3207 
1.42921 1.39123 1.40451 1.39071 1.40962 1.43219 1.43806 1.43367 
1.5091 1.46498 1.48086 1.46686 1.4855 1.50654 1.51328 1.50602 
1.62593 1.58965 1.59902 1.58557 1.61005 1.62789 1.63616 1.62954 
1.71548 1.67278 1.6847 1.67148 1.69517 1.71128 1.72057 1.71099 
1.84322 1.81009 1.81441 1.80336 1.8306 1.84451 1.85467 1.84617 
1.94326 1.90351 1.90988 1.89909 1.92561 1.93763 1.9489 1.93746 
2.08325 2.05322 2.0524 2.04367 2.07323 2.084 2.09547 2.08557 
2.19469 2.15874 2.15854 2.15136 2.17909 2.18782 2.2004 2.18771 
2.34827 2.32285 2.31483 2.31048 2.34061 2.34872 2.36113 2.35056 
2.47274 2.44092 2.43298 2.43037 2.45849 2.46428 2.47798 2.4647 
2.64188 2.62123 2.60557 2.60603 2.63582 2.6421 2.65493 2.64436 
2.78117 2.75262 2.73726 2.73919 2.76761 2.77075 2.78538 2.77193 
2.96823 2.95141 2.92804 2.93389 2.96324 2.96837 2.98145 2.97129 
3.12464 3.09757 3.07501 3.08206 3.11086 3.11197 3.12779 3.11399 
3.33268 3.31868 3.28824 3.29841 3.32874 3.33305 3.34644 3.3374 
3.50926 3.48144 3.45255 3.46343 3.49468 3.49403 3.51163 3.49769 
3.74451 3.72979 3.69159 3.70737 3.7394 3.74455 3.75839 3.74929 
3.94492 3.91272 3.87723 3.89062 3.92723 3.92673 3.9465 3.93084 
4.21012 4.19516 4.14773 4.17013 4.20495 4.21689 4.22939 4.22358 
4.44322 4.40166 4.35983 4.37647 4.41926 4.42529 4.44887 4.43023 
4.74534 4.72961 4.67166 4.70099 4.74265 4.77804 4.78427 4.7881 
5.02828 4.9665 4.9202 4.94005 4.98913 5.02364 5.04728 5.02734 
5.36342 5.38287 5.28999 5.34717 5.37549 5.53759 5.50134 5.56448 
5.80766 5.647 5.613 5.63675 5.69455 5.93118 5.87615 5.92509 
6.32611 6.17824 6.15407 6.16986 6.21848 6.43434 6.38978 6.42837 
6.87627 6.77795 6.74925 6.76353 6.84899 6.9025 6.92317 6.95754 
7.49962 7.41547 7.38727 7.40288 7.39698 7.51385 7.54711 7.50832 
7.00415 6.83182 6.8151 6.78839 6.88235 6.96878 6.93438 6.96675 
6.49998 6.22469 6.20066 6.22705 6.26243 6.33451 6.2929 6.34209 
6.20777 5.777 5.71307 5.86032 5.84597 5.7313 5.72525 5.7909 
5.74699 5.36529 5.20306 5.39801 5.37451 5.14858 5.11785 5.3478 
5.31895 4.94172 4.63533 4.79271 4.77161 4.584 4.58723 4.95615 
4.83467 4.49811 4.29027 4.24645 4.27421 3.97315 4.10725 4.43769 
4.46863 3.99188 3.87288 3.68127 3.80907 3.51 3.57659 4.0429 
4.10905 3.7785 3.76567 3.55905 3.58653 3.0801 3.21685 3.643 
3.76073 3.53852 3.76785 3.62959 3.69257 3.12318 2.7395 3.22033 
3.47842 3.86247 3.86138 3.9134 3.79644 3.18184 2.60027 2.99596 
3.14845 3.552 3.26954 3.77886 3.6936 3.09232 2.5264 2.77193 
2.65111 3.14261 3.07999 3.48599 3.4865 2.94438 2.35424 2.27922 
2.30648 2.76138 2.83582 3.01017 3.19308 2.69741 2.35071 1.90665 
1.89007 2.45681 2.47517 2.92032 2.86529 2.36387 1.98974 1.76671 
1.89825 2.35153 2.2572 2.61309 2.48542 2.06245 1.73389 1.76059 
2.15002 2.25382 1.94277 2.1937 2.0722 1.89266 1.50745 2.01039 
2.41646 2.37791 1.81694 1.91064 1.93173 2.07197 1.62203 2.1554 
2.3249 2.42031 1.92621 1.33838 1.83223 1.94481 1.55631 1.87804 
1.93095 2.04849 1.91542 1.37745 1.49525 2.01785 1.81733 1.36568 
1.65463 1.45301 1.59345 1.14966 1.21309 1.72319 1.52853 1.06348 
1.38991 0.987626 1.25674 0.764796 1.07744 1.43905 1.28814 0.931727 
1.27229 0.758305 0.922495 0.697889 1.26217 1.1522 1.21119 0.753738 
1.09753 0.626404 0.685853 0.555265 0.988019 1.08295 1.30372 0.702885 
0.714879 0.437113 0.510792 0.417374 0.712079 1.03375 1.08959 0.627982 
0.659437 0.278992 0.440973 0.290914 0.514342 0.803375 0.770538 0.536621 
0.483844 0.272146 0.337301 0.246956 0.321895 0.714365 0.595952 0.41431 
0.314565 0.224785 0.317881 0.200843 0.226038 0.558998 0.399201 0.391223 
0.257233 0.171051 0.330831 0.184906 0.209526 0.353964 0.30931 0.303686 
0.192736 0.10754 0.614942 0.124221 0.162662 0.212277 0.18518 0.492987 
0.170527 0.120945 0.71541 0.445138 0.0901287 0.124155 0.159414 0.404637 
0.132498 0.125355 0.630019 0.668765 0.0840957 0.115397 0.108549 0.524859 
0.107908 0.134236 0.444116 0.524934 0.0971387 0.103684 0.0941524 0.684245 
0.356208 0.112767 0.252895 0.287544 0.113893 0.104931 0.105579 0.60929 
0.360753 0.133751 0.176206 0.150545 0.110884 0.102553 0.11059 0.453596 
0.459897 0.135494 0.138305 0.114274 0.106746 0.10447 0.101951 0.430623 
0.718972 0.134265 0.153328 0.0974451 0.100876 0.0943602 0.119977 0.132162 
0.511624 0.541402 0.0791889 0.102038 0.0944508 0.103019 0.10375 0.110577 
0.249655 0.775421 0.270455 0.0820455 0.092575 0.0959241 0.0985958 0.117068 
0.140709 0.724009 0.145808 0.10245 0.0937743 0.104231 0.101061 0.113303 
0.126232 0.545804 0.115139 0.0962147 0.095535 0.0963342 0.101082 0.106673 
0.0946204 0.629921 0.0938853 0.10206 0.0997734 0.119876 0.111161 0.128764 
0.102593 0.515786 0.0968821 0.0942226 0.100235 0.103448 0.109312 0.129249 
0.0805531 0.219225 0.108145 0.103544 0.0908943 0.361454 0.083645 0.467445 
0.0952681 0.119894 0.0948209 0.0959908 0.122656 0.278869 0.0818095 0.643268 
0.0940998 0.0951295 0.0940079 0.0750872 0.367225 0.114041 0.373328 0.712669 
0.345689 0.0870765 0.0886217 0.0738459 0.614784 0.379889 0.208644 0.671483 
0.296581 0.101141 0.0904524 0.0910319 0.523827 0.673498 0.0984548 0.475662 
0.235734 0.121921 0.094143 0.0976893 0.293311 0.545243 0.117532 0.267446 
0.432115 0.0920293 0.104013 0.110165 0.17692 0.319834 0.114069 0.266907 
0.677114 0.103953 0.107569 0.100282 0.140131 0.166739 0.135861 0.120733 
0.643181 0.101032 0.115713 0.124575 0.125871 0.126598 0.12417 0.120553 
0.430667 0.129452 0.120488 0.12904 0.117308 0.11029 0.121101 0.165121 
0.182844 0.147849 0.100479 0.360221 0.091003 0.118116 0.10682 0.379481 
0.137737 0.202379 0.0909086 0.615322 0.0845872 0.109486 0.100432 0.629357 
0.129646 0.23002 0.115296 0.63498 0.0976835 0.103322 0.275033 0.740703 
0.429119 0.344107 0.174867 0.357486 0.114471 0.109958 0.245188 0.741904 
0.389524 0.698517 0.275873 0.319208 0.116286 0.157661 0.186344 0.740658 
0.630187 1.08434 0.611504 0.230555 0.115174 0.143022 0.264657 0.750102 
1.08819 0.940908 0.990202 0.497665 0.107818 0.262816 0.501185 0.874283 
1.07353 0.952585 0.965595 0.470049 0.120535 0.378507 0.843341 0.659729 
0.709642 0.943642 0.719637 0.743834 0.220545 0.711402 1.15821 0.828498 
0.642545 0.613732 0.86003 0.531398 0.465422 0.784195 1.30571 0.774298 
0.469166 0.519398 0.740978 0.49158 0.876177 0.9122 1.46583 0.867223 
0.482441 0.451405 0.610164 0.505679 1.09759 0.860027 1.36545 0.83177 
0.467298 0.457386 0.608679 0.709644 1.26349 0.824678 1.14549 0.637771 
0.559756 0.482454 0.765445 0.633787 1.2329 0.819286 1.02398 0.697668 
0.655078 0.607692 1.0717 0.603224 1.05632 0.694063 0.943791 0.777545 
1.14867 0.826943 1.24906 0.639129 0.881161 0.809979 1.30606 1.01072 
1.07261 1.35246 1.38391 0.842798 0.726007 0.92262 1.44961 0.963463 
0.918784 1.47286 1.74436 1.23686 0.779362 1.19455 1.65341 1.15545 
0.939007 1.49896 1.73055 1.46273 0.864812 1.20313 1.62169 1.11741 
1.23477 1.7625 1.67267 1.36494 0.834782 0.997951 1.56579 1.08852 
1.16249 1.56158 1.72961 1.13837 0.980753 1.20827 1.32879 1.08162 
0.915734 1.48591 1.7723 1.2667 0.959671 1.17017 1.55524 1.01751 
0.730105 1.3258 1.65132 1.10024 0.984766 1.26419 1.75386 1.26299 
0.844777 1.11452 1.35096 0.907224 0.90815 1.1913 1.58538 1.21685 
0.835279 0.989216 1.05315 0.717911 0.776446 0.936712 1.26588 1.21202 
0.769738 0.9473 0.864182 0.631725 0.77524 0.784798 1.26291 1.28521 
0.9541 1.09735 0.826367 0.501762 0.915623 0.543287 1.06612 1.26001 
1.23968 1.11675 0.740928 0.606298 1.17644 0.610518 0.762875 0.906828 
1.11479 0.927461 0.597296 0.503789 1.05404 0.51228 0.590182 0.618566 
0.758438 0.738512 0.390241 0.572535 0.788745 0.378823 0.456053 0.524108 
0.601627 0.60154 0.314224 0.443713 0.534073 0.304255 0.382755 0.465673 
0.517625 0.48123 0.177962 0.551401 0.324076 0.239267 0.340228 0.585734 
0.676045 0.0824394 0.220125 0.340312 0.281887 0.14324 0.503776 0.484831 
0.746724 0.20353 0.157264 0.324333 0.202889 0.110908 0.672445 0.19328 
0.659188 0.177568 0.141678 0.202043 0.223009 0.137465 0.775009 0.175593 
0.434017 0.549396 0.0932594 0.127042 0.17785 0.170403 0.68827 0.16662 
0.160778 0.674405 0.0893872 0.144828 0.104888 0.589114 0.729575 0.116799 
0.100481 0.66729 0.0887947 0.123729 0.0965833 0.688827 0.58901 0.115623 
0.110797 0.503486 0.111688 0.113029 0.292416 0.828094 0.583262 0.0938356 
0.102334 0.234185 0.0886117 0.166221 0.259845 0.802831 0.516516 0.102999 
0.0405369 0.133079 0.0537442 0.401771 0.108428 0.707399 0.263756 0.260505 
0.0916978 0.125526 0.0636947 0.618164 0.111539 0.511209 0.167882 0.121412 
0.114683 0.111593 0.114219 0.534725 0.12945 0.153467 0.369694 0.0835359 
0.0946177 0.123553 0.135916 0.281651 0.135284 0.113932 0.508028 0.0902938 
0.102478 0.129731 0.165501 0.238663 0.115345 0.129331 0.180692 0.154573 
0.109176 0.154902 0.223254 0.190141 0.11847 0.0823996 0.501814 0.124502 
0.524636 0.10273 0.440415 0.417635 0.0886152 0.0905485 0.533114 0.083454 
0.132576 0.541678 0.76354 0.66926 0.0722355 0.14656 0.176219 0.552119 
0.0693862 0.680143 1.1083 0.702643 0.103272 0.130039 0.0929651 0.619981 
0.105316 0.605499 1.14297 0.679996 0.0685553 0.526041 0.0771524 0.310474 
0.122272 0.422561 0.954142 0.544087 0.376903 0.686847 0.101585 0.132941 
0.118521 0.313015 0.633265 0.403774 0.334001 0.710184 0.129141 0.101429 
0.078104 0.375606 0.451189 0.55342 0.159741 0.508052 0.101495 0.353011 
0.0930414 0.626651 0.125246 0.678929 0.121463 0.359359 0.570319 0.141653 
0.0881602 0.680641 0.368372 0.818755 0.365881 0.114452 0.671607 0.0823503 
0.088222 0.724561 0.374482 0.740534 0.16021 0.32274 0.435821 0.103024 
0.0873684 0.724957 0.383845 0.649535 0.107999 0.581288 0.0720523 0.115206 
0.0934913 0.733406 0.158686 0.43268 0.107722 0.63253 0.0862812 0.115958 
0.0955133 0.702592 0.333925 0.169229 0.115736 0.412859 0.145169 0.101702 
0.0946254 0.717167 0.155326 0.178575 0.159545 0.0866566 0.533824 0.0778181 
0.0850765 0.701565 0.288449 0.113417 0.109891 0.298875 0.659379 0.0797303 
0.0908767 0.657745 0.363831 0.0862368 0.540171 0.0966279 0.671471 0.0863378 
0.0933174 0.494551 0.612124 0.0682136 0.69213 0.0827577 0.54322 0.0976534 
0.107297 0.301097 0.581658 0.0971818 0.693997 0.109126 0.38648 0.11287 
0.109256 0.140953 0.560138 0.1087 0.461424 0.089222 0.602854 0.0867097 
0.107467 0.153794 0.462504 0.149127 0.268113 0.113648 0.687803 0.0973272 
0.105155 0.119059 0.60505 0.109587 0.196516 0.103893 0.732302 0.0921291 
0.112581 0.217528 0.738953 0.133036 0.194506 0.134103 0.714848 0.111516 
0.103873 0.256949 0.801085 0.214231 0.13916 0.389146 0.55813 0.133422 
0.0894684 0.619227 0.721256 0.585821 0.13509 0.642514 0.426462 0.299231 
0.0714242 0.630575 0.471299 0.50423 0.306917 0.884147 0.319347 0.607015 
0.455021 0.324935 0.360979 0.616379 0.756144 1.2076 0.697013 0.772925 
0.712931 0.159375 0.480418 0.907312 1.03324 1.13918 1.06212 0.606962 
0.741881 0.127629 0.706488 1.11719 1.42041 1.09065 1.35985 0.839786 
0.602308 0.425748 0.922517 0.985964 1.53326 0.931114 1.2715 0.739405 
0.578887 0.875412 1.05461 1.0298 1.43478 0.951274 0.94508 0.412391 
0.332167 0.941779 0.84546 0.952612 1.28783 0.786458 0.717031 0.276809 
0.251456 0.879379 0.638794 1.13368 0.903186 0.905497 0.412359 0.189601 
0.16609 0.791427 0.642263 1.22767 0.62243 0.938072 0.311458 0.23439 
0.504415 1.05702 0.496172 1.0597 0.483868 0.789481 0.22068 0.100112 
0.420531 0.950481 0.495967 0.801862 0.381525 0.581153 0.135434 0.110243 
0.179632 0.816683 0.520978 0.543235 0.322248 0.363202 0.126558 0.122194 
0.144499 0.775331 0.297589 0.381708 0.293209 0.221518 0.119685 0.114933 
0.09787 0.724405 0.24733 0.319931 0.334038 0.143413 0.115464 0.115009 
0.114708 0.69733 0.145753 0.139646 0.631817 0.0853107 0.111852 0.112532 
0.103846 0.51602 0.136995 0.123798 0.58048 0.0993037 0.112547 0.129583 
0.2576 0.293721 0.130741 0.128196 0.288924 0.103736 0.113915 0.144178 
0.219648 0.182171 0.117869 0.121435 0.156057 0.121611 0.0901419 0.380345 
0.569732 0.109159 0.100901 0.105442 0.091623 0.0966377 0.110193 0.608079 
0.732388 0.12801 0.0994238 0.103294 0.12013 0.138346 0.0916908 0.723658 
0.689154 0.291306 0.0752738 0.0991972 0.0962987 0.10959 0.0948752 0.675447 
0.765418 0.585354 0.0755777 0.0995754 0.517096 0.525192 0.066703 0.59957 
0.786386 0.688797 0.0737268 0.0764653 0.578348 0.500505 0.095743 0.30469 
0.488393 0.634752 0.104595 0.135217 0.293356 0.424596 0.109781 0.170915 
0.24943 0.511179 0.0991441 0.169453 0.111526 0.644974 0.0939993 0.150282 
0.0972174 0.637533 0.0914462 0.51267 0.0912931 0.599179 0.119171 0.128249 
0.0770228 0.716593 0.0845436 0.562073 0.0988874 0.386406 0.150525 0.107241 
0.0685886 0.632961 0.664238 0.413996 0.276394 0.141265 0.532706 0.0922894 
0.117309 0.329478 0.713977 0.139898 0.533484 0.0814394 0.660219 0.082537 
0.0979952 0.128777 0.609001 0.0864879 0.661039 0.126913 0.700885 0.0851952 
0.504263 0.083756 0.361391 0.0907805 0.709811 0.105634 0.709806 0.0626004 
0.442413 0.0930496 0.151009 0.0917931 0.645944 0.727294 0.687972 0.0794347 
0.173234 0.133005 0.153408 0.105594 0.46866 0.847368 0.508216 0.130852 
0.107262 0.101731 0.0913765 0.0955106 0.252107 0.729439 0.281063 0.156339 
0.0730838 0.0979213 0.539257 0.0721427 0.128409 0.73051 0.154273 0.397037 
0.0687718 0.126554 0.253558 0.110101 0.111982 0.707097 0.103712 0.616469 
0.0862727 0.536657 0.0743575 0.11542 0.10712 0.662559 0.0997148 0.649949 
0.0758749 0.562975 0.0865494 0.119809 0.496506 0.537614 0.0885935 0.716438 
0.0862035 0.288907 0.0954873 0.0911396 0.411668 0.339921 0.0953331 0.722097 
0.0967549 0.122975 0.10947 0.112717 0.165711 0.174871 0.106297 0.662713 
0.093826 0.107121 0.0978068 0.109182 0.133814 0.126535 0.106112 0.474408 
0.0738393 0.0961067 0.104008 0.144914 0.118272 0.123972 0.0819805 0.577291 
0.0907592 0.096163 0.0994021 0.110028 0.447246 0.0820018 0.100391 0.314778 
0.0863243 0.0886257 0.0722523 0.533907 0.641941 0.115801 0.0984188 0.110011 
0.0824489 0.115542 0.0809711 0.670114 0.623461 0.126823 0.0908939 0.0920936 
0.070119 0.114122 0.0803869 0.71055 0.373268 0.513976 0.0754358 0.0819626 
0.0431771 0.506465 0.0984902 0.656293 0.147831 0.670809 0.0703734 0.0861291 
0.0687358 0.478318 0.0830279 0.620223 0.0883788 0.690092 0.0703832 0.0794371 
0.0742619 0.374067 0.0780888 0.650935 0.0756908 0.677102 0.0739168 0.0873147 
0.054578 0.605105 0.0672093 0.475273 0.10692 0.464902 0.080437 0.0866807 
0.0730076 0.536447 0.0972523 0.19899 0.124759 0.187712 0.100141 0.0886885 
0.0919729 0.206391 0.112519 0.115798 0.101313 0.108807 0.0921397 0.0860368 
0.0854683 0.114381 0.0970107 0.100258 0.0830977 0.0985618 0.0905808 0.0905217 
0.0801109 0.0958954 0.0883254 0.0872494 0.0823891 0.087028 0.0840195 0.0847143 
0.0791103 0.088941 0.0839903 0.0878723 0.0793101 0.089248 0.085912 0.0863302 
0.0768083 0.0847627 0.0810997 0.0801524 0.0796601 0.0816274 0.0800689 0.0800841 
0.0776868 0.0836259 0.0805597 0.083491 0.0788222 0.0852802 0.0830159 0.0828751 
0.0708269 0.0762081 0.0743351 0.0731701 0.0732741 0.0747449 0.0736721 0.0734517 
0.075234 0.0797982 0.0778916 0.0800662 0.0763039 0.0816419 0.0799678 0.079675 
