0 0 0 0 0 0 0 0 
0.0174551 0.0174551 0.0174551 0.0174551 0.0174551 0.0174551 0.0174551 0.0174551 
0.0349101 0.0349101 0.0349101 0.0349101 0.0349101 0.0349101 0.0349101 0.0349101 
0.0523652 0.0523652 0.0523652 0.0523652 0.0523652 0.0523652 0.0523652 0.0523652 
0.0698203 0.0698203 0.0698203 0.0698203 0.0698203 0.0698203 0.0698203 0.0698203 
0.0872753 0.0872753 0.0872753 0.0872753 0.0872753 0.0872753 0.0872753 0.0872753 
0.10473 0.10473 0.10473 0.10473 0.10473 0.10473 0.10473 0.10473 
0.122185 0.122185 0.122185 0.122185 0.122185 0.122185 0.122185 0.122185 
0.139641 0.139641 0.139641 0.139641 0.139641 0.139641 0.139641 0.139641 
0.157096 0.157096 0.157096 0.157096 0.157096 0.157096 0.157096 0.157096 
0.174551 0.174551 0.174551 0.174551 0.174551 0.174551 0.174551 0.174551 
0.192006 0.192006 0.192006 0.192006 0.192006 0.192006 0.192006 0.192006 
0.209461 0.209461 0.209461 0.209461 0.209461 0.209461 0.209461 0.209461 
0.226916 0.226916 0.226916 0.226916 0.226916 0.226916 0.226916 0.226916 
0.244371 0.244371 0.244371 0.244371 0.244371 0.244371 0.244371 0.244371 
0.261826 0.261826 0.261826 0.261826 0.261826 0.261826 0.261826 0.261826 
0.279281 0.279281 0.279281 0.279281 0.279281 0.279281 0.279281 0.279281 
0.296736 0.296736 0.296736 0.296736 0.296736 0.296736 0.296736 0.296736 
0.314191 0.314191 0.314191 0.314191 0.314191 0.314191 0.314191 0.314191 
0.331646 0.331646 0.331646 0.331646 0.331646 0.331646 0.331646 0.331646 
0.349101 0.349101 0.349101 0.349101 0.349101 0.349101 0.349101 0.349101 
0.366556 0.366556 0.366556 0.366556 0.366556 0.366556 0.366556 0.366556 
0.384011 0.384011 0.384011 0.384011 0.384011 0.384011 0.384011 0.384011 
0.401466 0.401466 0.401466 0.401466 0.401466 0.401466 0.401466 0.401466 
0.418922 0.418922 0.418922 0.418922 0.418922 0.418922 0.418922 0.418922 
0.436377 0.436377 0.436377 0.436377 0.436377 0.436377 0.436377 0.436377 
0.453832 0.453832 0.453832 0.453832 0.453832 0.453832 0.453832 0.453832 
0.471287 0.471287 0.471287 0.471287 0.471287 0.471287 0.471287 0.471287 
0.531644 0.534019 0.525108 0.522638 0.53259 0.518866 0.527962 0.529803 
0.552258 0.545391 0.551521 0.548503 0.550633 0.548526 0.553633 0.55063 
0.614763 0.611089 0.60744 0.604437 0.613587 0.601286 0.613576 0.613282 
0.643184 0.629841 0.641583 0.637141 0.639357 0.638816 0.646932 0.64251 
0.710866 0.700415 0.702572 0.699387 0.706773 0.69861 0.712066 0.711141 
0.747089 0.726073 0.743938 0.738843 0.739483 0.743414 0.753104 0.748113 
0.821541 0.803797 0.811047 0.808286 0.81302 0.81061 0.824589 0.823684 
0.866036 0.837248 0.859773 0.854278 0.853002 0.862969 0.873387 0.868156 
0.948579 0.923251 0.933823 0.932209 0.933702 0.938472 0.952046 0.951186 
1.00151 0.965809 0.990569 0.98468 0.982327 0.998683 1.00903 1.00331 
1.09294 1.06074 1.07278 1.07137 1.07216 1.08284 1.09576 1.09454 
1.15484 1.11294 1.1382 1.13123 1.13021 1.15159 1.16154 1.15464 
1.2564 1.21638 1.22965 1.22571 1.23098 1.24486 1.25749 1.25472 
1.3274 1.27771 1.30396 1.29539 1.29848 1.32301 1.33244 1.32368 
1.43866 1.39231 1.40511 1.40009 1.40994 1.42605 1.43821 1.43413 
1.51885 1.4645 1.48881 1.47945 1.48769 1.51413 1.52296 1.51266 
1.64096 1.59077 1.60085 1.59599 1.60987 1.62805 1.63939 1.6343 
1.73113 1.67368 1.69453 1.68566 1.69865 1.72644 1.73472 1.72299 
1.86488 1.81258 1.81818 1.81468 1.83319 1.85151 1.86283 1.85693 
1.96562 1.9069 1.92246 1.91534 1.93341 1.96121 1.96934 1.95658 
2.11195 2.05978 2.05872 2.05832 2.08123 2.09904 2.11003 2.10413 
2.22425 2.16623 2.17441 2.17079 2.19323 2.22088 2.2287 2.21546 
2.38501 2.3332 2.32572 2.3288 2.35579 2.37181 2.38359 2.37785 
2.50958 2.45359 2.45364 2.45424 2.48069 2.5076 2.51543 2.50213 
2.68653 2.63709 2.62073 2.6294 2.65903 2.6749 2.68589 2.6813 
2.82534 2.77219 2.76386 2.76879 2.79896 2.82498 2.83303 2.81958 
3.02074 2.97505 2.94899 2.96309 2.99491 3.01121 3.0212 3.01829 
3.17603 3.12679 3.10886 3.11872 3.15187 3.17744 3.18602 3.17226 
3.39439 3.35073 3.31601 3.33426 3.3694 3.38404 3.39565 3.39361 
3.56848 3.52296 3.4968 3.50825 3.5462 3.57172 3.58071 3.56652 
3.81525 3.77232 3.72784 3.75014 3.78913 3.80306 3.81764 3.81592 
4.01327 3.96715 3.93541 3.94894 3.98934 4.01758 4.02631 4.01227 
4.29404 4.25059 4.1891 4.22559 4.26323 4.28047 4.29406 4.30034 
4.5226 4.47494 4.43346 4.45507 4.49704 4.53014 4.53678 4.52669 
4.84099 4.80282 4.72607 4.77086 4.81492 4.82989 4.85015 4.87415 
5.11648 5.07962 5.0235 5.05032 5.09561 5.13432 5.1353 5.14716 
5.46895 5.48792 5.36614 5.42624 5.46858 5.49669 5.53768 5.64822 
5.87526 5.88952 5.7944 5.82993 5.8835 5.91694 5.95748 6.05291 
6.40755 6.39642 6.40361 6.38264 6.40707 6.40431 6.44552 6.5315 
7.00161 6.99221 6.96257 6.97117 7.00262 7.03577 7.039 7.07883 
7.64167 7.619 7.60177 7.60414 7.64264 7.58859 7.67223 7.71199 
7.07772 7.00143 6.9827 7.01102 7.02951 7.04386 7.05357 7.09488 
6.54648 6.38615 6.41821 6.4043 6.39469 6.44068 6.44361 6.48024 
6.20777 5.82519 5.81224 5.86032 5.84597 5.83053 5.8266 5.8876 
5.74699 5.36529 5.20306 5.39801 5.37451 5.21136 5.17969 5.3478 
5.31895 4.94172 4.63533 4.79271 4.77161 4.584 4.58723 4.95615 
4.83467 4.49811 4.29027 4.24645 4.27421 3.97315 4.10725 4.43769 
4.46863 3.99188 3.87288 3.68127 3.80907 3.51 3.57659 4.0429 
4.10905 3.7785 3.76567 3.55905 3.58653 3.0801 3.21685 3.643 
3.76073 3.53852 3.76785 3.62959 3.69257 3.12318 2.7395 3.22033 
3.47842 3.86247 3.86138 3.9134 3.79644 3.18184 2.60027 2.99596 
3.14845 3.552 3.26954 3.77886 3.6936 3.09232 2.5264 2.77193 
2.65111 3.14261 3.07999 3.48599 3.4865 2.94438 2.35424 2.27922 
2.30648 2.76138 2.83582 3.01017 3.19308 2.69741 2.35071 1.90665 
1.89007 2.45681 2.47517 2.92032 2.86529 2.36387 1.98974 1.76671 
1.89825 2.35153 2.2572 2.61309 2.48542 2.06245 1.73389 1.76059 
2.15002 2.25382 1.94277 2.1937 2.0722 1.89266 1.50745 2.01039 
2.41646 2.37791 1.81694 1.91064 1.93173 2.07197 1.62203 2.1554 
2.3249 2.42031 1.92621 1.33838 1.83223 1.94481 1.55631 1.87804 
1.93095 2.04849 1.91542 1.37745 1.49525 2.01785 1.81733 1.36568 
1.65463 1.45301 1.59345 1.14966 1.21309 1.72319 1.52853 1.06348 
1.38991 0.987626 1.25674 0.764796 1.07744 1.43905 1.28814 0.931727 
1.27229 0.758305 0.922495 0.697889 1.26217 1.1522 1.21119 0.753738 
1.09753 0.626404 0.685853 0.555265 0.988019 1.08295 1.30372 0.702885 
0.714879 0.437113 0.510792 0.417374 0.712079 1.03375 1.08959 0.627982 
0.659437 0.278992 0.440973 0.290914 0.514342 0.803375 0.770538 0.536621 
0.483844 0.272146 0.337301 0.246956 0.321895 0.714365 0.595952 0.41431 
0.314565 0.224785 0.317881 0.200843 0.226038 0.558998 0.399201 0.391223 
0.257233 0.171051 0.330831 0.184906 0.209526 0.353964 0.30931 0.303686 
0.192736 0.10754 0.614942 0.124221 0.162662 0.212277 0.18518 0.492987 
0.170527 0.120945 0.71541 0.445138 0.0901287 0.124155 0.159414 0.404637 
0.132498 0.125355 0.630019 0.668765 0.0840957 0.115397 0.108549 0.524859 
0.107908 0.134236 0.444116 0.524934 0.0971387 0.103684 0.0941524 0.684245 
0.356208 0.112767 0.252895 0.287544 0.113893 0.104931 0.105579 0.60929 
0.360753 0.133751 0.176206 0.150545 0.110884 0.102553 0.11059 0.453596 
0.459897 0.135494 0.138305 0.114274 0.106746 0.10447 0.101951 0.430623 
0.718972 0.134265 0.153328 0.0974451 0.100876 0.0943602 0.119977 0.132162 
0.511624 0.541402 0.0791889 0.102038 0.0944508 0.103019 0.10375 0.110577 
0.249655 0.775421 0.270455 0.0820455 0.092575 0.0959241 0.0985958 0.117068 
0.140709 0.724009 0.145808 0.10245 0.0937743 0.104231 0.101061 0.113303 
0.126232 0.545804 0.115139 0.0962147 0.095535 0.0963342 0.101082 0.106673 
0.0946204 0.629921 0.0938853 0.10206 0.0997734 0.119876 0.111161 0.128764 
0.102593 0.515786 0.0968821 0.0942226 0.100235 0.103448 0.109312 0.129249 
0.0805531 0.219225 0.108145 0.103544 0.0908943 0.361454 0.083645 0.467445 
0.0952681 0.119894 0.0948209 0.0959908 0.122656 0.278869 0.0818095 0.643268 
0.0940998 0.0951295 0.0940079 0.0750872 0.367225 0.114041 0.373328 0.712669 
0.345689 0.0870765 0.0886217 0.0738459 0.614784 0.379889 0.208644 0.671483 
0.296581 0.101141 0.0904524 0.0910319 0.523827 0.673498 0.0984548 0.475662 
0.235734 0.121921 0.094143 0.0976893 0.293311 0.545243 0.117532 0.267446 
0.432115 0.0920293 0.104013 0.110165 0.17692 0.319834 0.114069 0.266907 
0.677114 0.103953 0.107569 0.100282 0.140131 0.166739 0.135861 0.120733 
0.643181 0.101032 0.115713 0.124575 0.125871 0.126598 0.12417 0.120553 
0.430667 0.129452 0.120488 0.12904 0.117308 0.11029 0.121101 0.165121 
0.182844 0.147849 0.100479 0.360221 0.091003 0.118116 0.10682 0.379481 
0.137737 0.202379 0.0909086 0.615322 0.0845872 0.109486 0.100432 0.629357 
0.129646 0.23002 0.115296 0.63498 0.0976835 0.103322 0.275033 0.740703 
0.429119 0.344107 0.174867 0.357486 0.114471 0.109958 0.245188 0.741904 
0.389524 0.698517 0.275873 0.319208 0.116286 0.157661 0.186344 0.740658 
0.630187 1.08434 0.611504 0.230555 0.115174 0.143022 0.264657 0.750102 
1.08819 0.940908 0.990202 0.497665 0.107818 0.262816 0.501185 0.874283 
1.07353 0.952585 0.965595 0.470049 0.120535 0.378507 0.843341 0.659729 
0.709642 0.943642 0.719637 0.743834 0.220545 0.711402 1.15821 0.828498 
0.642545 0.613732 0.86003 0.531398 0.465422 0.784195 1.30571 0.774298 
0.469166 0.519398 0.740978 0.49158 0.876177 0.9122 1.46583 0.867223 
0.482441 0.451405 0.610164 0.505679 1.09759 0.860027 1.36545 0.83177 
0.467298 0.457386 0.608679 0.709644 1.26349 0.824678 1.14549 0.637771 
0.559756 0.482454 0.765445 0.633787 1.2329 0.819286 1.02398 0.697668 
0.655078 0.607692 1.0717 0.603224 1.05632 0.694063 0.943791 0.777545 
1.14867 0.826943 1.24906 0.639129 0.881161 0.809979 1.30606 1.01072 
1.07261 1.35246 1.38391 0.842798 0.726007 0.92262 1.44961 0.963463 
0.918784 1.47286 1.74436 1.23686 0.779362 1.19455 1.65341 1.15545 
0.939007 1.49896 1.73055 1.46273 0.864812 1.20313 1.62169 1.11741 
1.23477 1.7625 1.67267 1.36494 0.834782 0.997951 1.56579 1.08852 
1.16249 1.56158 1.72961 1.13837 0.980753 1.20827 1.32879 1.08162 
0.915734 1.48591 1.7723 1.2667 0.959671 1.17017 1.55524 1.01751 
0.730105 1.3258 1.65132 1.10024 0.984766 1.26419 1.75386 1.26299 
0.844777 1.11452 1.35096 0.907224 0.90815 1.1913 1.58538 1.21685 
0.835279 0.989216 1.05315 0.717911 0.776446 0.936712 1.26588 1.21202 
0.769738 0.9473 0.864182 0.631725 0.77524 0.784798 1.26291 1.28521 
0.9541 1.09735 0.826367 0.501762 0.915623 0.543287 1.06612 1.26001 
1.23968 1.11675 0.740928 0.606298 1.17644 0.610518 0.762875 0.906828 
1.11479 0.927461 0.597296 0.503789 1.05404 0.51228 0.590182 0.618566 
0.758438 0.738512 0.390241 0.572535 0.788745 0.378823 0.456053 0.524108 
0.601627 0.60154 0.314224 0.443713 0.534073 0.304255 0.382755 0.465673 
0.517625 0.48123 0.177962 0.551401 0.324076 0.239267 0.340228 0.585734 
0.676045 0.0824394 0.220125 0.340312 0.281887 0.14324 0.503776 0.484831 
0.746724 0.20353 0.157264 0.324333 0.202889 0.110908 0.672445 0.19328 
0.659188 0.177568 0.141678 0.202043 0.223009 0.137465 0.775009 0.175593 
0.434017 0.549396 0.0932594 0.127042 0.17785 0.170403 0.68827 0.16662 
0.160778 0.674405 0.0893872 0.144828 0.104888 0.589114 0.729575 0.116799 
0.100481 0.66729 0.0887947 0.123729 0.0965833 0.688827 0.58901 0.115623 
0.110797 0.503486 0.111688 0.113029 0.292416 0.828094 0.583262 0.0938356 
0.102334 0.234185 0.0886117 0.166221 0.259845 0.802831 0.516516 0.102999 
0.0405369 0.133079 0.0537442 0.401771 0.108428 0.707399 0.263756 0.260505 
0.0916978 0.125526 0.0636947 0.618164 0.111539 0.511209 0.167882 0.121412 
0.114683 0.111593 0.114219 0.534725 0.12945 0.153467 0.369694 0.0835359 
0.0946177 0.123553 0.135916 0.281651 0.135284 0.113932 0.508028 0.0902938 
0.102478 0.129731 0.165501 0.238663 0.115345 0.129331 0.180692 0.154573 
0.109176 0.154902 0.223254 0.190141 0.11847 0.0823996 0.501814 0.124502 
0.524636 0.10273 0.440415 0.417635 0.0886152 0.0905485 0.533114 0.083454 
0.132576 0.541678 0.76354 0.66926 0.0722355 0.14656 0.176219 0.552119 
0.0693862 0.680143 1.1083 0.702643 0.103272 0.130039 0.0929651 0.619981 
0.105316 0.605499 1.14297 0.679996 0.0685553 0.526041 0.0771524 0.310474 
0.122272 0.422561 0.954142 0.544087 0.376903 0.686847 0.101585 0.132941 
0.118521 0.313015 0.633265 0.403774 0.334001 0.710184 0.129141 0.101429 
0.078104 0.375606 0.451189 0.55342 0.159741 0.508052 0.101495 0.353011 
0.0930414 0.626651 0.125246 0.678929 0.121463 0.359359 0.570319 0.141653 
0.0881602 0.680641 0.368372 0.818755 0.365881 0.114452 0.671607 0.0823503 
0.088222 0.724561 0.374482 0.740534 0.16021 0.32274 0.435821 0.103024 
0.0873684 0.724957 0.383845 0.649535 0.107999 0.581288 0.0720523 0.115206 
0.0934913 0.733406 0.158686 0.43268 0.107722 0.63253 0.0862812 0.115958 
0.0955133 0.702592 0.333925 0.169229 0.115736 0.412859 0.145169 0.101702 
0.0946254 0.717167 0.155326 0.178575 0.159545 0.0866566 0.533824 0.0778181 
0.0850765 0.701565 0.288449 0.113417 0.109891 0.298875 0.659379 0.0797303 
0.0908767 0.657745 0.363831 0.0862368 0.540171 0.0966279 0.671471 0.0863378 
0.0933174 0.494551 0.612124 0.0682136 0.69213 0.0827577 0.54322 0.0976534 
0.107297 0.301097 0.581658 0.0971818 0.693997 0.109126 0.38648 0.11287 
0.109256 0.140953 0.560138 0.1087 0.461424 0.089222 0.602854 0.0867097 
0.107467 0.153794 0.462504 0.149127 0.268113 0.113648 0.687803 0.0973272 
0.105154 0.119059 0.60505 0.109587 0.196516 0.106606 0.732302 0.0921291 
0.112581 0.217528 0.738953 0.133036 0.194585 0.155872 0.681838 0.111517 
0.103867 0.25695 0.801085 0.214231 0.13916 0.389146 0.574874 0.133422 
0.0894685 0.619227 0.721256 0.585821 0.13509 0.642514 0.426462 0.299232 
0.0714242 0.630577 0.471299 0.50423 0.306917 0.884147 0.319347 0.607015 
0.455027 0.324935 0.360979 0.616379 0.756144 1.2076 0.697013 0.772925 
0.712931 0.159375 0.480418 0.907312 1.03324 1.13918 1.06212 0.606962 
0.741881 0.127629 0.706488 1.11719 1.42041 1.09065 1.35985 0.839786 
0.602308 0.425748 0.922517 0.985964 1.53326 0.931114 1.2715 0.739405 
0.578887 0.875412 1.05461 1.0298 1.43478 0.951274 0.94508 0.412391 
0.332167 0.941779 0.84546 0.952612 1.28783 0.786458 0.717031 0.276809 
0.251456 0.879379 0.638794 1.13368 0.903186 0.905497 0.412359 0.189601 
0.158696 0.791427 0.642263 1.22767 0.62243 0.938072 0.311458 0.235187 
0.507795 1.05702 0.496172 1.0597 0.483868 0.789481 0.22068 0.100112 
0.420531 0.950481 0.495967 0.801862 0.381525 0.581153 0.135434 0.110243 
0.17183 0.816837 0.520978 0.543235 0.322248 0.363202 0.126558 0.122933 
0.131218 0.775632 0.297589 0.381708 0.293209 0.221518 0.119685 0.116786 
0.0881246 0.724464 0.24733 0.319931 0.334038 0.143413 0.115464 0.11787 
0.108255 0.697764 0.145753 0.139646 0.631817 0.0853107 0.111852 0.114695 
0.0936804 0.516986 0.136995 0.123798 0.58048 0.0993037 0.112845 0.131059 
0.297446 0.293721 0.130741 0.128196 0.288924 0.103788 0.114012 0.14415 
0.219648 0.182171 0.117869 0.121435 0.156057 0.121659 0.0901438 0.381575 
0.569732 0.109159 0.100901 0.105442 0.091623 0.0966622 0.110194 0.608079 
0.732388 0.12801 0.0994238 0.103294 0.12013 0.138356 0.0916913 0.723658 
0.689154 0.291306 0.0752738 0.0991972 0.0962987 0.10959 0.0948755 0.675457 
0.765418 0.585354 0.0755777 0.0995754 0.517096 0.525192 0.0667031 0.599581 
0.786386 0.688797 0.0737268 0.0764653 0.578348 0.500505 0.0957431 0.304695 
0.488393 0.634752 0.104595 0.135217 0.293356 0.424596 0.109781 0.17092 
0.24943 0.511179 0.0991441 0.169453 0.111526 0.644974 0.0939993 0.150285 
0.0940459 0.637533 0.0914462 0.51267 0.0912931 0.599179 0.119177 0.129094 
0.0827445 0.670381 0.0845436 0.562073 0.0988874 0.386406 0.150525 0.110521 
0.0859929 0.581633 0.664238 0.413996 0.276394 0.141265 0.532706 0.0922894 
0.115898 0.363489 0.713977 0.139898 0.533484 0.0814394 0.660219 0.082537 
0.112619 0.13595 0.613839 0.0864879 0.661039 0.126913 0.700886 0.0851964 
0.488516 0.0851908 0.36468 0.0907805 0.709811 0.105634 0.709929 0.0913635 
0.452953 0.0938328 0.151009 0.0917931 0.645944 0.727294 0.687972 0.0795808 
0.156948 0.133909 0.153408 0.105594 0.46866 0.847368 0.508217 0.131532 
0.091268 0.1026 0.0913767 0.0955106 0.252111 0.729439 0.281833 0.157102 
0.0584783 0.100855 0.539278 0.0721427 0.128411 0.73051 0.154273 0.400009 
0.0530521 0.156622 0.256903 0.110104 0.111982 0.707097 0.103712 0.616469 
0.0649086 0.486823 0.0743575 0.11542 0.10712 0.662559 0.0997148 0.662474 
0.0930832 0.577133 0.0865494 0.118324 0.496506 0.537614 0.0885935 0.671631 
0.0844483 0.313134 0.0954901 0.0911479 0.411872 0.339921 0.0953331 0.722097 
0.0947649 0.122977 0.109605 0.112727 0.165835 0.174871 0.106297 0.662713 
0.0894006 0.107121 0.0978068 0.109186 0.133851 0.126535 0.106112 0.474408 
0.0707265 0.0961072 0.104011 0.144917 0.118272 0.123972 0.0819805 0.577291 
0.0859415 0.096163 0.0994023 0.110029 0.447246 0.0820018 0.100391 0.330873 
0.0832543 0.0886258 0.0722524 0.53407 0.641941 0.115801 0.0984188 0.111091 
0.0770206 0.11555 0.0809711 0.670114 0.623461 0.126823 0.0908939 0.0920936 
0.0652967 0.114122 0.0803869 0.710554 0.373268 0.513976 0.0754358 0.0819626 
0.0380598 0.506498 0.0984737 0.656306 0.147831 0.670809 0.0703734 0.0861291 
0.0592253 0.478322 0.0830279 0.620223 0.0883788 0.690092 0.0703832 0.0796526 
0.0646604 0.374067 0.0780888 0.650943 0.0756908 0.677219 0.0739401 0.0878294 
0.0474539 0.605105 0.0672094 0.475284 0.10692 0.465994 0.0806725 0.0877081 
0.0638343 0.541777 0.0972524 0.198993 0.124759 0.188603 0.101295 0.089609 
0.084532 0.21916 0.112529 0.115798 0.101313 0.108953 0.0926525 0.0870345 
0.0786237 0.114465 0.0970214 0.100258 0.0830979 0.098586 0.0907169 0.0910205 
0.0743558 0.0961108 0.0883308 0.0872494 0.0823896 0.0870284 0.0841305 0.0852458 
0.0737424 0.0891342 0.0839903 0.0878723 0.0793101 0.0892488 0.0860094 0.0866031 
0.0729603 0.0849938 0.0810997 0.0801524 0.0796601 0.0816278 0.0801517 0.0804557 
0.0746515 0.0838225 0.0805598 0.083491 0.0788222 0.0852806 0.0830899 0.0830572 
0.0686105 0.0764098 0.0743352 0.0731701 0.0732741 0.0747453 0.0737352 0.073734 
0.0732517 0.0799679 0.0778917 0.0800662 0.0763039 0.0816423 0.0800227 0.0798031 
