0 0 0 0 0 0 0 0 
0 0 0 0 0 0 0 0 
0 0 0 0 0 0 0 0 
0 0 0 0 0 0 0 0 
0 0 0 0 0 0 0 0 
0 0 0 0 0 0 0 0 
0 0 0 0 0 0 0 0 
0 0 0 0 0 0 0 0 
0 0 0 0 0 0 0 0 
0 0 0 0 0 0 0 0 
0 0 0 0 0 0 0 0 
0 0 0 0 0 0 0 0 
0 0 0 0 0 0 0 0 
0 0 0 0 0 0 0 0 
0 0 0 0 0 0 0 0 
0 0 0 0 0 0 0 0 
0 0 0 0 0 0 0 0 
0 0 0 0 0 0 0 0 
0 0 0 0 0 0 0 0 
0 0 0 0 0 0 0 0 
0 0 0 0 0 0 0 0 
0 0 0 0 0 0 0 0 
0 0 0 0 0 0 0 0 
0 0 0 0 0 0 0 0 
0 0 0 0 0 0 0 0 
0 0 0 0 0 0 0 0 
0 0 0 0 0 0 0 0 
0 0 0 0 0 0 0 0 
0 0 0 0 0 0 0 0 
0 0 0 0 0 0 0 0 
0 0 0 0 0 0 0 0 
0 0 0 0 0 0 0 0 
0 0 0 0 0 0 0 0 
0 0 0 0 0 0 0 0 
0 0 0 0 0 0 0 0 
0 0 0 0 0 0 0 0 
0 0 0 0 0 0 0 0 
0 0 0 0 0 0 0 0 
0 0 0 0 0 0 0 0 
0 0 0 0 0 0 0 0 
0 0 0 0 0 0 0 0 
0 0 0 0 0 0 0 0 
0 0 0 0 0 0 0 0 
0 0 0 0 0 0 0 0 
0 0 0 0 0 0 0 0 
0 0 0 0 0 0 0 0 
0 0 0 0 0 0 0 0 
0 0 0 0 0 0 0 0 
0 0 0 0 0 0 0 0 
0 0 0 0 0 0 0 0 
0 0 0 0 0 0 0 0 
0 0 0 0 0 0 0 0 
0 0 0 0 0 0 0 0 
0 0 0 0 0 0 0 0 
0 0 0 0 0 0 0 0 
0 0 0 0 0 0 0 0 
0 0 0 0 0 0 0 0 
0 0 0 0 0 0 0 0 
0 0 0 0 0 0 0 0 
0 0 0 0 0 0 0 0 
0 0 0 0 0 0 0 0 
0 0 0 0 0 0 0 0 
0 0 0 0 0 0 0 0 
0 0 0 0 0 0 0 0 
0 0 0 0 0 0 0 0 
0 0 0 0 0 0 0 0 
0 0 0 0 0 0 0 0 
0 0 0 0 0 0 0 0 
0.940168 0.96888 0.970279 0.971418 0.970783 0.979172 0.96953 0.970344 
0.996412 0.999002 0.998926 0.998792 0.998792 0.99911 0.999107 0.999026 
0.999377 0.999829 0.999726 0.999594 0.999745 0.999906 0.999947 0.999885 
0.999666 0.999787 0.999854 0.999782 0.999801 0.999917 0.999972 0.999853 
0.999431 0.999904 0.999925 0.999881 0.999947 0.999923 0.99995 0.999858 
0.999472 0.99995 0.999784 0.999549 0.99947 0.999747 0.999866 0.999824 
0.999541 0.998388 0.999075 0.997798 0.997614 0.998984 0.999973 0.999726 
0.999749 0.992085 0.995056 0.992676 0.993951 0.997844 0.999384 0.999821 
0.999928 0.992473 0.99642 0.996188 0.997604 0.999093 0.999712 0.999916 
0.999975 0.9981 0.999734 0.999382 0.999854 0.999747 0.99998 0.999875 
0.999985 0.999625 0.999877 0.999854 0.999867 0.999911 0.999856 0.999724 
0.999665 0.99989 0.999953 0.999939 0.999915 0.999935 0.999935 0.999598 
0.998938 0.999825 0.99993 0.999932 0.999908 0.99989 0.999993 0.999191 
0.998007 0.999741 0.999914 0.99996 0.999952 0.999906 0.999832 0.999437 
0.998212 0.999825 0.999963 0.999978 0.999959 0.999869 0.999723 0.999504 
0.99937 0.999895 0.999944 0.999959 0.999925 0.999763 0.999568 0.999766 
0.999936 0.999933 0.999955 0.999941 0.999944 0.99986 0.999782 0.999903 
0.999974 0.999978 0.999962 0.999965 0.999988 0.999944 0.9999 0.999949 
0.999986 0.999991 0.999996 0.999972 0.999973 0.999961 0.999919 0.999917 
0.999995 0.999986 0.999982 0.999968 0.999964 0.999966 0.99992 0.999806 
0.999933 0.999997 0.999937 0.999922 0.99992 0.999926 0.999966 0.999463 
0.999572 0.999877 0.999742 0.999837 0.999903 0.999871 0.999722 0.999913 
0.999359 0.997022 0.99907 0.999861 0.999939 0.999928 0.999822 0.999603 
0.999732 0.988386 0.999913 0.999257 0.999827 0.999942 0.999894 0.999766 
0.999767 0.976803 0.991086 0.997419 0.999368 0.999907 0.999741 0.999623 
0.999809 0.993333 0.991289 0.994228 0.998338 0.999435 0.999142 0.998718 
0.999192 0.997429 0.996991 0.997483 0.999888 0.999457 0.998681 0.99679 
0.999707 0.968698 0.994604 0.968045 0.996042 0.998518 0.99622 0.99204 
0.950761 0 0.945259 0 0.946015 0.991564 0.968684 0.969921 
0 0 0.945087 0 0 0.890228 0 0.944708 
0 0 0.970787 0.945897 0 0 0 0.94428 
0 0 0.972098 0.971468 0 0 0 0.951216 
0 0 0.971275 0.971312 0 0 0 0.972355 
0.972892 0 0.944361 0.944593 0 0 0 0.972888 
0.998554 0 0 0 0 0 0 0.972242 
0.999184 0 0 0 0 0 0 0.947174 
0.998018 0 0 0 0 0 0 0 
0.973437 0.947388 0 0 0 0 0 0 
0.946392 0.995974 0.918948 0 0 0 0 0 
0 0.973575 0 0 0 0 0 0 
0 0.972969 0 0 0 0 0 0 
0 0.972927 0 0 0 0 0 0 
0 0.972045 0 0 0 0 0 0 
0 0.945486 0 0 0 0.91726 0 0.917425 
0 0 0 0 0 0.917093 0 0.945093 
0 0 0 0 0.918272 0 0.946602 0.996539 
0.972907 0 0 0 0.970751 0.972137 0.972165 0.998464 
0.999141 0 0 0 0.971417 0.972088 0 0.973442 
0.99912 0 0 0 0.945668 0.969932 0 0.972383 
0.999179 0 0 0 0 0.918745 0 0.946617 
0.997935 0 0 0 0 0 0 0 
0.972885 0 0 0 0 0 0 0 
0.9465 0 0 0 0 0 0 0 
0 0 0 0.917331 0 0 0 0.917323 
0 0.945467 0 0.943617 0 0 0 0.945082 
0 0.971173 0 0.944242 0 0 0.945839 0.996499 
0.972905 0.973306 0 0.944687 0 0 0.945778 0.997824 
0.999185 0.998601 0.973425 0.971092 0 0 0 0.97421 
0.999768 0.999914 0.998587 0.972742 0 0 0.954314 0.998043 
0.999919 0.999965 0.999257 0.972913 0 0.946443 0.997287 0.999841 
0.999996 0.99996 0.999575 0.973574 0 0.972832 0.999202 0.999913 
0.999841 0.999857 0.999952 0.998702 0.97908 0.998709 0.999919 0.999922 
0.999737 0.999362 0.999774 0.999803 0.999341 0.999893 0.999959 0.999866 
0.999487 0.997355 0.999239 0.999773 0.999938 0.999955 0.999967 0.999832 
0.999391 0.99324 0.998303 0.999625 0.999903 0.999907 0.999897 0.999639 
0.999136 0.999823 0.999077 0.99976 0.999919 0.999868 0.99991 0.999318 
0.999155 0.998768 0.999582 0.999762 0.999958 0.999709 0.999572 0.999604 
0.99977 0.99969 0.999845 0.999745 0.999624 0.99966 0.999797 0.999879 
0.999982 0.999918 0.99989 0.999733 0.999663 0.999831 0.999932 0.999947 
0.999912 0.999979 0.999957 0.999883 0.999802 0.999911 0.99996 0.99993 
0.999804 0.999983 0.999982 0.999957 0.999918 0.999957 0.999976 0.999953 
0.999887 0.999982 0.999981 0.999962 0.999906 0.999926 0.999958 0.999949 
0.999932 0.999988 0.999981 0.999985 0.999839 0.999871 0.999925 0.999909 
0.999802 0.999979 0.99997 0.999934 0.999937 0.999928 0.999917 0.999805 
0.999436 0.99996 0.999971 0.999939 0.999986 0.99995 0.999957 0.999879 
0.999595 0.999847 0.999904 0.999821 0.999861 0.999952 0.999978 0.999941 
0.999801 0.99927 0.999474 0.999267 0.999525 0.999881 0.999989 0.99993 
0.999781 0.999967 0.998543 0.999889 0.998754 0.999617 0.9999 0.999938 
0.999859 0.999607 0.998984 0.998427 0.999107 0.999642 0.999892 0.999963 
0.999951 0.99989 0.99967 0.999548 0.999698 0.999692 0.999793 0.999933 
0.999961 0.999906 0.99975 0.999793 0.999855 0.999679 0.999395 0.999656 
0.999956 0.999669 0.999275 0.999597 0.999645 0.998987 0.998141 0.999214 
0.99917 0.998977 0.997701 0.999303 0.998814 0.996453 0.994158 0.999932 
0.998581 0.999655 0.97176 0.997395 0.997655 0.993461 0.998121 0.999358 
0.999906 0.943806 0 0.973477 0.996618 0.970941 0.997669 0.999068 
0.99991 0 0.914631 0.994572 0.970554 0 0.972006 0.973537 
0.998642 0 0 0.974852 0.969894 0 0.945151 0 
0.972955 0 0 0.946096 0.943686 0 0.944617 0 
0.946594 0.946724 0 0 0 0 0.945166 0 
0 0.972281 0 0 0 0.945901 0.970873 0 
0 0.9729 0 0 0 0.972231 0.978242 0 
0 0.980916 0 0 0.945803 0.99715 0.972909 0 
0 0.944518 0 0 0.945643 0.997004 0.972113 0 
0 0 0 0.926157 0 0.970407 0.950504 0.295685 
0 0 0 0.943558 0 0.916618 0 0 
0 0 0 0.94427 0 0 0.916579 0 
0 0 0 0.939339 0 0 0.916549 0 
0 0 0 0.89926 0 0 0 0 
0 0 0.916315 0 0 0 0.916657 0 
0.919068 0 0.970404 0.945855 0 0 0.91653 0 
0 0.972944 0.997914 0.975093 0 0 0 0.917367 
0 0.999245 0.999214 0.973032 0 0 0 0.942654 
0 0.999784 0.999231 0.973559 0 0.918165 0 0.916414 
0 0.99919 0.99958 0.998379 0.972764 0.970738 0 0 
0 0.999003 0.998692 0.998075 0.972624 0.971393 0 0 
0 0.998374 0.974543 0.97305 0 0.94569 0 0.888686 
0 0.981575 0 0.946582 0 0.944245 0.944342 0 
0 0.998744 0.974159 0.995273 0.918866 0 0.944339 0 
0 0.999875 0.997988 0.973398 0 0.944197 0.944152 0 
0 0.998704 0.973496 0.970494 0 0.944377 0 0 
0 0.974621 0 0.916278 0 0.944732 0 0 
0 0.996717 0.918883 0 0 0.918477 0 0 
0 0.974924 0 0 0 0 0.91808 0 
0 0.998019 0.946604 0 0 0.918085 0.968617 0 
0 0.999174 0.972186 0 0.917383 0 0.945323 0 
0 0.998485 0.972848 0 0.943702 0 0.943982 0 
0 0.972454 0.97172 0 0.95144 0 0.943928 0 
0 0 0.944991 0 0.942834 0 0.944264 0 
0 0 0.943999 0 0.913936 0 0.944357 0 
0 0 0.945003 0 0 0 0.944408 0 
0 0.97278 0.972141 0 0 0 0.945058 0 
0 0.999255 0.998226 0.946574 0 0.945756 0.971156 0 
0 0.999903 0.999383 0.97287 0 0.972703 0.996896 0.946988 
0 0.999066 0.999678 0.998665 0.974215 0.998643 0.999721 0.997921 
0.972907 0.972076 0.998296 0.999793 0.999306 0.999931 0.999955 0.999895 
0.99926 0 0.973534 0.999276 0.999946 0.999983 0.999978 0.999962 
0.999937 0 0.973616 0.999298 0.999979 0.999992 0.999976 0.99999 
0.999891 0.972882 0.998789 0.99993 0.999974 0.999942 0.999898 0.999774 
0.999657 0.999253 0.999917 0.999955 0.999953 0.999846 0.999538 0.99827 
0.997591 0.999905 0.999895 0.999915 0.999913 0.999655 0.997542 0.96983 
0.967326 0.999799 0.999839 0.999925 0.999941 0.999145 0.973523 0 
0 0.999888 0.999872 0.999979 0.999866 0.999704 0.99629 0.946258 
0.971362 0.999927 0.999943 0.999782 0.999441 0.997533 0.946532 0 
0.946321 0.999807 0.999298 0.998926 0.996959 0.970891 0 0 
0 0.999973 0.998266 0.996073 0.990696 0.958321 0 0 
0 0.999976 0.998113 0.995046 0.990899 0.914054 0 0 
0 0.998589 0.97299 0.970797 0.970867 0 0 0 
0 0.973728 0 0 0.945005 0 0 0 
0 0.971391 0 0 0.943931 0 0 0 
0.945991 0.943889 0 0 0.914866 0 0 0 
0.97261 0 0 0 0 0 0 0.947757 
0.997947 0 0 0 0 0 0 0.972307 
0.999551 0 0 0 0 0 0 0.972957 
0.999308 0.946599 0 0 0 0 0 0.972944 
0.999991 0.977983 0 0 0.945219 0.945942 0 0.980936 
0.99912 0.972988 0 0 0.971087 0.971317 0 0.945517 
0.996498 0.972736 0 0 0.944725 0.970757 0 0 
0.943775 0.97243 0 0 0 0.946531 0 0 
0 0.972803 0 0.917372 0 0.943201 0 0 
0 0.973597 0 0.944317 0 0.914774 0 0 
0 0.99797 0.97285 0.974842 0.944691 0 0.92241 0 
0 0.972419 0.971304 0 0.944842 0 0.943874 0 
0 0 0.943498 0 0.944435 0 0.944423 0 
0.945927 0 0.912765 0 0.94515 0 0.945168 0 
0.945845 0 0 0 0.971504 0.972798 0.97146 0 
0 0 0 0 0.978783 0.99771 0.971923 0 
0 0 0 0 0.945466 0.995474 0.945716 0 
0 0 0.916308 0 0 0.94575 0 0.91719 
0 0 0.915126 0 0 0.944517 0 0.943609 
0 0.946683 0 0 0 0.945964 0 0.944393 
0 0.971415 0 0 0.945195 0.969973 0 0.94442 
0 0.945919 0 0 0.944092 0.944618 0 0.944443 
0 0 0 0 0 0 0 0.944512 
0 0 0 0 0 0 0 0.94431 
0 0 0 0 0 0 0 0.950085 
0 0 0 0 0.918003 0 0 0.916434 
0 0 0 0.945873 0.970139 0 0 0 
0 0 0 0.971569 0.974786 0 0 0 
0 0 0 0.971443 0.971522 0.945155 0 0 
0 0.946697 0 0.945139 0 0.944427 0 0 
0 0.972167 0 0.944344 0 0.944386 0 0 
0 0.972808 0 0.943716 0 0.943568 0 0 
0 0.972237 0 0.916855 0 0.916954 0 0 
0 0.946629 0 0 0 0 0 0 
0 0 0 0 0 0 0 0 
0 0 0 0 0 0 0 0 
0 0 0 0 0 0 0 0 
0 0 0 0 0 0 0 0 
0 0 0 0 0 0 0 0 
0 0 0 0 0 0 0 0 
0 0 0 0 0 0 0 0 
0 0 0 0 0 0 0 0 
