0 0 0 0 0 0 0 0 
0 0 0 0 0 0 0 0 
0 0 0 0 0 0 0 0 
0 0 0 0 0 0 0 0 
0 0 0 0 0 0 0 0 
0 0 0 0 0 0 0 0 
0 0 0 0 0 0 0 0 
0 0 0 0 0 0 0 0 
0 0 0 0 0 0 0 0 
0 0 0 0 0 0 0 0 
0 0 0 0 0 0 0 0 
0 0 0 0 0 0 0 0 
0 0 0 0 0 0 0 0 
0 0 0 0 0 0 0 0 
0 0 0 0 0 0 0 0 
0 0 0 0 0 0 0 0 
0 0 0 0 0 0 0 0 
0 0 0 0 0 0 0 0 
0 0 0 0 0 0 0 0 
0 0 0 0 0 0 0 0 
0 0 0 0 0 0 0 0 
0 0 0 0 0 0 0 0 
0 0 0 0 0 0 0 0 
0 0 0 0 0 0 0 0 
0 0 0 0 0 0 0 0 
0 0 0 0 0 0 0 0 
0 0 0 0 0 0 0 0 
0 0 0 0 0 0 0 0 
0 0 0 0 0 0 0 0 
0 0 0 0 0 0 0 0 
0 0 0 0 0 0 0 0 
0 0 0 0 0 0 0 0 
0 0 0 0 0 0 0 0 
0 0 0 0 0 0 0 0 
0 0 0 0 0 0 0 0 
0 0 0 0 0 0 0 0 
0 0 0 0 0 0 0 0 
0 0 0 0 0 0 0 0 
0 0 0 0 0 0 0 0 
0 0 0 0 0 0 0 0 
0 0 0 0 0 0 0 0 
0 0 0 0 0 0 0 0 
0 0 0 0 0 0 0 0 
0 0 0 0 0 0 0 0 
0 0 0 0 0 0 0 0 
0 0 0 0 0 0 0 0 
0 0 0 0 0 0 0 0 
0 0 0 0 0 0 0 0 
0 0 0 0 0 0 0 0 
0 0 0 0 0 0 0 0 
0 0 0 0 0 0 0 0 
0 0 0 0 0 0 0 0 
0 0 0 0 0 0 0 0 
0 0 0 0 0 0 0 0 
0 0 0 0 0 0 0 0 
0 0 0 0 0 0 0 0 
0 0 0 0 0 0 0 0 
0 0 0 0 0 0 0 0 
0 0 0 0 0 0 0 0 
0 0 0 0 0 0 0 0 
0 0 0 0 0 0 0 0 
0 0 0 0 0 0 0 0 
0 0 0 0 0 0 0 0 
0 0 0 0 0 0 0 0 
0 0 0 0 0 0 0 0 
0 0 0 0 0 0 0 0 
0 0 0 0 0 0 0 0 
0 0 0 0 0 0 0 0 
0.939471 0.963809 0.966188 0.969363 0.967638 0.969645 0.969467 0.968357 
0.994023 0.998805 0.998528 0.998054 0.998083 0.99879 0.998929 0.998749 
0.998523 0.999597 0.99932 0.998953 0.999385 0.999806 0.999908 0.999757 
0.999172 0.999436 0.999637 0.999435 0.999471 0.999789 0.999942 0.999638 
0.998508 0.999755 0.999824 0.999713 0.999912 0.99981 0.999883 0.999656 
0.998633 0.999989 0.999479 0.998919 0.998701 0.999396 0.999665 0.999568 
0.998803 0.996172 0.997979 0.994487 0.993869 0.99744 0.998833 0.99927 
0.999353 0.979301 0.987307 0.980396 0.983793 0.994442 0.998434 0.99956 
0.999825 0.980383 0.990943 0.990102 0.99392 0.99776 0.999286 0.999801 
0.999939 0.995384 0.999674 0.99853 0.999823 0.999351 0.999437 0.999667 
0.99999 0.999114 0.999699 0.999645 0.999647 0.999786 0.999617 0.999279 
0.999162 0.999737 0.999891 0.999848 0.999781 0.999839 0.999869 0.999004 
0.99727 0.999549 0.999826 0.999823 0.999759 0.999714 0.9994 0.9979 
0.994778 0.999319 0.999781 0.999901 0.99988 0.999761 0.999597 0.998618 
0.995318 0.999547 0.999918 0.999949 0.999901 0.999669 0.999291 0.998696 
0.998412 0.999729 0.999856 0.999896 0.999811 0.999374 0.998826 0.999405 
0.99988 0.999825 0.999886 0.999844 0.999859 0.999639 0.999429 0.99976 
0.999937 0.999945 0.999898 0.99991 0.999977 0.99986 0.999741 0.999874 
0.999967 0.999979 0.999996 0.999926 0.999932 0.999901 0.999788 0.999784 
0.999996 0.999963 0.999956 0.999919 0.999909 0.999918 0.999793 0.999498 
0.999853 0.999908 0.999846 0.999799 0.99979 0.999807 0.999975 0.998507 
0.998882 0.999874 0.999345 0.999572 0.999751 0.999667 0.999229 0.999888 
0.9983 0.992721 0.997757 0.999732 0.999856 0.999824 0.999551 0.998913 
0.999331 0.970685 0.99208 0.998259 0.999606 0.999863 0.999747 0.999407 
0.999394 0.940209 0.977369 0.993756 0.998499 0.999838 0.999355 0.999057 
0.999551 0.983764 0.977004 0.98463 0.995781 0.998601 0.997777 0.996695 
0.998076 0.994986 0.992648 0.995117 0.996537 0.998715 0.996795 0.991793 
0.988271 0.96209 0.990583 0.957835 0.993022 0.996757 0.991489 0.982118 
0.917574 0 0.944394 0 0.944306 0.985955 0.960989 0.966768 
0 0 0.944942 0 0 0.851337 0 0.944085 
0 0 0.970761 0.945872 0 0 0 0.943762 
0 0 0.97204 0.971425 0 0 0 0.945762 
0 0 0.970989 0.971103 0 0 0 0.973518 
0.972806 0 0.943073 0.943687 0 0 0 0.97283 
0.998431 0 0 0 0 0 0 0.97216 
0.99912 0 0 0 0 0 0 0.947952 
0.998044 0 0 0 0 0 0 0 
0.974298 0.947368 0 0 0 0 0 0 
0.945762 0.99596 0.918905 0 0 0 0 0 
0 0.973549 0 0 0 0 0 0 
0 0.972914 0 0 0 0 0 0 
0 0.972872 0 0 0 0 0 0 
0 0.9717 0 0 0 0 0 0 
0 0.943493 0 0 0 0.918121 0 0.917337 
0 0 0 0 0 0.917698 0 0.945036 
0 0 0 0 0.918321 0 0.946533 0.996496 
0.97282 0 0 0 0.970719 0.972079 0.972056 0.998352 
0.998936 0 0 0 0.971325 0.972018 0 0.973142 
0.998805 0 0 0 0.945322 0.969634 0 0.972563 
0.999076 0 0 0 0 0.919525 0 0.946497 
0.997887 0 0 0 0 0 0 0 
0.972786 0 0 0 0 0 0 0 
0.946083 0 0 0 0 0 0 0 
0 0 0 0.917168 0 0 0 0.917087 
0 0.943505 0 0.943534 0 0 0 0.945017 
0 0.969317 0 0.943978 0 0 0.945723 0.996449 
0.972813 0.972804 0 0.943937 0 0 0.945501 0.997715 
0.999054 0.998495 0.973183 0.970346 0 0 0 0.974082 
0.99924 0.999889 0.998512 0.972486 0 0 0.946952 0.997896 
0.999884 0.999942 0.999219 0.97281 0 0.946062 0.997068 0.999779 
0.999878 0.99991 0.999878 0.973441 0 0.972648 0.999124 0.999815 
0.999587 0.999657 0.999965 0.998482 0.974022 0.998533 0.999878 0.999814 
0.99933 0.998453 0.999464 0.999564 0.999084 0.999797 0.999906 0.999671 
0.998661 0.993336 0.998153 0.999443 0.999882 0.999889 0.999929 0.999597 
0.998437 0.981995 0.99577 0.99908 0.999765 0.999759 0.999744 0.999094 
0.997746 0.990067 0.997581 0.999428 0.999803 0.99966 0.999841 0.998162 
0.997774 0.996732 0.998984 0.999381 0.99995 0.999232 0.998838 0.998966 
0.999432 0.999249 0.99963 0.999343 0.99899 0.999098 0.999485 0.9997 
0.999979 0.999798 0.999721 0.99929 0.999106 0.999575 0.999836 0.999872 
0.999775 0.999951 0.999894 0.999702 0.999475 0.999777 0.999902 0.999822 
0.99948 0.999957 0.999956 0.999895 0.999793 0.999894 0.999942 0.999884 
0.999709 0.999954 0.999951 0.999902 0.999755 0.99981 0.999896 0.999872 
0.999836 0.99997 0.99995 0.999979 0.999559 0.999658 0.999808 0.999775 
0.999504 0.999946 0.999924 0.999822 0.99984 0.999817 0.999788 0.999501 
0.998505 0.999903 0.999931 0.999846 0.999982 0.999868 0.999895 0.999701 
0.99895 0.999637 0.999785 0.999559 0.99965 0.999886 0.999948 0.999859 
0.999501 0.998061 0.998712 0.998007 0.9988 0.999723 0.999989 0.999822 
0.999427 0.99696 0.996 0.993394 0.996578 0.999033 0.999753 0.999847 
0.999635 0.998993 0.997359 0.995685 0.997691 0.999093 0.999738 0.999915 
0.999878 0.99974 0.999182 0.998876 0.999261 0.999198 0.999483 0.999851 
0.9999 0.999779 0.999376 0.999492 0.999666 0.999224 0.998454 0.999115 
0.999961 0.99918 0.998137 0.998979 0.999171 0.997523 0.995268 0.998113 
0.997842 0.997366 0.994966 0.998413 0.997085 0.990901 0.984014 0.991983 
0.996207 0.99556 0.967611 0.995388 0.994169 0.983358 0.995683 0.99849 
0.999884 0.938043 0 0.972481 0.99463 0.965727 0.996249 0.998746 
0.999861 0 0.908419 0.992377 0.965785 0 0.971681 0.973419 
0.998614 0 0 0.979776 0.967185 0 0.94507 0 
0.972938 0 0 0.947399 0.941329 0 0.944848 0 
0.946322 0.946691 0 0 0 0 0.945155 0 
0 0.97226 0 0 0 0.945849 0.970769 0 
0 0.972782 0 0 0 0.972109 0.972134 0 
0 0.971183 0 0 0.945611 0.997086 0.97277 0 
0 0.940946 0 0 0.945193 0.996802 0.971825 0 
0 0 0 0.916577 0 0.96977 0.947996 0.136816 
0 0 0 0.943324 0 0.914281 0 0 
0 0 0 0.944369 0 0 0.916481 0 
0 0 0 0.933721 0 0 0.916407 0 
0 0 0 0.874202 0 0 0 0 
0 0 0.913537 0 0 0 0.916675 0 
0.919028 0 0.969902 0.94555 0 0 0.916355 0 
0 0.97291 0.997801 0.980105 0 0 0 0.917304 
0 0.999187 0.999181 0.972948 0 0 0 0.942289 
0 0.999512 0.999113 0.973435 0 0.918059 0 0.914964 
0 0.997875 0.999049 0.997997 0.972585 0.970665 0 0 
0 0.997427 0.997614 0.997167 0.972186 0.971223 0 0 
0 0.997611 0.976155 0.974369 0 0.946518 0 0.888443 
0 0.974109 0 0.946477 0 0.943884 0.944217 0 
0 0.998651 0.974099 0.995221 0.918732 0 0.944195 0 
0 0.999857 0.997932 0.973309 0 0.943844 0.943729 0 
0 0.998707 0.973419 0.970004 0 0.944261 0 0 
0 0.975206 0 0.913441 0 0.946337 0 0 
0 0.996725 0.918711 0 0 0.919918 0 0 
0 0.976068 0 0 0 0 0.917939 0 
0 0.998016 0.946474 0 0 0.917951 0.968566 0 
0 0.999099 0.972048 0 0.917296 0 0.945704 0 
0 0.998267 0.972771 0 0.943583 0 0.943254 0 
0 0.971676 0.972081 0 0.943998 0 0.94317 0 
0 0 0.9447 0 0.941571 0 0.944034 0 
0 0 0.94327 0 0.908918 0 0.944249 0 
0 0 0.944717 0 0 0 0.944349 0 
0 0.972485 0.972041 0 0 0 0.944881 0 
0 0.999224 0.998781 0.946348 0 0.945444 0.970659 0 
0 0.999829 0.999604 0.972727 0 0.972438 0.99625 0.946392 
0 0.998751 0.9993 0.998685 0.97404 0.998618 0.99952 0.99782 
0.972811 0.970674 0.997715 0.999625 0.999235 0.999903 0.999899 0.99984 
0.999221 0 0.973344 0.999213 0.999917 0.99996 0.999947 0.999902 
0.999869 0 0.973537 0.99926 0.999978 0.999985 0.999941 1 
0.999729 0.972749 0.999043 0.99989 0.999936 0.999854 0.99976 0.999488 
0.99922 0.999204 0.99986 0.99989 0.999888 0.999618 0.998939 0.996741 
0.995089 0.99979 0.999728 0.999779 0.999785 0.999213 0.995771 0.963813 
0.958582 0.999466 0.999575 0.999808 0.999897 0.998846 0.972352 0 
0 0.999712 0.999655 0.999977 0.999675 0.999513 0.99569 0.945698 
0.97116 0.999822 0.999915 0.999489 0.998742 0.996922 0.945258 0 
0.945687 0.999514 0.998199 0.997458 0.993472 0.967354 0 0 
0 0.998955 0.995485 0.989959 0.976929 0.937944 0 0 
0 0.999423 0.99634 0.988245 0.981269 0.867342 0 0 
0 0.998467 0.972096 0.967489 0.969201 0 0 0 
0 0.973943 0 0 0.944789 0 0 0 
0 0.969991 0 0 0.944475 0 0 0 
0.94478 0.939413 0 0 0.911108 0 0 0 
0.97207 0 0 0 0 0 0 0.949472 
0.997836 0 0 0 0 0 0 0.972269 
0.999197 0 0 0 0 0 0 0.97297 
0.999329 0.946149 0 0 0 0 0 0.972864 
0.999233 0.97217 0 0 0.945198 0.947129 0 0.971987 
0.998914 0.972814 0 0 0.971692 0.971051 0 0.943663 
0.995314 0.972343 0 0 0.942842 0.970696 0 0 
0.938012 0.971496 0 0 0 0.948782 0 0 
0 0.972498 0 0.917244 0 0.942489 0 0 
0 0.97353 0 0.943935 0 0.910935 0 0 
0 0.997992 0.972646 0.970042 0.943677 0 0.929742 0 
0 0.971604 0.971032 0 0.945498 0 0.943846 0 
0 0 0.942335 0 0.944379 0 0.9444 0 
0.945792 0 0.906042 0 0.9451 0 0.945147 0 
0.945576 0 0 0 0.971327 0.972724 0.971378 0 
0 0 0 0 0.971308 0.997387 0.971527 0 
0 0 0 0 0.94349 0.994841 0.944304 0 
0 0 0.915909 0 0 0.945597 0 0.916824 
0 0 0.912936 0 0 0.944507 0 0.943512 
0 0.946627 0 0 0 0.947277 0 0.944369 
0 0.971145 0 0 0.945307 0.969775 0 0.944401 
0 0.944641 0 0 0.943521 0.943811 0 0.944456 
0 0 0 0 0 0 0 0.944649 
0 0 0 0 0 0 0 0.943969 
0 0 0 0 0 0 0 0.943022 
0 0 0 0 0.917684 0 0 0.914796 
0 0 0 0.945833 0.970038 0 0 0 
0 0 0 0.971498 0.979421 0 0 0 
0 0 0 0.971405 0.971403 0.94511 0 0 
0 0.946628 0 0.945076 0 0.944391 0 0 
0 0.971957 0 0.944202 0 0.944354 0 0 
0 0.972574 0 0.943815 0 0.943422 0 0 
0 0.972153 0 0.915992 0 0.916245 0 0 
0 0.946448 0 0 0 0 0 0 
0 0 0 0 0 0 0 0 
0 0 0 0 0 0 0 0 
0 0 0 0 0 0 0 0 
0 0 0 0 0 0 0 0 
0 0 0 0 0 0 0 0 
0 0 0 0 0 0 0 0 
0 0 0 0 0 0 0 0 
0 0 0 0 0 0 0 0 
