0 0 0 0 0 0 0 0 
0 0 0 0 0 0 0 0 
0 0 0 0 0 0 0 0 
0 0 0 0 0 0 0 0 
0 0 0 0 0 0 0 0 
0 0 0 0 0 0 0 0 
0 0 0 0 0 0 0 0 
0 0 0 0 0 0 0 0 
0 0 0 0 0 0 0 0 
0 0 0 0 0 0 0 0 
0 0 0 0 0 0 0 0 
0 0 0 0 0 0 0 0 
0 0 0 0 0 0 0 0 
0 0 0 0 0 0 0 0 
0 0 0 0 0 0 0 0 
0 0 0 0 0 0 0 0 
0 0 0 0 0 0 0 0 
0 0 0 0 0 0 0 0 
0 0 0 0 0 0 0 0 
0 0 0 0 0 0 0 0 
0 0 0 0 0 0 0 0 
0 0 0 0 0 0 0 0 
0 0 0 0 0 0 0 0 
0 0 0 0 0 0 0 0 
0 0 0 0 0 0 0 0 
0 0 0 0 0 0 0 0 
0 0 0 0 0 0 0 0 
0 0 0 0 0 0 0 0 
0 0 0 0 0 0 0 0 
0 0 0 0 0 0 0 0 
0 0 0 0 0 0 0 0 
0 0 0 0 0 0 0 0 
0 0 0 0 0 0 0 0 
0 0 0 0 0 0 0 0 
0 0 0 0 0 0 0 0 
0 0 0 0 0 0 0 0 
0 0 0 0 0 0 0 0 
0 0 0 0 0 0 0 0 
0 0 0 0 0 0 0 0 
0 0 0 0 0 0 0 0 
0 0 0 0 0 0 0 0 
0 0 0 0 0 0 0 0 
0 0 0 0 0 0 0 0 
0 0 0 0 0 0 0 0 
0 0 0 0 0 0 0 0 
0 0 0 0 0 0 0 0 
0 0 0 0 0 0 0 0 
0 0 0 0 0 0 0 0 
0 0 0 0 0 0 0 0 
0 0 0 0 0 0 0 0 
0 0 0 0 0 0 0 0 
0 0 0 0 0 0 0 0 
0 0 0 0 0 0 0 0 
0 0 0 0 0 0 0 0 
0 0 0 0 0 0 0 0 
0 0 0 0 0 0 0 0 
0 0 0 0 0 0 0 0 
0 0 0 0 0 0 0 0 
0 0 0 0 0 0 0 0 
0 0 0 0 0 0 0 0 
0 0 0 0 0 0 0 0 
0 0 0 0 0 0 0 0 
0 0 0 0 0 0 0 0 
0 0 0 0 0 0 0 0 
0 0 0 0 0 0 0 0 
0 0 0 0 0 0 0 0 
0 0 0 0 0 0 0 0 
0 0 0 0 0 0 0 0 
0.913075 0.953962 0.954287 0.954261 0.952813 0.953651 0.956589 0.957457 
0.996739 0.998791 0.998788 0.998796 0.998762 0.998783 0.99885 0.998899 
0.999891 0.999968 0.999968 0.999968 0.999968 0.999973 0.99997 0.999972 
0.999997 0.999999 0.999999 0.999999 0.999999 0.999999 0.999999 0.999999 
1 1 1 1 1 1 1 1 
1 1 1 1 1 1 1 1 
1 1 1 1 1 1 1 1 
1 1 1 1 1 1 1 1 
1 1 1 1 1 1 1 1 
1 1 1 1 1 1 1 1 
1 1 1 1 1 1 1 1 
1 1 1 1 1 1 1 1 
1 1 1 1 1 1 1 1 
1 1 1 1 1 1 1 1 
1 1 1 1 1 1 1 1 
1 1 1 1 1 1 1 1 
1 1 1 1 1 1 1 1 
1 1 1 1 1 1 1 1 
1 1 1 1 1 1 1 1 
1 1 1 1 1 1 1 1 
1 1 1 1 1 1 1 1 
1 1 1 1 1 1 1 1 
1 1 1 1 1 1 1 1 
1 1 1 1 1 1 1 1 
1 1 1 1 1 1 1 1 
1 0.999981 0.999997 0.999984 0.999998 1 0.999999 0.999998 
0.999981 0.999287 0.999902 0.999352 0.999934 0.999994 0.999981 0.999948 
0.999287 0.972968 0.999888 0.974269 0.998031 0.999838 0.999359 0.998623 
0.972968 0 0.945924 0 0.94735 0.999819 0.98093 0.972295 
0 0 0.945206 0 0 0.918983 0 0.945206 
0 0 0.970809 0.945915 0 0 0 0.944475 
0 0 0.972141 0.971502 0 0 0 0.945186 
0 0 0.971483 0.971466 0 0 0 0.971541 
0.97295 0 0.945205 0.945205 0 0 0 0.972895 
0.998626 0 0 0 0 0 0 0.972273 
0.999221 0 0 0 0 0 0 0.946689 
0.997969 0 0 0 0 0 0 0 
0.972963 0.949255 0 0 0 0 0 0 
0.946765 0.996063 0.91898 0 0 0 0 0 
0 0.973594 0 0 0 0 0 0 
0 0.973003 0 0 0 0 0 0 
0 0.97297 0 0 0 0 0 0 
0 0.972297 0 0 0 0 0 0 
0 0.946745 0 0 0 0.916662 0 0.91749 
0 0 0 0 0 0.916732 0 0.945135 
0 0 0 0 0.91824 0 0.946649 0.996571 
0.972967 0 0 0 0.970773 0.972177 0.972235 0.99854 
0.99927 0 0 0 0.971483 0.972141 0 0.973622 
0.999303 0 0 0 0.945896 0.970101 0 0.972293 
0.999242 0 0 0 0 0.918221 0 0.946693 
0.998 0 0 0 0 0 0 0 
0.972958 0 0 0 0 0 0 0 
0.946764 0 0 0 0 0 0 0 
0 0 0 0.917445 0 0 0 0.917488 
0 0.946844 0 0.943682 0 0 0 0.945155 
0 0.975545 0 0.944433 0 0 0.945944 0.996925 
0.972977 0.97374 0 0.945186 0 0 0.945977 0.998383 
0.999268 0.998679 0.973589 0.971559 0 0 0 0.9743 
0.999337 0.999932 0.998641 0.972914 0 0 0.947404 0.998036 
0.999934 0.99998 0.999274 0.972984 0 0.94669 0.997326 0.999884 
0.999995 0.999984 0.99934 0.973647 0 0.972953 0.999255 0.999978 
1 0.999999 0.999952 0.998696 0.974321 0.998689 0.999952 0.999998 
1 1 0.999998 0.999951 0.999355 0.999952 0.999998 1 
1 1 1 0.999998 0.999984 0.999998 1 1 
1 1 1 1 1 1 1 1 
1 1 1 1 1 1 1 1 
1 1 1 1 1 1 1 1 
1 1 1 1 1 1 1 1 
1 1 1 1 1 1 1 1 
1 1 1 1 1 1 1 1 
1 1 1 1 1 1 1 1 
1 1 1 1 1 1 1 1 
1 1 1 1 1 1 1 1 
1 1 1 1 1 1 1 1 
1 1 1 1 1 1 1 1 
1 1 1 1 1 1 1 1 
1 1 1 1 1 1 1 1 
1 1 1 1 1 1 1 1 
1 1 1 1 1 1 1 1 
1 1 1 1 1 1 1 1 
1 1 1 1 1 1 1 1 
1 0.999998 0.999984 0.999999 1 1 1 1 
1 0.999948 0.999365 0.999954 0.999996 0.999985 0.999998 1 
1 0.998233 0.974403 0.998757 0.99992 0.999353 0.99995 0.999986 
0.999999 0.947471 0 0.974793 0.999287 0.974317 0.99865 0.99941 
0.999956 0 0.919004 0.99633 0.973541 0 0.972296 0.974435 
0.998714 0.919174 0 0.972137 0.971539 0 0.945235 0 
0.972978 0 0 0.945224 0.945208 0 0.944479 0 
0.946767 0.946841 0 0 0 0 0.945169 0 
0 0.975044 0 0 0 0.945959 0.970982 0 
0 0.973044 0 0 0 0.97249 0.980181 0 
0 0.972298 0 0 0.945939 0.997216 0.97306 0 
0 0.946745 0 0 0.945938 0.997179 0.972855 0 
0 0 0 0.917445 0 0.971417 0.970789 0.91824 
0 0 0 0.943681 0 0.918259 0 0 
0 0 0 0.944391 0 0 0.922795 0 
0 0 0 0.943681 0 0 0.916739 0 
0 0 0 0.917445 0 0 0 0 
0 0 0.918312 0 0 0 0.91665 0 
0.919111 0 0.971888 0.946002 0 0 0.91665 0 
0 0.972968 0.997938 0.972223 0 0 0 0.917465 
0 0.999287 0.99926 0.972967 0 0 0 0.943388 
0 0.999965 0.999321 0.973648 0 0.918242 0 0.917465 
0 0.999996 0.999937 0.998706 0.973256 0.970824 0 0 
0 0.99995 0.999302 0.998582 0.97294 0.971488 0 0 
0 0.9987 0.973626 0.972274 0 0.945184 0 0.888868 
0 0.974367 0 0.946648 0 0.944454 0.944434 0 
0 0.998714 0.974229 0.995869 0.919192 0 0.944442 0 
0 0.999886 0.998025 0.973498 0 0.94454 0.944503 0 
0 0.998691 0.973555 0.970863 0 0.947217 0 0 
0 0.97431 0 0.918242 0 0.943853 0 0 
0 0.998624 0.919026 0 0 0.918708 0 0 
0 0.9743 0 0 0 0 0.920964 0 
0 0.998066 0.946696 0 0 0.918275 0.970531 0 
0 0.999228 0.972276 0 0.917448 0 0.945287 0 
0 0.998629 0.972911 0 0.943695 0 0.94639 0 
0 0.97295 0.971544 0 0.944398 0 0.944524 0 
0 0 0.945189 0 0.943788 0 0.944506 0 
0 0 0.944554 0 0.919341 0 0.945664 0 
0 0 0.946712 0 0 0 0.94458 0 
0 0.973095 0.972291 0 0 0 0.945967 0 
0 0.999283 0.997935 0.946706 0 0.945986 0.971526 0 
0 0.999946 0.999268 0.972953 0 0.972971 0.997295 0.947393 
0 0.999287 0.999907 0.998676 0.974321 0.998684 0.999861 0.998174 
0.972968 0.972968 0.998862 0.999923 0.999374 0.999953 0.999994 0.999943 
0.999288 0 0.973672 0.999322 0.999968 0.999998 1 0.999998 
0.999987 0 0.973665 0.999323 0.999982 1 1 1 
0.999999 0.973269 0.9987 0.999952 0.999998 1 0.999999 0.999983 
0.999988 0.999315 0.999953 0.999998 1 0.999998 0.999961 0.999328 
0.999575 0.999983 0.999998 1 0.999999 0.999962 0.998939 0.973655 
0.972975 1 1 1 0.999984 0.999358 0.974308 0 
0 1 1 1 0.999995 0.999861 0.996721 0.946653 
0.972218 1 1 0.999998 0.999943 0.998116 0.947647 0 
0.972277 1 0.999999 0.999989 0.999634 0.975354 0 0 
0.946745 0.999998 0.999983 0.999962 0.999246 0.972372 0 0 
0 0.999952 0.999346 0.999258 0.997933 0.94669 0 0 
0 0.998705 0.973947 0.973 0.972206 0 0 0 
0 0.973646 0 0 0.945271 0 0 0 
0 0.972315 0 0 0.945609 0 0 0 
0.946764 0.946746 0 0 0.917537 0 0 0 
0.972955 0 0 0 0 0 0 0.946691 
0.997975 0 0 0 0 0 0 0.972383 
0.999453 0 0 0 0 0 0 0.9764 
0.999387 0.947005 0 0 0 0 0 0.973117 
0.999292 0.972378 0 0 0.945187 0.945208 0 0.98164 
0.99929 0.973075 0 0 0.970789 0.971432 0 0.946746 
0.99733 0.976336 0 0 0.945897 0.970851 0 0 
0.947437 0.97683 0 0 0 0.946225 0 0 
0 0.973102 0 0.917478 0 0.943769 0 0 
0 0.973646 0 0.944495 0 0.917447 0 0 
0 0.997986 0.97284 0.970796 0.945166 0 0.917549 0 
0 0.972956 0.971525 0 0.944456 0 0.947162 0 
0 0 0.944437 0 0.944552 0 0.944535 0 
0.946018 0 0.917467 0 0.947808 0 0.945187 0 
0.946018 0 0 0 0.971615 0.972855 0.971521 0 
0 0 0 0 0.972205 0.997825 0.972198 0 
0 0 0 0 0.946665 0.995913 0.94663 0 
0 0 0.91665 0 0 0.945869 0 0.917687 
0 0 0.91665 0 0 0.944496 0 0.946311 
0 0.946726 0 0 0 0.945156 0 0.944516 
0 0.971605 0 0 0.945146 0.970076 0 0.944502 
0 0.946726 0 0 0.944472 0.945146 0 0.945007 
0 0 0 0 0 0 0 0.944478 
0 0 0 0 0 0 0 0.944414 
0 0 0 0 0 0 0 0.943682 
0 0 0 0 0.918229 0 0 0.917445 
0 0 0 0.945896 0.970097 0 0 0 
0 0 0 0.971501 0.972124 0 0 0 
0 0 0 0.971468 0.971539 0.946126 0 0 
0 0.946747 0 0.945187 0 0.953298 0 0 
0 0.972393 0 0.944452 0 0.944446 0 0 
0 0.976537 0 0.943686 0 0.943682 0 0 
0 0.973065 0 0.917445 0 0.917445 0 0 
0 0.972298 0 0 0 0 0 0 
0 0.946745 0 0 0 0 0 0 
0 0 0 0 0 0 0 0 
0 0 0 0 0 0 0 0 
0 0 0 0 0 0 0 0 
0 0 0 0 0 0 0 0 
0 0 0 0 0 0 0 0 
0 0 0 0 0 0 0 0 
0 0 0 0 0 0 0 0 
