0 0 0 0 0 0 0 0 
0 0 0 0 0 0 0 0 
0 0 0 0 0 0 0 0 
0 0 0 0 0 0 0 0 
0 0 0 0 0 0 0 0 
0 0 0 0 0 0 0 0 
0 0 0 0 0 0 0 0 
0 0 0 0 0 0 0 0 
0 0 0 0 0 0 0 0 
0 0 0 0 0 0 0 0 
0 0 0 0 0 0 0 0 
0 0 0 0 0 0 0 0 
0 0 0 0 0 0 0 0 
0 0 0 0 0 0 0 0 
0 0 0 0 0 0 0 0 
0 0 0 0 0 0 0 0 
0 0 0 0 0 0 0 0 
0 0 0 0 0 0 0 0 
0 0 0 0 0 0 0 0 
0 0 0 0 0 0 0 0 
0 0 0 0 0 0 0 0 
0 0 0 0 0 0 0 0 
0 0 0 0 0 0 0 0 
0 0 0 0 0 0 0 0 
0 0 0 0 0 0 0 0 
0 0 0 0 0 0 0 0 
0 0 0 0 0 0 0 0 
0 0 0 0 0 0 0 0 
0 0 0 0 0 0 0 0 
0 0 0 0 0 0 0 0 
0 0 0 0 0 0 0 0 
0 0 0 0 0 0 0 0 
0 0 0 0 0 0 0 0 
0 0 0 0 0 0 0 0 
0 0 0 0 0 0 0 0 
0 0 0 0 0 0 0 0 
0 0 0 0 0 0 0 0 
0 0 0 0 0 0 0 0 
0 0 0 0 0 0 0 0 
0 0 0 0 0 0 0 0 
0 0 0 0 0 0 0 0 
0 0 0 0 0 0 0 0 
0 0 0 0 0 0 0 0 
0 0 0 0 0 0 0 0 
0 0 0 0 0 0 0 0 
0 0 0 0 0 0 0 0 
0 0 0 0 0 0 0 0 
0 0 0 0 0 0 0 0 
0 0 0 0 0 0 0 0 
0 0 0 0 0 0 0 0 
0 0 0 0 0 0 0 0 
0 0 0 0 0 0 0 0 
0 0 0 0 0 0 0 0 
0 0 0 0 0 0 0 0 
0 0 0 0 0 0 0 0 
0 0 0 0 0 0 0 0 
0 0 0 0 0 0 0 0 
0 0 0 0 0 0 0 0 
0 0 0 0 0 0 0 0 
0 0 0 0 0 0 0 0 
0 0 0 0 0 0 0 0 
0 0 0 0 0 0 0 0 
0 0 0 0 0 0 0 0 
0 0 0 0 0 0 0 0 
0 0 0 0 0 0 0 0 
0 0 0 0 0 0 0 0 
0 0 0 0 0 0 0 0 
0 0 0 0 0 0 0 0 
0.906404 0.948891 0.954579 0.953476 0.950222 0.952246 0.958364 0.956984 
0.996552 0.998702 0.998828 0.998866 0.998753 0.998787 0.998891 0.998902 
0.999886 0.999967 0.999972 0.999974 0.999968 0.999969 0.999971 0.999972 
0.999996 0.999999 1 0.999999 0.999999 0.999999 0.999999 0.999999 
1 1 1 1 1 1 1 1 
1 1 1 1 1 1 1 1 
1 1 1 1 1 1 1 1 
1 1 1 1 1 1 1 1 
1 1 1 1 1 1 1 1 
1 1 1 1 1 1 1 1 
1 1 1 1 1 1 1 1 
1 1 1 1 1 1 1 1 
1 1 1 1 1 1 1 1 
1 1 1 1 1 1 1 1 
1 1 1 1 1 1 1 1 
1 1 1 1 1 1 1 1 
1 1 1 1 1 1 1 1 
1 1 1 1 1 1 1 1 
1 1 1 1 1 1 1 1 
1 1 1 1 1 1 1 1 
1 1 1 1 1 1 1 1 
1 1 1 1 1 1 1 1 
1 1 1 1 1 1 1 1 
1 1 1 1 1 1 1 1 
1 1 1 1 1 1 1 1 
1 0.999981 0.999997 0.999984 0.999998 1 1 0.999999 
0.999982 0.999287 0.999899 0.999353 0.999939 0.999994 0.999982 0.999949 
0.999288 0.972968 0.99732 0.974272 0.998032 0.999835 0.999321 0.998705 
0.972968 0 0.945923 0 0.947347 0.995999 0.973867 0.976241 
0 0 0.945228 0 0 0.918979 0 0.945385 
0 0 0.971026 0.947368 0 0 0 0.945701 
0 0 0.972161 0.971577 0 0 0 0.945258 
0 0 0.971484 0.971468 0 0 0 0.971547 
0.972976 0 0.945205 0.945205 0 0 0 0.972895 
0.998628 0 0 0 0 0 0 0.972273 
0.999222 0 0 0 0 0 0 0.94669 
0.997976 0 0 0 0 0 0 0 
0.97303 0.947421 0 0 0 0 0 0 
0.946774 0.996241 0.919002 0 0 0 0 0 
0 0.973612 0 0 0 0 0 0 
0 0.973004 0 0 0 0 0 0 
0 0.97297 0 0 0 0 0 0 
0 0.972297 0 0 0 0 0 0 
0 0.946745 0 0 0 0.920324 0 0.917487 
0 0 0 0 0 0.916758 0 0.945132 
0 0 0 0 0.91824 0 0.946649 0.996571 
0.972968 0 0 0 0.970773 0.972179 0.972235 0.99854 
0.99927 0 0 0 0.971487 0.972224 0 0.973622 
0.999303 0 0 0 0.945979 0.971837 0 0.972293 
0.999245 0 0 0 0 0.92042 0 0.946696 
0.998046 0 0 0 0 0 0 0 
0.972962 0 0 0 0 0 0 0 
0.946764 0 0 0 0 0 0 0 
0 0 0 0.917445 0 0 0 0.917487 
0 0.946746 0 0.943682 0 0 0 0.945132 
0 0.972315 0 0.944433 0 0 0.945921 0.996541 
0.973008 0.973644 0 0.945189 0 0 0.945957 0.997906 
0.999567 0.998678 0.973593 0.971603 0 0 0 0.974297 
0.999345 0.999953 0.998679 0.973412 0 0 0.949969 0.998125 
0.999936 0.99998 0.999276 0.973024 0 0.946816 0.997419 0.999887 
0.999996 0.999982 0.999321 0.973648 0 0.977379 0.999349 0.999979 
0.999999 0.999998 0.999952 0.998732 0.974822 0.998807 0.999952 0.999998 
1 1 0.999998 0.999954 0.999391 0.999955 0.999998 1 
1 1 1 0.999998 0.999985 0.999998 1 1 
1 1 1 1 1 1 1 1 
1 1 1 1 1 1 1 1 
1 1 1 1 1 1 1 1 
1 1 1 1 1 1 1 1 
1 1 1 1 1 1 1 1 
1 1 1 1 1 1 1 1 
1 1 1 1 1 1 1 1 
1 1 1 1 1 1 1 1 
1 1 1 1 1 1 1 1 
1 1 1 1 1 1 1 1 
1 1 1 1 1 1 1 1 
1 1 1 1 1 1 1 1 
1 1 1 1 1 1 1 1 
1 1 1 1 1 1 1 1 
1 1 1 1 1 1 1 1 
1 1 1 1 1 1 1 1 
1 1 1 1 1 1 1 1 
1 0.999998 0.99999 0.999999 1 1 1 1 
1 0.999941 0.999634 0.99997 0.999997 0.999986 0.999999 1 
1 0.998039 0.974314 0.998769 0.999912 0.999406 0.999954 0.999982 
0.999998 0.947457 0 0.974231 0.998099 0.974936 0.998699 0.999308 
0.999949 0 0.918989 0.996053 0.973514 0 0.972263 0.973628 
0.998662 0.85509 0 0.972415 0.971564 0 0.94521 0 
0.972973 0 0 0.945253 0.94521 0 0.944476 0 
0.946764 0.947644 0 0 0 0 0.94519 0 
0 0.972354 0 0 0 0.945972 0.971023 0 
0 0.973031 0 0 0 0.972282 0.972231 0 
0 0.97394 0 0 0.945982 0.997214 0.972944 0 
0 0.946827 0 0 0.946453 0.997266 0.973627 0 
0 0 0 0.917696 0 0.97152 0.970843 0.918242 
0 0 0 0.943706 0 0.921427 0 0 
0 0 0 0.944395 0 0 0.91665 0 
0 0 0 0.943734 0 0 0.91665 0 
0 0 0 0.91818 0 0 0 0 
0 0 0.91824 0 0 0 0.916657 0 
0.919096 0 0.970778 0.945935 0 0 0.916668 0 
0 0.972969 0.997882 0.972233 0 0 0 0.917423 
0 0.999287 0.999253 0.973068 0 0 0 0.94293 
0 0.999965 0.999321 0.973655 0 0.918242 0 0.917423 
0 0.999996 0.999932 0.998634 0.97292 0.970833 0 0 
0 0.999953 0.999309 0.998697 0.973215 0.971988 0 0 
0 0.998722 0.973629 0.972282 0 0.945227 0 0.888868 
0 0.97434 0 0.946634 0 0.944455 0.944433 0 
0 0.99871 0.974216 0.995516 0.918979 0 0.944433 0 
0 0.999887 0.998037 0.973485 0 0.944432 0.944433 0 
0 0.998692 0.973557 0.970863 0 0.944414 0 0 
0 0.974284 0 0.918242 0 0.943752 0 0 
0 0.996678 0.918998 0 0 0.918637 0 0 
0 0.974266 0 0 0 0 0.918177 0 
0 0.998 0.946689 0 0 0.918177 0.968646 0 
0 0.999222 0.972273 0 0.917445 0 0.945106 0 
0 0.998625 0.972894 0 0.943682 0 0.944464 0 
0 0.972949 0.971543 0 0.94447 0 0.94454 0 
0 0 0.945271 0 0.950098 0 0.944637 0 
0 0 0.946236 0 0.917524 0 0.944469 0 
0 0 0.94529 0 0 0 0.944569 0 
0 0.97297 0.972205 0 0 0 0.945235 0 
0 0.999302 0.997935 0.946706 0 0.946009 0.97188 0 
0 0.999948 0.999268 0.972954 0 0.972885 0.997314 0.947382 
0 0.999287 0.999899 0.998769 0.977672 0.998767 0.999851 0.997999 
0.972969 0.972968 0.99866 0.999906 0.999449 0.999954 0.999993 0.999932 
0.999289 0 0.973686 0.999372 0.999971 0.999998 1 0.999999 
0.999982 0 0.973872 0.999345 0.999983 1 1 1 
0.999999 0.972968 0.998681 0.999951 0.999998 1 0.999999 0.999986 
0.999981 0.999288 0.99995 0.999998 1 0.999998 0.999954 0.999373 
0.999287 0.999985 0.999999 1 0.999998 0.999953 0.998745 0.974487 
0.972968 1 1 1 0.999984 0.999351 0.97427 0 
0 1 1 1 0.999996 0.999853 0.996789 0.950959 
0.972156 1 1 0.999998 0.999944 0.998016 0.947366 0 
0.971536 1 0.999999 0.999982 0.999319 0.973609 0 0 
0.940847 0.999998 0.999982 0.999962 0.999239 0.972293 0 0 
0 0.99995 0.99932 0.999254 0.997931 0.946688 0 0 
0 0.998679 0.973644 0.972964 0.972201 0 0 0 
0 0.973644 0 0 0.945183 0 0 0 
0 0.972314 0 0 0.943703 0 0 0 
0.946953 0.946746 0 0 0.917445 0 0 0 
0.972977 0 0 0 0 0 0 0.946704 
0.997976 0 0 0 0 0 0 0.97233 
0.999291 0 0 0 0 0 0 0.973663 
0.999336 0.947001 0 0 0 0 0 0.973 
0.999296 0.972624 0 0 0.945188 0.945216 0 0.972283 
0.999608 0.973007 0 0 0.97079 0.971434 0 0.946673 
0.997347 0.973052 0 0 0.945897 0.97088 0 0 
0.947439 0.972996 0 0 0 0.947586 0 0 
0 0.973006 0 0.920927 0 0.943798 0 0 
0 0.973659 0 0.944534 0 0.917447 0 0 
0 0.999651 0.972861 0.970888 0.94518 0 0.917445 0 
0 0.973039 0.971533 0 0.944462 0 0.943682 0 
0 0 0.944437 0 0.944456 0 0.944435 0 
0.946025 0 0.917467 0 0.945186 0 0.945233 0 
0.946064 0 0 0 0.971522 0.972901 0.972142 0 
0 0 0 0 0.972202 0.997884 0.972995 0 
0 0 0 0 0.946631 0.996011 0.951749 0 
0 0 0.916891 0 0 0.945919 0 0.917501 
0 0 0.916676 0 0 0.9445 0 0.951352 
0 0.946728 0 0 0 0.945148 0 0.944486 
0 0.97167 0 0 0.94515 0.970095 0 0.944584 
0 0.947852 0 0 0.944495 0.945342 0 0.944451 
0 0 0 0 0 0 0 0.944437 
0 0 0 0 0 0 0 0.944438 
0 0 0 0 0 0 0 0.943686 
0 0 0 0 0.918245 0 0 0.917445 
0 0 0 0.945919 0.970303 0 0 0 
0 0 0 0.971505 0.972147 0 0 0 
0 0 0 0.971483 0.971496 0.945188 0 0 
0 0.946747 0 0.945308 0 0.944461 0 0 
0 0.97235 0 0.944455 0 0.944422 0 0 
0 0.973772 0 0.943685 0 0.943742 0 0 
0 0.973013 0 0.917445 0 0.917454 0 0 
0 0.972191 0 0 0 0 0 0 
0 0.946106 0 0 0 0 0 0 
0 0 0 0 0 0 0 0 
0 0 0 0 0 0 0 0 
0 0 0 0 0 0 0 0 
0 0 0 0 0 0 0 0 
0 0 0 0 0 0 0 0 
0 0 0 0 0 0 0 0 
0 0 0 0 0 0 0 0 
