0 0 0 0 0 0 0 0 
0 0 0 0 0 0 0 0 
0 0 0 0 0 0 0 0 
0 0 0 0 0 0 0 0 
0 0 0 0 0 0 0 0 
0 0 0 0 0 0 0 0 
0 0 0 0 0 0 0 0 
0 0 0 0 0 0 0 0 
0 0 0 0 0 0 0 0 
0 0 0 0 0 0 0 0 
0 0 0 0 0 0 0 0 
0 0 0 0 0 0 0 0 
0 0 0 0 0 0 0 0 
0 0 0 0 0 0 0 0 
0 0 0 0 0 0 0 0 
0 0 0 0 0 0 0 0 
0 0 0 0 0 0 0 0 
0 0 0 0 0 0 0 0 
0 0 0 0 0 0 0 0 
0 0 0 0 0 0 0 0 
0 0 0 0 0 0 0 0 
0 0 0 0 0 0 0 0 
0 0 0 0 0 0 0 0 
0 0 0 0 0 0 0 0 
0 0 0 0 0 0 0 0 
0 0 0 0 0 0 0 0 
0 0 0 0 0 0 0 0 
0 0 0 0 0 0 0 0 
0 0 0 0 0 0 0 0 
0 0 0 0 0 0 0 0 
0 0 0 0 0 0 0 0 
0 0 0 0 0 0 0 0 
0 0 0 0 0 0 0 0 
0 0 0 0 0 0 0 0 
0 0 0 0 0 0 0 0 
0 0 0 0 0 0 0 0 
0 0 0 0 0 0 0 0 
0 0 0 0 0 0 0 0 
0 0 0 0 0 0 0 0 
0 0 0 0 0 0 0 0 
0 0 0 0 0 0 0 0 
0 0 0 0 0 0 0 0 
0 0 0 0 0 0 0 0 
0 0 0 0 0 0 0 0 
0 0 0 0 0 0 0 0 
0 0 0 0 0 0 0 0 
0 0 0 0 0 0 0 0 
0 0 0 0 0 0 0 0 
0 0 0 0 0 0 0 0 
0 0 0 0 0 0 0 0 
0 0 0 0 0 0 0 0 
0 0 0 0 0 0 0 0 
0 0 0 0 0 0 0 0 
0 0 0 0 0 0 0 0 
0 0 0 0 0 0 0 0 
0 0 0 0 0 0 0 0 
0 0 0 0 0 0 0 0 
0 0 0 0 0 0 0 0 
0 0 0 0 0 0 0 0 
0 0 0 0 0 0 0 0 
0 0 0 0 0 0 0 0 
0 0 0 0 0 0 0 0 
0 0 0 0 0 0 0 0 
0 0 0 0 0 0 0 0 
0 0 0 0 0 0 0 0 
0 0 0 0 0 0 0 0 
0 0 0 0 0 0 0 0 
0 0 0 0 0 0 0 0 
0.000150915 0.764923 0.318616 0.041161 0.0046121 0.0235942 0.129176 0.073999 
0.00471119 0.366771 0.0845399 0.0092498 0.0170381 0.169143 0.565285 0.158866 
0.0150227 0.0524294 0.0208256 0.00629446 0.0535533 0.392177 0.723432 0.297287 
0.0373939 0.0268601 0.135974 0.0329554 0.0213192 0.108543 0.379451 0.0936303 
0.00907108 0.136787 0.521503 0.224685 0.131629 0.167323 0.581527 0.161673 
0.0146235 0.0750824 0.138052 0.0327072 0.0187261 0.108443 0.162967 0.132137 
0.0128227 0.00471974 0.012256 0.00226072 0.00106704 0.00820526 0.0151924 0.0185231 
0.0315859 0.000181809 0.0007027 0.000125099 9.83205e-05 0.00116996 0.0107622 0.0919332 
0.282426 0.00025096 0.00150758 0.000551607 0.000996695 0.0100192 0.0670599 0.440177 
0.873311 0.00429187 0.0247864 0.0117336 0.0123736 0.0792936 0.0213915 0.0922919 
0.282977 0.047363 0.226835 0.136375 0.0909095 0.421093 0.0816235 0.0160379 
0.031226 0.220678 0.646613 0.231624 0.0765286 0.328088 0.0551631 0.0540743 
0.00455015 0.0481291 0.228954 0.0958813 0.0680752 0.0866251 0.040227 0.00684352 
0.000454295 0.0269185 0.113625 0.363463 0.346055 0.0850122 0.250664 0.0332707 
0.00248746 0.0535531 0.341281 0.7544 0.523231 0.100155 0.0398574 0.00585526 
0.0127526 0.104311 0.0975244 0.344691 0.158267 0.0220636 0.00541103 0.0251194 
0.152804 0.110554 0.0334972 0.101229 0.256917 0.0591391 0.0220369 0.182243 
0.640193 0.558473 0.187001 0.264364 0.675012 0.267578 0.0777588 0.349109 
0.80638 0.810388 0.518808 0.17261 0.290255 0.277805 0.0695318 0.0971536 
0.390996 0.530318 0.769225 0.355182 0.288792 0.668623 0.282072 0.0413011 
0.0886738 0.19963 0.341586 0.094348 0.0720209 0.241309 0.0573835 0.00604608 
0.0198622 0.0188168 0.0482039 0.0291673 0.122865 0.0545083 0.0340869 0.00189858 
0.00533235 0.00148525 0.0131295 0.118252 0.501744 0.21711 0.0666632 0.0115758 
0.0773552 0.000125554 0.0020204 0.0270643 0.200497 0.483016 0.34679 0.0512629 
0.0269015 1.26817e-05 0.00016986 0.00263214 0.025389 0.104813 0.0575622 0.0257233 
0.196979 0.000410746 2.30289e-05 0.000190612 0.00250915 0.0185797 0.00470889 0.00232012 
0.0212859 0.0198957 0.000537758 0.000459514 0.0104397 0.118637 0.0105124 0.000539699 
0.00103751 0.00067335 0.00267094 0.000392523 0.00191379 0.0104027 0.000877015 0.000315397 
4.41352e-05 0 0.0394742 0 0.0297559 0.0014903 0.000462364 0.00745286 
0 0 0.301657 0 0 0 0 0.096125 
0 0 0.717564 0.475046 0 0 0 0.0300629 
0 0 0.399604 0.605109 0 0 0 0.211961 
0 0 0.11089 0.18046 0 0 0 0.627242 
0.253971 0 0.00761266 0.0175535 0 0 0 0.215485 
0.0670978 0 0 0 0 0 0 0.106103 
0.234188 0 0 0 0 0 0 0.206142 
0.708745 0 0 0 0 0 0 0 
0.231571 0.413484 0 0 0 0 0 0 
0.0114283 0.812939 0.358105 0 0 0 0 0 
0 0.419906 0 0 0 0 0 0 
0 0.158665 0 0 0 0 0 0 
0 0.491379 0 0 0 0 0 0 
0 0.104101 0 0 0 0 0 0 
0 0.000431771 0 0 0 0.216993 0 0.250091 
0 0 0 0 0 0.0329774 0 0.303057 
0 0 0 0 0.197937 0 0.290541 0.705053 
0.28621 0 0 0 0.617965 0.28519 0.102514 0.292184 
0.0715686 0 0 0 0.280042 0.509167 0 0.0447292 
0.0241781 0 0 0 0.0389166 0.119916 0 0.0347982 
0.190803 0 0 0 0 0.0105032 0 0.166007 
0.632033 0 0 0 0 0 0 0 
0.256957 0 0 0 0 0 0 0 
0.0245601 0 0 0 0 0 0 0 
0 0 0 0.132025 0 0 0 0.0875619 
0 0.0101733 0 0.518532 0 0 0 0.472341 
0 0.00354475 0 0.132588 0 0 0.222358 0.655878 
0.22412 0.0340611 0 0.0124697 0 0 0.0478135 0.226431 
0.0765428 0.286658 0.0770893 0.00983357 0 0 0 0.0851066 
0.292463 0.734874 0.391262 0.0712848 0 0 0.0413245 0.305162 
0.734216 0.414747 0.658399 0.224759 0 0.0422901 0.11784 0.44733 
0.306247 0.410755 0.282967 0.0727291 0 0.0793204 0.314506 0.150224 
0.0461236 0.115902 0.0678191 0.202077 0.0654146 0.310128 0.741272 0.311858 
0.0425903 0.019384 0.140602 0.0428732 0.0671365 0.117792 0.424703 0.106063 
0.0105529 0.00150387 0.016824 0.058372 0.352301 0.277013 0.589821 0.184246 
0.0167186 0.000154182 0.00256708 0.0262572 0.1627 0.0626077 0.167524 0.0318506 
0.00287492 0.000760382 0.0119296 0.115517 0.491436 0.118064 0.025704 0.0040038 
0.00594148 0.00496468 0.0384946 0.0235043 0.115581 0.0199192 0.00720603 0.0154542 
0.0815063 0.0473728 0.267086 0.0389363 0.0125749 0.0119321 0.0680682 0.137959 
0.435258 0.143063 0.0926501 0.0150171 0.00840868 0.106221 0.387078 0.408246 
0.134849 0.573038 0.378804 0.114412 0.0236232 0.122133 0.356115 0.147115 
0.0254239 0.389373 0.727864 0.352856 0.137366 0.468345 0.739307 0.327232 
0.0871016 0.319768 0.380404 0.437793 0.0892636 0.120187 0.328915 0.143871 
0.341954 0.732095 0.305093 0.107485 0.0212378 0.0413954 0.146362 0.215547 
0.0692054 0.317807 0.324217 0.0845314 0.102259 0.21095 0.108145 0.0419771 
0.00695301 0.373557 0.711999 0.28937 0.0591557 0.166637 0.46801 0.147634 
0.0171023 0.0803078 0.288261 0.0752866 0.095593 0.467413 0.832645 0.467107 
0.0782965 0.00754545 0.036319 0.00807947 0.0176052 0.146863 0.468484 0.167832 
0.0216747 0.00252844 0.00259092 0.000585865 0.00219794 0.0215524 0.124456 0.246476 
0.0574203 0.0386954 0.00414674 0.00128852 0.00656224 0.0281329 0.238827 0.656289 
0.286856 0.302856 0.0382691 0.0296581 0.0686432 0.0146017 0.0571956 0.288359 
0.475338 0.332764 0.04832 0.0706846 0.37741 0.0683824 0.010349 0.0376798 
0.0945074 0.0465893 0.00576003 0.0131956 0.109245 0.0117894 0.00102171 0.00247395 
0.00711535 0.00332593 0.00151272 0.0323325 0.00819309 0.000770714 0.000105031 0.000661513 
0.00209808 0.022752 0.000820313 0.0051799 0.000554171 9.70616e-05 0.00106895 0.0122136 
0.0294985 0.000654022 0 0.0642411 0.00403949 0.000947758 0.0143601 0.141349 
0.261093 0 0.000348742 0.00648598 0.000783267 0 0.0598559 0.234477 
0.704325 0 0 0.0484534 0.00483488 0 0.278208 0 
0.261088 0 0 0.00318916 0.0136508 0 0.60111 0 
0.0425843 0.312329 0 0 0.0156165 0 0.42707 0.000209193 
0 0.755317 0 0.0135174 0.0345 0.278062 0.684677 0 
0 0.31364 0 0.00420405 0 0.32796 0.335681 0 
0 0.0378741 0 0.011842 0.132995 0.552749 0.493199 0 
0 0.000614461 0 0.0042529 0.0232069 0.1417 0.107017 0 
0 0 0 0.040436 0 0.0738005 0.00387413 0 
0 0 0 0.27852 0 0.00633883 0 0 
0 0 0 0.0403615 0 0 0.278829 0 
0 0 0 0.00248219 0 0 0.169139 0 
0 0 0 0.000330012 0 0 0 0 
0 0 0.00420181 0.00513176 0 0 0.46747 0 
0.35522 0 0.0600804 0.0721386 0 0 0.117254 0 
0 0.406388 0.420197 0.431749 0 0 0 0.603539 
0 0.37629 0.764848 0.59175 0 0 0 0.202361 
0 0.11576 0.354328 0.17224 0 0.196465 0 0 
0 0.00353202 0.0509334 0.0341035 0.173298 0.576562 0 0 
0 0.00155267 0.00417131 0.00652396 0.03381 0.172264 0 0 
0 0.0236227 0.00657272 0.0398963 0 0.0215448 0 0.142312 
0 0.232003 0 0.30092 0 0.0511603 0.313186 0 
0 0.420051 0.184515 0.707936 0.147933 0 0.287926 0 
0 0.81125 0.206581 0.376901 0 0.053664 0.0356088 0 
0 0.682136 0.112722 0.0565657 0 0.312069 0 0 
0 0.206913 0 0.00425591 0 0.135596 0 0 
0 0.273182 0.130517 0 0 0.0120116 0 0 
0 0.260937 0 0 0.00297647 0 0.150149 0 
0 0.687929 0.108659 0 0 0.158275 0.543912 0 
0 0.242251 0.0825382 0 0.208602 0 0.147319 0 
0 0.0724193 0.483252 0 0.603994 0 0.0214484 0 
0 0.0139594 0.115194 0 0.207704 0 0.0203325 0 
0 0 0.105792 0 0.0229856 0 0.174689 0 
0 0 0.0157278 0 0.00293782 0 0.186119 0 
0 0 0.0970844 0 0.00659027 0 0.577366 0 
0 0.0478154 0.468225 0 0.00625229 0 0.17366 0 
0 0.063856 0.327523 0.0605651 0 0.102745 0.0253447 0 
0 0.440269 0.201603 0.167729 0 0.0489903 0.00836631 0.0207883 
0 0.0859301 0.0192357 0.0288723 0.062007 0.307855 0.0576559 0.195161 
0.128972 0.00651186 0.0129792 0.12718 0.341278 0.728149 0.349386 0.225941 
0.541465 0.00573918 0.102278 0.463769 0.410554 0.41162 0.460698 0.154357 
0.235939 0.0131932 0.182768 0.38267 0.721587 0.457753 0.667519 0.443407 
0.0924738 0.0930337 0.52958 0.235142 0.426071 0.142652 0.224651 0.0960315 
0.0691375 0.630824 0.280812 0.225762 0.599564 0.0604259 0.0321028 0.00838574 
0.0039547 0.187072 0.0477743 0.0723157 0.183106 0.0340175 0.00439341 0.000643435 
0.000635504 0.0248052 0.0432331 0.196975 0.0567663 0.101016 0.00581438 0.00215412 
0.0135909 0.0915435 0.0469958 0.564789 0.069669 0.446685 0.0281133 0.0269588 
0.232591 0.448907 0.0340363 0.191994 0.0143833 0.0966558 0.00484501 0.00155241 
0.0135039 0.0884285 0.00501716 0.0202716 0.00111669 0.00404704 0.00019298 4.30699e-05 
0.000355146 0.0183057 0.000803322 0.000665195 3.74414e-05 8.79371e-05 4.14143e-06 7.79417e-07 
6.06234e-06 0.139515 0.00545813 0.00012105 0.000331342 8.5779e-06 1.49434e-07 1.11896e-08 
7.67323e-08 0.555889 0.0209622 0.000659389 0.0190308 0.00032948 3.6503e-06 3.66149e-08 
2.6982e-07 0.138811 0.00417338 0 0.459809 0 4.32375e-08 9.04075e-07 
7.25402e-05 0.00494233 0.00013964 0 0.0651475 0 1.09236e-06 0.000104391 
0.0125253 8.62756e-05 0 0 0.00143585 0 4.48897e-05 0.00195899 
0.0204249 9.48078e-07 0 0 1.6312e-05 1.31887e-05 0.00108774 0.0475471 
0.198696 9.60718e-07 0 0 0 1.58167e-05 0 0.358517 
0.728511 0.000168633 9.49337e-07 0 0 6.89153e-05 3.17743e-05 0.613512 
0.435242 0.0179419 0 0 0 0.00682646 0.00337831 0.306047 
0.612405 0.719795 0 0 0.462097 0.374662 0 0.104552 
0.16613 0.285876 0.00188303 0 0.0944826 0.046537 0.0003292 0.00183041 
0.0151434 0.0341496 0.000358007 3.93124e-05 0.00190672 0.00917676 8.84164e-05 2.18129e-05 
0.000709513 0.00557358 5.08711e-05 0.00387101 0 0.365671 0 1.13839e-07 
0 0.0538762 0 0.329774 0 0.0674466 0.000170865 2.10914e-07 
0 0.473211 6.67344e-05 0.0736582 0 0.00142076 0.00279654 0 
0 0.141473 0.744725 0.0191356 0.0149512 0 0.296982 0 
0 0.00121904 0.278474 0 0.0759487 0 0.706424 0 
0 0 0.0347576 0 0.398072 0 0.488076 0 
0.164374 0 0.000237821 0 0.360711 0 0.73342 0 
0.0523249 0 0 0 0.2885 0.4289 0.372545 0 
0 0 0 0 0.0372779 0.0837625 0.05611 0 
0 0 0 0 0.00334858 0.0328791 0.00649383 0 
0 0 0.287992 0 0 0.238346 0 0.056727 
0 0 0 0 0 0.69312 0 0.327745 
0 0.47432 0 0 0 0.246479 0 0.723007 
0 0.100489 0 0 0.342105 0.0863254 0 0.486256 
0 0.00538077 0 0 0.0268731 0.0194809 0 0.713936 
0 0 0 0 0 0 0 0.299596 
0 0 0 0 0 0 0 0.0546857 
0 0 0 0 0 0 0 0.163244 
0 0 0 0 0.0564721 0 0 0.00807981 
0 0 0 0.416994 0.653623 0 0 0 
0 0 0 0.373395 0.272974 0 0 0 
0 0 0 0.717511 0.103388 0.506056 0 0 
0 0.403737 0 0.355344 0 0.371937 0 0 
0 0.0471264 0 0.0981076 0 0.69268 0 0 
0 0.033307 0 0.306123 0 0.281595 0 0 
0 0.511277 0 0.0161503 0 0.0235598 0 0 
0 0.0642558 0 0 0 0 0 0 
0 0.00206473 0 0 0 0 0 0 
0 0 0 0 0 0 0 0 
0 0 0 0 0 0 0 0 
0 0 0 0 0 0 0 0 
0 0 0 0 0 0 0 0 
0 0 0 0 0 0 0 0 
0 0 0 0 0 0 0 0 
0 0 0 0 0 0 0 0 
