0 0 0 0 0 0 0 0 
0 0 0 0 0 0 0 0 
0 0 0 0 0 0 0 0 
0 0 0 0 0 0 0 0 
0 0 0 0 0 0 0 0 
0 0 0 0 0 0 0 0 
0 0 0 0 0 0 0 0 
0 0 0 0 0 0 0 0 
0 0 0 0 0 0 0 0 
0 0 0 0 0 0 0 0 
0 0 0 0 0 0 0 0 
0 0 0 0 0 0 0 0 
0 0 0 0 0 0 0 0 
0 0 0 0 0 0 0 0 
0 0 0 0 0 0 0 0 
0 0 0 0 0 0 0 0 
0 0 0 0 0 0 0 0 
0 0 0 0 0 0 0 0 
0 0 0 0 0 0 0 0 
0 0 0 0 0 0 0 0 
0 0 0 0 0 0 0 0 
0 0 0 0 0 0 0 0 
0 0 0 0 0 0 0 0 
0 0 0 0 0 0 0 0 
0 0 0 0 0 0 0 0 
0 0 0 0 0 0 0 0 
0 0 0 0 0 0 0 0 
0 0 0 0 0 0 0 0 
0 0 0 0 0 0 0 0 
0 0 0 0 0 0 0 0 
0 0 0 0 0 0 0 0 
0 0 0 0 0 0 0 0 
0 0 0 0 0 0 0 0 
0 0 0 0 0 0 0 0 
0 0 0 0 0 0 0 0 
0 0 0 0 0 0 0 0 
0 0 0 0 0 0 0 0 
0 0 0 0 0 0 0 0 
0 0 0 0 0 0 0 0 
0 0 0 0 0 0 0 0 
0 0 0 0 0 0 0 0 
0 0 0 0 0 0 0 0 
0 0 0 0 0 0 0 0 
0 0 0 0 0 0 0 0 
0 0 0 0 0 0 0 0 
0 0 0 0 0 0 0 0 
0 0 0 0 0 0 0 0 
0 0 0 0 0 0 0 0 
0 0 0 0 0 0 0 0 
0 0 0 0 0 0 0 0 
0 0 0 0 0 0 0 0 
0 0 0 0 0 0 0 0 
0 0 0 0 0 0 0 0 
0 0 0 0 0 0 0 0 
0 0 0 0 0 0 0 0 
0 0 0 0 0 0 0 0 
0 0 0 0 0 0 0 0 
0 0 0 0 0 0 0 0 
0 0 0 0 0 0 0 0 
0 0 0 0 0 0 0 0 
0 0 0 0 0 0 0 0 
0 0 0 0 0 0 0 0 
0 0 0 0 0 0 0 0 
0 0 0 0 0 0 0 0 
0 0 0 0 0 0 0 0 
0 0 0 0 0 0 0 0 
0 0 0 0 0 0 0 0 
0 0 0 0 0 0 0 0 
0.032906 0.954719 0.906796 0.754559 0.323177 0.602688 0.833507 0.744727 
0.291531 0.952721 0.818777 0.467349 0.553524 0.887738 0.965419 0.88623 
0.502222 0.76032 0.620003 0.485485 0.731274 0.947009 0.982036 0.930481 
0.641402 0.649729 0.850665 0.688179 0.646138 0.87047 0.955636 0.8478 
0.435175 0.859873 0.95526 0.906241 0.852059 0.901228 0.965955 0.883753 
0.487663 0.778729 0.853747 0.674393 0.585632 0.821385 0.887649 0.843532 
0.481894 0.292192 0.428016 0.206614 0.151121 0.382351 0.52067 0.598713 
0.666025 0.0386875 0.0806939 0.0310926 0.0365157 0.158575 0.478536 0.828078 
0.93622 0.0425738 0.130715 0.0888859 0.185718 0.435449 0.756275 0.948 
0.986973 0.279212 0.579904 0.468018 0.50514 0.782279 0.646277 0.833297 
0.936442 0.72386 0.907402 0.865307 0.829435 0.940834 0.797458 0.585478 
0.658005 0.903947 0.970317 0.921793 0.838311 0.930115 0.765127 0.668928 
0.358464 0.740555 0.916711 0.865553 0.814586 0.823539 0.710127 0.395341 
0.096488 0.618677 0.873295 0.952485 0.945292 0.845238 0.890004 0.625631 
0.204037 0.745842 0.938902 0.982806 0.967029 0.835098 0.68785 0.42413 
0.488964 0.835237 0.855673 0.94617 0.901833 0.637862 0.407984 0.655413 
0.883661 0.874866 0.744869 0.872496 0.927848 0.783868 0.677226 0.898529 
0.978622 0.974951 0.920494 0.938172 0.97569 0.931155 0.829486 0.945639 
0.992841 0.991476 0.974266 0.929781 0.949856 0.942437 0.839452 0.857439 
0.958248 0.977451 0.985298 0.953455 0.945604 0.97486 0.921893 0.731003 
0.823263 0.911014 0.94062 0.850054 0.834117 0.914678 0.767769 0.393187 
0.522482 0.617139 0.720993 0.695613 0.85775 0.788721 0.651907 0.239247 
0.343145 0.173549 0.475013 0.831325 0.955328 0.91868 0.790303 0.505694 
0.752924 0.0298867 0.187772 0.623894 0.901559 0.958164 0.928617 0.726197 
0.651264 0.00867284 0.0374752 0.227232 0.614224 0.825548 0.752548 0.630297 
0.879621 0.0771155 0.0264387 0.0458175 0.23779 0.548207 0.325819 0.232153 
0.563331 0.420803 0.199131 0.0753183 0.38147 0.774834 0.385324 0.115694 
0.116457 0.0884884 0.188288 0.0455629 0.20795 0.472161 0.129538 0.0557902 
0.0123785 0 0.623426 0 0.461947 0.167325 0.0645294 0.307675 
0 0 0.884334 0 0 0.0118388 0 0.723776 
0 0 0.964265 0.923129 0 0 0 0.625838 
0 0 0.935738 0.94927 0 0 0 0.858377 
0 0 0.819133 0.865704 0 0 0 0.945268 
0.900482 0 0.366063 0.485253 0 0 0 0.8907 
0.817017 0 0 0 0 0 0 0.843598 
0.931261 0 0 0 0 0 0 0.868403 
0.977865 0 0 0 0 0 0 0 
0.900546 0.925049 0 0 0 0 0 0 
0.48864 0.986017 0.881946 0 0 0 0 0 
0 0.945173 0 0 0 0 0 0 
0 0.896333 0 0 0 0 0 0 
0 0.949038 0 0 0 0 0 0 
0 0.823552 0 0 0 0 0 0 
0 0.235776 0 0 0 0.818596 0 0.850551 
0 0 0 0 0 0.57057 0 0.896667 
0 0 0 0 0.837999 0 0.890937 0.974578 
0.908838 0 0 0 0.946523 0.919119 0.846287 0.925554 
0.798615 0 0 0 0.911159 0.937939 0 0.692437 
0.64196 0 0 0 0.670689 0.814235 0 0.685734 
0.905292 0 0 0 0 0.369732 0 0.8412 
0.973167 0 0 0 0 0 0 0 
0.909185 0 0 0 0 0 0 0 
0.601132 0 0 0 0 0 0 0 
0 0 0 0.795936 0 0 0 0.746578 
0 0.281945 0 0.908737 0 0 0 0.911888 
0 0.237505 0 0.806014 0 0 0.866324 0.970874 
0.891915 0.663837 0 0.422971 0 0 0.706048 0.91145 
0.83307 0.936296 0.794008 0.47147 0 0 0 0.830763 
0.944177 0.985603 0.960561 0.779946 0 0 0.68506 0.937912 
0.983493 0.971425 0.97699 0.891763 0 0.649105 0.863429 0.95795 
0.944975 0.962099 0.936908 0.806661 0 0.802952 0.942572 0.902121 
0.745217 0.855801 0.82542 0.889252 0.780934 0.936746 0.98064 0.934837 
0.690184 0.558374 0.834867 0.744922 0.803893 0.887172 0.961054 0.867974 
0.463323 0.167944 0.51823 0.751517 0.934507 0.936618 0.968782 0.884239 
0.495324 0.0402437 0.244479 0.649742 0.892375 0.820583 0.877025 0.655951 
0.239503 0.0983503 0.451964 0.826001 0.948789 0.841926 0.621276 0.321734 
0.3363 0.313 0.65971 0.648668 0.825551 0.612743 0.428724 0.544129 
0.806846 0.738914 0.896493 0.674888 0.495192 0.523185 0.778478 0.877116 
0.95455 0.892202 0.84677 0.58996 0.456536 0.830189 0.947688 0.951653 
0.876452 0.984712 0.955337 0.854764 0.666696 0.88266 0.954135 0.89803 
0.663143 0.967198 0.983462 0.952879 0.883627 0.960267 0.981918 0.94419 
0.827452 0.961509 0.966936 0.956186 0.839296 0.876321 0.946044 0.908406 
0.940248 0.985131 0.951941 0.86692 0.656077 0.748861 0.884495 0.900265 
0.785044 0.959152 0.952057 0.850753 0.828806 0.900324 0.866238 0.738349 
0.404835 0.954226 0.978576 0.928935 0.806948 0.910805 0.960456 0.881909 
0.544772 0.808777 0.922166 0.814132 0.829802 0.959075 0.987216 0.957336 
0.781041 0.381908 0.645895 0.417565 0.563426 0.882456 0.962929 0.907696 
0.662854 0.242158 0.21264 0.0972784 0.224191 0.615289 0.879276 0.926112 
0.774479 0.686955 0.303905 0.176319 0.352475 0.620571 0.911286 0.973835 
0.94174 0.931057 0.686973 0.624728 0.753563 0.559642 0.766021 0.931892 
0.965013 0.937817 0.732937 0.796755 0.924966 0.749493 0.474198 0.693497 
0.828698 0.720164 0.375336 0.524822 0.802452 0.462702 0.140625 0.237728 
0.365302 0.277408 0.172372 0.526602 0.387158 0.111696 0.0336572 0.100473 
0.197214 0.461781 0.120639 0.302285 0.143098 0.0338287 0.136677 0.467207 
0.638731 0.0922353 0 0.646839 0.301875 0.11169 0.499882 0.854625 
0.934054 0 0.123594 0.338805 0.101526 0 0.753271 0.897239 
0.979551 0 0 0.5997 0.245236 0 0.881672 0 
0.913742 0 0 0.210653 0.3098 0 0.925144 0 
0.687022 0.908257 0 0 0 0 0.918023 0 
0 0.960653 0 0 0 0.894723 0.953954 0 
0 0.922819 0 0 0 0.92906 0.93365 0 
0 0.679603 0 0 0.815758 0.964252 0.940756 0 
0 0.143409 0 0 0.608209 0.868984 0.81583 0 
0 0 0 0.615831 0 0.714334 0.368057 0 
0 0 0 0.856811 0 0.271015 0 0 
0 0 0 0.619968 0 0 0.852877 0 
0 0 0 0.165925 0 0 0.813291 0 
0 0 0 0.0269618 0 0 0 0 
0 0 0.233718 0 0 0 0.882714 0 
0.882588 0 0.743497 0.749784 0 0 0.78036 0 
0 0.939812 0.969182 0.934551 0 0 0 0.896423 
0 0.956921 0.984517 0.951575 0 0 0 0.842152 
0 0.850121 0.941531 0.879007 0 0.83629 0 0.247166 
0 0.366714 0.717299 0.69466 0.865857 0.938069 0 0 
0 0.168593 0.273243 0.393551 0.656576 0.853513 0 0 
0 0.594437 0.315527 0.652316 0 0.5539 0 0.754527 
0 0.900525 0 0.884891 0 0.678324 0.8812 0 
0 0.967942 0.901627 0.97081 0.813784 0 0.874664 0 
0 0.988564 0.932258 0.925972 0 0.690923 0.636883 0 
0 0.979468 0.847493 0.740003 0 0.876059 0 0 
0 0.913535 0 0.22973 0 0.800405 0 0 
0 0.940141 0.788457 0 0 0.391677 0 0 
0 0.926072 0 0 0 0 0.810681 0 
0 0.97552 0.810699 0 0 0.815883 0.932426 0 
0 0.93216 0.820116 0 0.848941 0 0.821013 0 
0 0.800744 0.923295 0 0.919628 0 0.513335 0 
0 0.487821 0.818987 0 0.852538 0 0.511995 0 
0 0 0.760421 0 0.520339 0 0.825787 0 
0 0 0.497266 0 0.144953 0 0.858534 0 
0 0 0.772442 0 0 0 0.917221 0 
0 0.711008 0.92407 0 0 0 0.839072 0 
0 0.80996 0.934007 0.737063 0 0.749791 0.600324 0 
0 0.953527 0.909161 0.850178 0 0.708985 0.464956 0.517107 
0 0.81445 0.620414 0.683732 0.778051 0.926142 0.806206 0.888584 
0.857204 0.339585 0.548167 0.864492 0.947879 0.981295 0.953422 0.934115 
0.969981 0 0.819895 0.959314 0.969986 0.971663 0.969968 0.922857 
0.931612 0 0.890917 0.962109 0.991614 0.971725 0.980115 0.954614 
0.839186 0.832615 0.96227 0.943571 0.966359 0.902357 0.913698 0.834949 
0.750335 0.972441 0.947404 0.930754 0.965188 0.796315 0.647284 0.406176 
0.266227 0.906421 0.776329 0.83403 0.900681 0.68536 0.302219 0.0878656 
0.0724175 0.652201 0.717933 0.900033 0.793594 0.817657 0.371678 0 
0 0.832804 0.767141 0.952816 0.825751 0.932001 0.6377 0.580702 
0.876191 0.948256 0.736853 0.876809 0.594738 0.786933 0.337074 0 
0.503599 0.821808 0.399366 0.516942 0.182254 0.270707 0 0 
0 0.595819 0.163193 0.0993783 0.0259448 0.0283963 0 0 
0 0.869805 0.3855 0.0617498 0.0896819 0.00718059 0 0 
0 0.956959 0.614712 0.178103 0.545442 0 0 0 
0 0.856165 0 0 0.889303 0 0 0 
0 0.360192 0 0 0.708875 0 0 0 
0.359207 0.124596 0 0 0.179557 0 0 0 
0.575082 0 0 0 0 0 0 0.71896 
0.909007 0 0 0 0 0 0 0.928038 
0.983412 0 0 0 0 0 0 0.953186 
0.974851 0.627418 0 0 0 0 0 0.923573 
0.978077 0.949591 0 0 0.907945 0.895333 0 0.807021 
0.893673 0.917029 0 0 0.78422 0.709765 0 0.274885 
0.504099 0.667456 0 0 0.262173 0.485365 0 0 
0.0901427 0.361854 0 0 0 0.842956 0 0 
0 0.747686 0 0.860809 0 0.698132 0 0 
0 0.935052 0 0.741185 0 0.179213 0 0 
0 0.878882 0.940522 0.642041 0.437207 0 0.869073 0 
0 0.466733 0.886347 0 0.735176 0 0.932576 0 
0 0 0.597712 0 0.898609 0 0.923718 0 
0.840521 0 0.105023 0 0.912461 0 0.933783 0 
0.701744 0 0 0 0.907925 0.931229 0.926701 0 
0 0 0 0 0.66611 0.81357 0.729397 0 
0 0 0 0 0.261505 0.651121 0.331773 0 
0 0 0.835169 0 0 0.867521 0 0.676616 
0 0 0.280616 0 0 0.926376 0 0.890655 
0 0.916526 0 0 0 0.879972 0 0.932079 
0 0.820843 0 0 0.876797 0.796397 0 0.923451 
0 0.331393 0 0 0.585843 0.484637 0 0.931406 
0 0 0 0 0 0 0 0.886251 
0 0 0 0 0 0 0 0.717919 
0 0 0 0 0 0 0 0.802215 
0 0 0 0 0.698829 0 0 0.356315 
0 0 0 0.915085 0.942685 0 0 0 
0 0 0 0.93598 0.916615 0 0 0 
0 0 0 0.95181 0.863612 0.91563 0 0 
0 0.905354 0 0.901859 0 0.910438 0 0 
0 0.74206 0 0.801245 0 0.929251 0 0 
0 0.71281 0 0.867242 0 0.886356 0 0 
0 0.931817 0 0.488141 0 0.538449 0 0 
0 0.763405 0 0 0 0 0 0 
0 0 0 0 0 0 0 0 
0 0 0 0 0 0 0 0 
0 0 0 0 0 0 0 0 
0 0 0 0 0 0 0 0 
0 0 0 0 0 0 0 0 
0 0 0 0 0 0 0 0 
0 0 0 0 0 0 0 0 
0 0 0 0 0 0 0 0 
