0 0 0 0 0 0 0 0 
0 0 0 0 0 0 0 0 
0 0 0 0 0 0 0 0 
0 0 0 0 0 0 0 0 
0 0 0 0 0 0 0 0 
0 0 0 0 0 0 0 0 
0 0 0 0 0 0 0 0 
0 0 0 0 0 0 0 0 
0 0 0 0 0 0 0 0 
0 0 0 0 0 0 0 0 
0 0 0 0 0 0 0 0 
0 0 0 0 0 0 0 0 
0 0 0 0 0 0 0 0 
0 0 0 0 0 0 0 0 
0 0 0 0 0 0 0 0 
0 0 0 0 0 0 0 0 
0 0 0 0 0 0 0 0 
0 0 0 0 0 0 0 0 
0 0 0 0 0 0 0 0 
0 0 0 0 0 0 0 0 
0 0 0 0 0 0 0 0 
0 0 0 0 0 0 0 0 
0 0 0 0 0 0 0 0 
0 0 0 0 0 0 0 0 
0 0 0 0 0 0 0 0 
0 0 0 0 0 0 0 0 
0 0 0 0 0 0 0 0 
0 0 0 0 0 0 0 0 
0 0 0 0 0 0 0 0 
0 0 0 0 0 0 0 0 
0 0 0 0 0 0 0 0 
0 0 0 0 0 0 0 0 
0 0 0 0 0 0 0 0 
0 0 0 0 0 0 0 0 
0 0 0 0 0 0 0 0 
0 0 0 0 0 0 0 0 
0 0 0 0 0 0 0 0 
0 0 0 0 0 0 0 0 
0 0 0 0 0 0 0 0 
0 0 0 0 0 0 0 0 
0 0 0 0 0 0 0 0 
0 0 0 0 0 0 0 0 
0 0 0 0 0 0 0 0 
0 0 0 0 0 0 0 0 
0 0 0 0 0 0 0 0 
0 0 0 0 0 0 0 0 
0 0 0 0 0 0 0 0 
0 0 0 0 0 0 0 0 
0 0 0 0 0 0 0 0 
0 0 0 0 0 0 0 0 
0 0 0 0 0 0 0 0 
0 0 0 0 0 0 0 0 
0 0 0 0 0 0 0 0 
0 0 0 0 0 0 0 0 
0 0 0 0 0 0 0 0 
0 0 0 0 0 0 0 0 
0 0 0 0 0 0 0 0 
0 0 0 0 0 0 0 0 
0 0 0 0 0 0 0 0 
0 0 0 0 0 0 0 0 
0 0 0 0 0 0 0 0 
0 0 0 0 0 0 0 0 
0 0 0 0 0 0 0 0 
0 0 0 0 0 0 0 0 
0 0 0 0 0 0 0 0 
0 0 0 0 0 0 0 0 
0 0 0 0 0 0 0 0 
0 0 0 0 0 0 0 0 
0.912672 0.954435 0.954747 0.954099 0.953564 0.951373 0.958263 0.955777 
0.996675 0.998801 0.998805 0.998802 0.998824 0.998689 0.998898 0.998839 
0.999886 0.999968 0.999969 0.999969 0.999968 0.999966 0.999971 0.99997 
0.999998 0.999999 0.999999 0.999999 0.999999 0.999999 0.999999 0.999999 
1 1 1 1 1 1 1 1 
1 1 1 1 1 1 1 1 
1 1 1 1 1 1 1 1 
1 1 1 1 1 1 1 1 
1 1 1 1 1 1 1 1 
1 1 1 1 1 1 1 1 
1 1 1 1 1 1 1 1 
1 1 1 1 1 1 1 1 
1 1 1 1 1 1 1 1 
1 1 1 1 1 1 1 1 
1 1 1 1 1 1 1 1 
1 1 1 1 1 1 1 1 
1 1 1 1 1 1 1 1 
1 1 1 1 1 1 1 1 
1 1 1 1 1 1 1 1 
1 1 1 1 1 1 1 1 
1 1 1 1 1 1 1 1 
1 1 1 1 1 1 1 1 
1 1 1 1 1 1 1 1 
1 1 1 1 1 1 1 1 
1 1 1 1 1 1 1 1 
1 0.999981 0.999997 0.99999 0.999999 1 0.999999 0.999998 
0.999981 0.999287 0.999902 0.999405 0.999951 0.999995 0.999981 0.999947 
0.999287 0.972968 0.99732 0.974284 0.998301 0.999873 0.999301 0.998618 
0.972968 0 0.945925 0 0.947388 0.998652 0.973594 0.972309 
0 0 0.945301 0 0 0.919006 0 0.945221 
0 0 0.971994 0.946103 0 0 0 0.944505 
0 0 0.972287 0.97242 0 0 0 0.945289 
0 0 0.97149 0.971524 0 0 0 0.974615 
0.97295 0 0.945205 0.945207 0 0 0 0.97299 
0.998631 0 0 0 0 0 0 0.972279 
0.999313 0 0 0 0 0 0 0.94669 
0.997996 0 0 0 0 0 0 0 
0.973223 0.947401 0 0 0 0 0 0 
0.946792 0.995988 0.918979 0 0 0 0 0 
0 0.973593 0 0 0 0 0 0 
0 0.973003 0 0 0 0 0 0 
0 0.97297 0 0 0 0 0 0 
0 0.972297 0 0 0 0 0 0 
0 0.946745 0 0 0 0.916752 0 0.917487 
0 0 0 0 0 0.916664 0 0.945132 
0 0 0 0 0.91824 0 0.946649 0.996571 
0.972967 0 0 0 0.970776 0.972273 0.972236 0.99854 
0.999274 0 0 0 0.97158 0.975569 0 0.973626 
0.999371 0 0 0 0.945904 0.97023 0 0.972293 
0.999243 0 0 0 0 0.918285 0 0.946689 
0.997969 0 0 0 0 0 0 0 
0.972955 0 0 0 0 0 0 0 
0.946764 0 0 0 0 0 0 0 
0 0 0 0.917445 0 0 0 0.917487 
0 0.946807 0 0.943682 0 0 0 0.945131 
0 0.973247 0 0.944433 0 0 0.94592 0.996537 
0.972968 0.973702 0 0.945186 0 0 0.945957 0.997897 
0.999259 0.998679 0.973589 0.97156 0 0 0 0.974282 
0.999337 0.999933 0.998644 0.972923 0 0 0.94744 0.99804 
0.999935 0.999989 0.999299 0.972988 0 0.946702 0.997331 0.999884 
0.999995 0.999983 0.999323 0.973645 0 0.973039 0.999264 0.999979 
1 0.999998 0.999951 0.998697 0.974336 0.998781 0.999955 0.999998 
1 1 0.999998 0.999991 0.999357 0.999958 0.999998 1 
1 1 1 0.999999 0.999984 0.999999 1 1 
1 1 1 1 1 1 1 1 
1 1 1 1 1 1 1 1 
1 1 1 1 1 1 1 1 
1 1 1 1 1 1 1 1 
1 1 1 1 1 1 1 1 
1 1 1 1 1 1 1 1 
1 1 1 1 1 1 1 1 
1 1 1 1 1 1 1 1 
1 1 1 1 1 1 1 1 
1 1 1 1 1 1 1 1 
1 1 1 1 1 1 1 1 
1 1 1 1 1 1 1 1 
1 1 1 1 1 1 1 1 
1 1 1 1 1 1 1 1 
1 1 1 1 1 1 1 1 
1 1 1 1 1 1 1 1 
1 1 1 1 1 1 1 1 
1 0.999999 0.999987 0.999999 1 1 1 1 
1 0.999947 0.999432 0.99996 0.999997 0.999985 0.999998 0.999999 
1 0.998183 0.975308 0.998766 0.999905 0.999355 0.99995 0.999981 
0.999998 0.947466 0 0.974217 0.998046 0.974313 0.998645 0.999305 
0.999949 0 0.918978 0.995959 0.973502 0 0.972238 0.973624 
0.998662 0.917247 0 0.972208 0.971541 0 0.945206 0 
0.972973 0 0 0.947499 0.945301 0 0.944475 0 
0.946764 0.946765 0 0 0 0 0.945167 0 
0 0.972299 0 0 0 0.945964 0.970817 0 
0 0.972956 0 0 0 0.972454 0.972223 0 
0 0.972326 0 0 0.945952 0.997336 0.972905 0 
0 0.946751 0 0 0.945966 0.99741 0.972905 0 
0 0 0 0.917452 0 0.971462 0.971014 0.918267 
0 0 0 0.943682 0 0.918347 0 0 
0 0 0 0.944391 0 0 0.917173 0 
0 0 0 0.943684 0 0 0.916695 0 
0 0 0 0.917465 0 0 0 0 
0 0 0.91832 0 0 0 0.920018 0 
0.919096 0 0.972182 0.946011 0 0 0.916758 0 
0 0.972968 0.999822 0.972245 0 0 0 0.917423 
0 0.999287 0.999259 0.972967 0 0 0 0.943024 
0 0.999965 0.99932 0.973661 0 0.91824 0 0.922894 
0 0.999996 0.999948 0.999204 0.972911 0.970794 0 0 
0 0.99995 0.999302 0.998595 0.972915 0.971495 0 0 
0 0.998696 0.973626 0.972274 0 0.945186 0 0.888868 
0 0.974337 0 0.946616 0 0.944454 0.944433 0 
0 0.998709 0.974197 0.995313 0.918959 0 0.944433 0 
0 0.999886 0.998024 0.973467 0 0.944432 0.944433 0 
0 0.998691 0.973555 0.970862 0 0.944412 0 0 
0 0.974285 0 0.918242 0 0.943686 0 0 
0 0.996707 0.919381 0 0 0.917478 0 0 
0 0.974286 0 0 0 0 0.919916 0 
0 0.998868 0.946708 0 0 0.918181 0.968814 0 
0 0.999254 0.972275 0 0.917445 0 0.947189 0 
0 0.998626 0.972895 0 0.943682 0 0.944589 0 
0 0.972949 0.971542 0 0.944408 0 0.945021 0 
0 0 0.945194 0 0.943826 0 0.944484 0 
0 0 0.944617 0 0.917464 0 0.944437 0 
0 0 0.948649 0 0 0 0.944457 0 
0 0.972967 0.972301 0 0 0 0.945188 0 
0 0.999271 0.997933 0.946706 0 0.947281 0.971551 0 
0 0.999961 0.999268 0.972953 0 0.972952 0.997287 0.947381 
0 0.999287 0.999898 0.998682 0.97438 0.998682 0.999849 0.997999 
0.972968 0.972968 0.998659 0.999903 0.99936 0.999951 0.999994 0.999932 
0.999288 0 0.973664 0.999342 0.999969 0.999998 1 0.999998 
0.999981 0 0.973672 0.99949 0.999988 1 1 1 
0.999999 0.972968 0.998663 0.999982 0.999999 1 0.999999 0.999983 
0.999982 0.999287 0.999975 0.999998 1 0.999998 0.999969 0.999326 
0.999386 0.999981 0.999999 1 0.999998 0.999951 0.998697 0.973758 
0.977064 1 1 1 0.999984 0.999351 0.97427 0 
0 1 1 1 0.999994 0.999853 0.996732 0.947123 
0.972214 1 1 0.999998 0.999933 0.998015 0.947367 0 
0.972251 1 0.999999 0.999982 0.999318 0.973609 0 0 
0.946613 0.999998 0.999988 0.999968 0.999237 0.972292 0 0 
0 0.999956 0.999643 0.999298 0.997933 0.946688 0 0 
0 0.998681 0.97369 0.973488 0.972242 0 0 0 
0 0.973645 0 0 0.945185 0 0 0 
0 0.972314 0 0 0.943703 0 0 0 
0.946768 0.946746 0 0 0.917445 0 0 0 
0.972975 0 0 0 0 0 0 0.946784 
0.998611 0 0 0 0 0 0 0.973662 
0.999327 0 0 0 0 0 0 0.973036 
0.999313 0.946752 0 0 0 0 0 0.972953 
0.999289 0.972305 0 0 0.945324 0.945209 0 0.972275 
0.999227 0.973064 0 0 0.97669 0.971565 0 0.946671 
0.997327 0.975743 0 0 0.946999 0.970859 0 0 
0.947437 0.973081 0 0 0 0.945201 0 0 
0 0.973007 0 0.917561 0 0.94371 0 0 
0 0.973661 0 0.944428 0 0.917446 0 0 
0 0.998289 0.972855 0.970791 0.945194 0 0.917543 0 
0 0.972952 0.971521 0 0.94475 0 0.94858 0 
0 0 0.944436 0 0.944483 0 0.94453 0 
0.946018 0 0.917467 0 0.945189 0 0.94519 0 
0.946019 0 0 0 0.971578 0.973761 0.971591 0 
0 0 0 0 0.972202 0.997882 0.972229 0 
0 0 0 0 0.94663 0.995921 0.946744 0 
0 0 0.916657 0 0 0.945865 0 0.917466 
0 0 0.916652 0 0 0.944493 0 0.943855 
0 0.949794 0 0 0 0.945146 0 0.944507 
0 0.971706 0 0 0.945146 0.970075 0 0.951067 
0 0.946753 0 0 0.944473 0.94515 0 0.944537 
0 0 0 0 0 0 0 0.953332 
0 0 0 0 0 0 0 0.944441 
0 0 0 0 0 0 0 0.943682 
0 0 0 0 0.920947 0 0 0.917445 
0 0 0 0.945898 0.970196 0 0 0 
0 0 0 0.971501 0.972125 0 0 0 
0 0 0 0.971466 0.971482 0.945184 0 0 
0 0.946844 0 0.945186 0 0.944453 0 0 
0 0.975558 0 0.944434 0 0.944413 0 0 
0 0.973079 0 0.943682 0 0.943683 0 0 
0 0.972972 0 0.917445 0 0.917445 0 0 
0 0.972294 0 0 0 0 0 0 
0 0.946731 0 0 0 0 0 0 
0 0 0 0 0 0 0 0 
0 0 0 0 0 0 0 0 
0 0 0 0 0 0 0 0 
0 0 0 0 0 0 0 0 
0 0 0 0 0 0 0 0 
0 0 0 0 0 0 0 0 
0 0 0 0 0 0 0 0 
