0 0 0 0 0 0 0 0 
0 0 0 0 0 0 0 0 
0 0 0 0 0 0 0 0 
0 0 0 0 0 0 0 0 
0 0 0 0 0 0 0 0 
0 0 0 0 0 0 0 0 
0 0 0 0 0 0 0 0 
0 0 0 0 0 0 0 0 
0 0 0 0 0 0 0 0 
0 0 0 0 0 0 0 0 
0 0 0 0 0 0 0 0 
0 0 0 0 0 0 0 0 
0 0 0 0 0 0 0 0 
0 0 0 0 0 0 0 0 
0 0 0 0 0 0 0 0 
0 0 0 0 0 0 0 0 
0 0 0 0 0 0 0 0 
0 0 0 0 0 0 0 0 
0 0 0 0 0 0 0 0 
0 0 0 0 0 0 0 0 
0 0 0 0 0 0 0 0 
0 0 0 0 0 0 0 0 
0 0 0 0 0 0 0 0 
0 0 0 0 0 0 0 0 
0 0 0 0 0 0 0 0 
0 0 0 0 0 0 0 0 
0 0 0 0 0 0 0 0 
0 0 0 0 0 0 0 0 
0 0 0 0 0 0 0 0 
0 0 0 0 0 0 0 0 
0 0 0 0 0 0 0 0 
0 0 0 0 0 0 0 0 
0 0 0 0 0 0 0 0 
0 0 0 0 0 0 0 0 
0 0 0 0 0 0 0 0 
0 0 0 0 0 0 0 0 
0 0 0 0 0 0 0 0 
0 0 0 0 0 0 0 0 
0 0 0 0 0 0 0 0 
0 0 0 0 0 0 0 0 
0 0 0 0 0 0 0 0 
0 0 0 0 0 0 0 0 
0 0 0 0 0 0 0 0 
0 0 0 0 0 0 0 0 
0 0 0 0 0 0 0 0 
0 0 0 0 0 0 0 0 
0 0 0 0 0 0 0 0 
0 0 0 0 0 0 0 0 
0 0 0 0 0 0 0 0 
0 0 0 0 0 0 0 0 
0 0 0 0 0 0 0 0 
0 0 0 0 0 0 0 0 
0 0 0 0 0 0 0 0 
0 0 0 0 0 0 0 0 
0 0 0 0 0 0 0 0 
0 0 0 0 0 0 0 0 
0 0 0 0 0 0 0 0 
0 0 0 0 0 0 0 0 
0 0 0 0 0 0 0 0 
0 0 0 0 0 0 0 0 
0 0 0 0 0 0 0 0 
0 0 0 0 0 0 0 0 
0 0 0 0 0 0 0 0 
0 0 0 0 0 0 0 0 
0 0 0 0 0 0 0 0 
0 0 0 0 0 0 0 0 
0 0 0 0 0 0 0 0 
0 0 0 0 0 0 0 0 
2.20212e-05 0.580403 0.155879 0.0140037 0.0011779 0.00691237 0.0507775 0.0299745 
0.00106526 0.17903 0.0292086 0.00247765 0.00482942 0.0667725 0.357338 0.0621972 
0.00432681 0.0172755 0.00605106 0.00155969 0.0182144 0.205774 0.546273 0.140517 
0.0125348 0.00810935 0.0551115 0.00995214 0.00574605 0.0375544 0.187797 0.0320165 
0.00242712 0.0553137 0.332779 0.101675 0.0563553 0.066991 0.384479 0.0653503 
0.00431172 0.0304415 0.0556184 0.00987803 0.00505192 0.0457651 0.0657071 0.0576239 
0.00356633 0.00107936 0.00368619 0.000527128 0.00019049 0.00214624 0.00440245 0.00508881 
0.00973712 2.90597e-05 0.000167778 2.30751e-05 1.51866e-05 0.000236572 0.00283331 0.0321054 
0.122782 5.40564e-05 0.000388531 0.000106068 0.000215461 0.00275397 0.023699 0.240616 
0.776128 0.00112894 0.00795854 0.00315731 0.0034158 0.029585 0.00589506 0.032201 
0.122934 0.015557 0.100249 0.0571215 0.0329845 0.237968 0.0302271 0.00418751 
0.00966253 0.0981684 0.455841 0.101809 0.0257962 0.168901 0.018348 0.0231729 
0.00103411 0.0157277 0.101015 0.0327985 0.0186229 0.0330489 0.0129556 0.00158765 
7.46235e-05 0.00386534 0.0402204 0.180192 0.174291 0.0287139 0.125625 0.0112865 
0.000606603 0.0180458 0.169302 0.587764 0.31046 0.0368196 0.0131845 0.00142093 
0.00357661 0.0436174 0.0341003 0.170911 0.0595466 0.0061496 0.00127619 0.00724109 
0.058952 0.0392614 0.00934535 0.0350963 0.116138 0.0195505 0.00621556 0.0676519 
0.413345 0.329617 0.0712673 0.118762 0.488266 0.121143 0.0263732 0.172395 
0.645754 0.643916 0.292614 0.0636415 0.130724 0.124535 0.0224271 0.0336766 
0.194042 0.302175 0.594616 0.17463 0.129968 0.479552 0.133847 0.0126827 
0.0331082 0.0849429 0.1684 0.0329831 0.0234929 0.108906 0.0186795 0.00149452 
0.00121335 0.00536418 0.016419 0.00857594 0.0481814 0.0170794 0.0131075 0.000247986 
0.001212 0.000334651 0.00384652 0.0468271 0.307275 0.0841391 0.022358 0.00290214 
0.0327642 2.37691e-05 0.000479594 0.00816219 0.0831118 0.285836 0.180836 0.0175992 
0.00795496 1.33168e-06 3.24842e-05 0.00062296 0.00758629 0.0402069 0.0196383 0.00770648 
0.0909978 1.85989e-07 2.4003e-06 3.41275e-05 0.000555423 0.00544591 0.00113876 0.000496844 
0.00647564 4.1864e-06 2.99911e-05 8.92276e-05 0.00306561 0.0545769 0.00308257 0.000100848 
0.000221436 9.20434e-05 0.000731607 0.000125906 0.000278121 0.00305511 0.000170156 5.3896e-05 
7.23983e-06 0 0.0135843 0 0.0129975 0.000195814 0.000104206 0.00207885 
9.94694e-05 0 0.146869 0 0 0 0.00211107 0.0435644 
0.00211574 0 0.543425 0.266157 0 0 0 0.00949574 
0 0 0.203642 0.403525 0 0 0 0.0945341 
0 0 0.0436284 0.0764201 0 0 0 0.440723 
0.11871 0 0.00189315 0.00547666 0 0 0 0.0947645 
0.0215777 0 0 0 0 0 0 0.0408407 
0.0991759 0 0 0 0 0 0 0.0886471 
0.514062 0 0 0 0 0 0 0 
0.0983652 0.211232 0 0 0 0 0 0 
0.00209066 0.649719 0.183591 0 0 0 0 0 
0 0.213741 0 0 0 0 0 0 
0 0.0591381 0 0 0 0 0 0 
0 0.285362 0 0 0 0 0 0 
0 0.0385372 0 0 0 0 0 0 
0 0 0 0 0 0.10786 0 0.123591 
0 0 0 0 0 0.0112878 0 0.144878 
0 0 0 0 0.0867259 0.0284812 0.138715 0.52781 
0.136876 0 0 0 0.426074 0.129027 0.0360808 0.138801 
0.0246775 0 0 0 0.1271 0.31346 0 0.0155583 
0.00715248 0 0 0 0.0123913 0.0477323 0 0.0107139 
0.0781674 0 0 0 0.000674835 0.00319907 0 0.0693966 
0.420074 0 5.80842e-07 0 2.63486e-05 0.000146489 0.000407607 0 
0.114189 0 1.70639e-05 0 1.71773e-05 6.62045e-06 0 0 
0.00718931 0 0.000446359 0.00359807 0 3.76107e-05 0 0 
0.000408452 0.000446659 0 0.0540804 0 0.000621783 0 0.0331306 
0 0.00361285 0.0541227 0.329756 0 0.00529555 0 0.280088 
0.0403965 0.000947678 0.00723123 0.0541482 0 0.00839285 0.099584 0.461966 
0.100229 0.0107899 0.00221512 0.00375232 0.00049998 0.00116874 0.0157145 0.100217 
0.0254729 0.129148 0.0260678 0.0026034 0.000168047 0.000165586 0.0027007 0.0283868 
0.132073 0.54121 0.195687 0.0241626 0.00160173 0.000881827 0.0131391 0.140769 
0.544006 0.207314 0.462993 0.0998346 0.00828025 0.0163313 0.0433948 0.255334 
0.14085 0.217078 0.129116 0.0238881 0.00393767 0.0273649 0.15111 0.0561272 
0.0145695 0.0452568 0.021408 0.0968889 0.0220803 0.149341 0.56068 0.149891 
0.0143528 0.00546081 0.0647913 0.0134158 0.0232817 0.0406794 0.221742 0.0368601 
0.00286202 0.000301276 0.00498213 0.0207391 0.172582 0.127328 0.38778 0.0707961 
0.00508434 2.58604e-05 0.000577488 0.00772006 0.0649124 0.0194405 0.0700268 0.00990025 
0.000709679 0.000168179 0.00345909 0.0458002 0.301271 0.0464751 0.00788137 0.000963873 
0.00157167 0.00125489 0.0131542 0.00687064 0.045824 0.00589456 0.00181638 0.00424117 
0.0291471 0.0159198 0.136702 0.0132507 0.00358023 0.00297109 0.0236895 0.0521747 
0.240847 0.0551039 0.032059 0.00383612 0.00198906 0.0421131 0.206041 0.224873 
0.0512495 0.354818 0.187702 0.0430273 0.00623289 0.0440784 0.173996 0.0546054 
0.00711064 0.193521 0.551714 0.17132 0.043712 0.266087 0.567987 0.158837 
0.0306576 0.144003 0.184893 0.246215 0.0315403 0.0435351 0.159422 0.0518817 
0.175284 0.540543 0.137625 0.0384872 0.00559827 0.0125006 0.0604154 0.10245 
0.0238706 0.142955 0.152201 0.0282395 0.0425378 0.0995811 0.0384546 0.0130144 
0.00170989 0.191246 0.53357 0.136851 0.0188129 0.0630964 0.26223 0.0559663 
0.00491705 0.0276889 0.136689 0.0256676 0.0304919 0.261979 0.713203 0.261722 
0.0285723 0.00202985 0.0122279 0.00217081 0.00503478 0.0557786 0.262426 0.0637386 
0.00617492 0.000588538 0.000681685 0.000126409 0.000511055 0.00614272 0.0451149 0.110031 
0.0189036 0.0124467 0.000984948 0.000196393 0.00179067 0.00904734 0.107223 0.46626 
0.131111 0.14689 0.0122617 0.00316433 0.0252161 0.00400315 0.0188113 0.131593 
0.269705 0.166151 0.0159556 0.0257511 0.209845 0.0252318 0.00278047 0.0119378 
0.0343529 0.015389 0.0013928 0.00331263 0.0448636 0.00312611 0.000213764 0.000611926 
0.00191685 0.000671621 0.000200091 0.0139199 0.00193072 0.000149799 1.66715e-05 0.000129676 
0.000510377 1.94577e-05 3.54371e-05 0.00110842 8.55206e-05 1.4983e-05 0.000210468 0.00336232 
0.00921076 1.67105e-05 0.000964948 0.0285886 0.000975165 0.000199515 0.00397302 0.0601588 
0.114852 2.93632e-06 4.63424e-05 0.00148213 0.000161298 0.00138897 0.0202169 0.103794 
0.507704 0 0.000552133 0.0213147 0.00136331 0 0.134383 0 
0.115316 0 0.00057056 0.000623183 0.00578327 0 0.407614 0 
0.0147839 0.144515 0 0.000876771 0.00178733 0 0.227346 0 
0 0.585867 0 0.0054351 0.0114834 0.127854 0.501327 0 
0 0.144897 0 0.0014656 0.0157974 0.159656 0.157809 0 
0 0.0120631 0.000267106 0.00354806 0.0536625 0.346881 0.291374 0 
0 0 1.82866e-05 0.00107212 0.00699609 0.0561303 0.0405538 0 
0 0 0.000218711 0.0141869 0 0.0315241 0 0 
0 0 0 0.14465 0 0.00189139 0 0 
0 0 0 0.0141682 0 0 0.143356 0 
0 0 0 0.00064552 0 0 0.0775331 0 
0 0 4.56688e-05 7.07366e-05 0 0 0 0 
0 0 0.00114262 0.001407 0.0014098 0 0.284824 0 
0.186089 0 0.0206018 0.0259157 0 0 0.0475527 0 
0 0.21615 0.207521 0.237689 0 0.00326835 0 0.427734 
0 0.189484 0.599665 0.380436 0 0.00852502 0 0.0897311 
0 0.0345852 0.177251 0.0686608 0 0.0869608 0 0 
0 0 0.0176618 0.0104164 0.0737532 0.386986 0 0 
0 0.000384714 0.00113135 0.00169653 0.0107565 0.0733308 0 0 
0 0.00706706 0.00215647 0.0136772 0 0.0068475 0 0.0672322 
0 0.104385 0 0.146763 0 0.0181106 0.163159 0 
0 0.212703 0.069481 0.539225 0.0581216 0.0208889 0.146038 0 
0 0.655126 0.0788197 0.19657 0 0.019098 0.0114095 0 
0 0.46367 0.038555 0.0190159 0 0.16492 0 0 
0 0.0742046 0 0.00123331 0 0.0593477 0 0 
0 0.128191 0.0575928 0.00296177 0 0.00341249 0.00434847 0 
0 0.111782 0 0.000661907 0.000916568 0.00839674 0.062177 0.048549 
0 0.486644 0.0384001 0.00419537 0.0116249 0.0612666 0.352714 0.0620873 
0.00296674 0.104109 0.0263442 0 0.0931727 0.0184771 0.0611945 0.00831051 
0.000455707 0.0226358 0.298506 0 0.400033 0 0.00745333 0 
3.94855e-05 0.00405593 0.0448233 0.00742365 0.0925864 0.0106577 0.00650622 0.000438848 
1.66582e-05 0.00239907 0.047217 0.00297781 0.0075086 0.00548452 0.0819098 0 
0.000214526 0.000249526 0.0045116 0.000322936 0.000922423 0.00801326 0.0791638 0.00815245 
0.000576316 0.00168673 0.0375399 0.00197212 0.00246765 0.0226749 0.388686 0.0235121 
0.00247782 0.0140147 0.272264 0.0143116 0.00199666 0.00997803 0.0742327 0.00371107 
0.000344108 0.0179051 0.165894 0.0116896 0.00295838 0.0462007 0.00774149 0.000707336 
0.00011378 0.247753 0.0858791 0.0770263 0.0066402 0.0163465 0.00212752 0.00656304 
0.00303061 0.0310353 0.00473344 0.00854461 0.0127815 0.149729 0.0149672 0.0909988 
0.0494675 0.00173472 0.00291044 0.0479537 0.165099 0.55456 0.168301 0.0956721 
0.329555 0.00120952 0.0381646 0.266513 0.204925 0.195288 0.244022 0.0550641 
0.103518 0.00272836 0.0739873 0.189824 0.538434 0.24109 0.466681 0.248047 
0.0324189 0.0250385 0.346203 0.0957134 0.2203 0.0518139 0.0982637 0.0341744 
0.028508 0.416673 0.12396 0.0893782 0.405314 0.0158057 0.0107337 0.00224812 
0.000849584 0.0763883 0.0146121 0.0187036 0.0777547 0.0110758 0.00117522 0.000136652 
0.000114842 0.00724436 0.00913792 0.0858427 0.0190153 0.0389307 0.00110657 0.000490853 
0.00282986 0.0332644 0.0108122 0.416006 0.0158533 0.268343 0.0057724 0.00866853 
0.11068 0.252774 0.0061855 0.0844177 0.00229338 0.037641 0.000775687 0.000247605 
0.00279488 0.0318895 0.000742028 0.00651205 0.000135481 0.000675715 1.38336e-05 3.41958e-06 
3.40159e-05 0.0051331 9.31169e-05 7.82006e-05 1.63608e-06 5.88617e-06 1.22351e-07 3.05018e-08 
2.66776e-07 0.0539048 0.000680106 3.66867e-06 4.99991e-06 4.84473e-08 7.06168e-10 1.94195e-10 
1.04629e-09 0.346022 0.00122585 4.63419e-06 0.00172027 4.98062e-06 9.54561e-09 2.39217e-11 
4.48027e-10 0.0537461 0.000137531 0 0.290724 0 2.8925e-11 3.68154e-09 
1.74379e-07 0.000541735 6.10218e-07 0 0.0224547 0 3.69744e-09 1.04613e-06 
4.58117e-05 1.57151e-06 0 0 0 0 4.71661e-07 0.000183967 
0.00620976 0 0 0 0 0 3.7547e-07 0.0142351 
0.0801708 0 0 0 0 0 0 0.17441 
0.536621 0 0 0 0 0 0 0.41462 
0.218523 0 0 0 0 0 0 0.140964 
0.39367 0.535508 0 0 0.273942 0.20288 0 0.0422183 
0.0660871 0.128846 0 0 0.0360492 0.0145271 0 0 
0.0044168 0.0108041 0 0 0 0 0 0 
0.000149202 0.00143514 0 0 0 0.207078 0 0 
0 0.0162944 0 0.178945 0 0.0251984 0 0 
0 0.272489 0 0.0286793 0 0 0 0 
0 0.0472286 0.596417 0 0.00561879 0 0.14477 0 
0 0 0.131314 0 0.0287968 0 0.544478 0 
0 0 0.0118294 0 0.214488 0 0.274249 0 
0.0739985 0 0.000771834 0 0.190707 0 0.573896 0 
0.0200992 0 0 0 0.139272 0.241709 0.187855 0 
0.00043443 0 0 0 0.0118798 0.0307287 0.0192121 0 
0 0 0 0 0.000743466 0.0105549 0.00189003 0.000592483 
0 0 0.151659 0 0 0.108149 0.00461698 0.0163941 
0 0.0119563 0.00626786 0 0.0217567 0.532167 0 0.164262 
0 0.274481 0 0.000403166 0 0.11237 0.0270087 0.554246 
0.0234917 0.0371065 0.0012867 0 0.186819 0.0312997 0.0108123 0.272768 
0.00930433 0.00115522 4.08983e-05 0 0.00703625 0.00720828 0.0211286 0.547209 
0.0207967 1.94097e-05 6.88784e-07 3.81308e-06 0.000123611 0.000256943 0.00445404 0.145435 
0.0045446 2.2058e-07 2.78353e-08 8.73052e-07 3.35636e-06 1.00241e-05 0.000519886 0.018536 
0.00104771 2.90272e-08 2.20692e-06 9.08681e-05 0.000209947 3.17439e-05 0.00211585 0.0772984 
0.0236583 1.98951e-06 0.000161131 0.00657559 0.0150035 0.000406901 0.0119965 0.00140718 
0.000571919 7.30233e-05 0.00582859 0.225676 0.471069 0.0118956 0.000202598 1.28232e-05 
6.86768e-06 0.000107366 0.00417934 0.186254 0.124007 0.0109381 0.00017913 1.5996e-06 
6.29459e-08 0.00545016 0.0129809 0.569661 0.0237075 0.37584 0.00738336 6.64585e-05 
3.90933e-07 0.22074 0.00736681 0.186649 0.00682662 0.186387 0.00332709 2.84359e-05 
1.59683e-07 0.0142871 0.000919453 0.0360266 0.00921918 0.522959 0.0086767 6.52521e-05 
3.19853e-07 0.00638838 0.00297499 0.16197 0.00391821 0.135048 0.00194323 1.36269e-05 
6.33567e-08 0.313849 0.00475823 0.00296817 0.000122993 0.00677264 9.11129e-05 6.0662e-07 
2.67246e-09 0.0201456 0.000281045 2.36386e-05 1.18419e-06 7.17578e-05 9.58884e-07 6.31486e-09 
2.74018e-11 0.000220603 3.06132e-06 1.12507e-07 6.04507e-09 3.77923e-07 5.15482e-09 3.41032e-11 
1.47231e-13 1.22881e-06 1.71639e-08 3.57036e-10 1.95749e-11 1.2419e-09 1.78272e-11 1.20023e-13 
5.1904e-16 4.25988e-09 6.12564e-11 7.84519e-13 4.20682e-14 2.73601e-12 4.37851e-14 3.04596e-16 
1.32474e-18 1.00489e-11 1.52786e-13 1.2216e-15 5.86313e-17 4.02028e-15 8.07835e-17 5.88208e-19 
2.56039e-21 1.51781e-14 2.70378e-16 1.03124e-18 4.20057e-20 1.83216e-18 1.11878e-19 8.51566e-22 
3.67152e-24 1.2971e-17 3.34064e-19 0 4.96278e-24 0 1.18211e-22 8.70014e-25 
2.05124e-27 0 8.1747e-23 0 0 0 0 0 
0 0 0 0 0 0 0 0 
