0 0 0 0 0 0 0 0 
0 0 0 0 0 0 0 0 
0 0 0 0 0 0 0 0 
0 0 0 0 0 0 0 0 
0 0 0 0 0 0 0 0 
0 0 0 0 0 0 0 0 
0 0 0 0 0 0 0 0 
0 0 0 0 0 0 0 0 
0 0 0 0 0 0 0 0 
0 0 0 0 0 0 0 0 
0 0 0 0 0 0 0 0 
0 0 0 0 0 0 0 0 
0 0 0 0 0 0 0 0 
0 0 0 0 0 0 0 0 
0 0 0 0 0 0 0 0 
0 0 0 0 0 0 0 0 
0 0 0 0 0 0 0 0 
0 0 0 0 0 0 0 0 
0 0 0 0 0 0 0 0 
0 0 0 0 0 0 0 0 
0 0 0 0 0 0 0 0 
0 0 0 0 0 0 0 0 
0 0 0 0 0 0 0 0 
0 0 0 0 0 0 0 0 
0 0 0 0 0 0 0 0 
0 0 0 0 0 0 0 0 
0 0 0 0 0 0 0 0 
0 0 0 0 0 0 0 0 
0 0 0 0 0 0 0 0 
0 0 0 0 0 0 0 0 
0 0 0 0 0 0 0 0 
0 0 0 0 0 0 0 0 
0 0 0 0 0 0 0 0 
0 0 0 0 0 0 0 0 
0 0 0 0 0 0 0 0 
0 0 0 0 0 0 0 0 
0 0 0 0 0 0 0 0 
0 0 0 0 0 0 0 0 
0 0 0 0 0 0 0 0 
0 0 0 0 0 0 0 0 
0 0 0 0 0 0 0 0 
0 0 0 0 0 0 0 0 
0 0 0 0 0 0 0 0 
0 0 0 0 0 0 0 0 
0 0 0 0 0 0 0 0 
0 0 0 0 0 0 0 0 
0 0 0 0 0 0 0 0 
0 0 0 0 0 0 0 0 
0 0 0 0 0 0 0 0 
0 0 0 0 0 0 0 0 
0 0 0 0 0 0 0 0 
0 0 0 0 0 0 0 0 
0 0 0 0 0 0 0 0 
0 0 0 0 0 0 0 0 
0 0 0 0 0 0 0 0 
0 0 0 0 0 0 0 0 
0 0 0 0 0 0 0 0 
0 0 0 0 0 0 0 0 
0 0 0 0 0 0 0 0 
0 0 0 0 0 0 0 0 
0 0 0 0 0 0 0 0 
0 0 0 0 0 0 0 0 
0 0 0 0 0 0 0 0 
0 0 0 0 0 0 0 0 
0 0 0 0 0 0 0 0 
0 0 0 0 0 0 0 0 
0 0 0 0 0 0 0 0 
0 0 0 0 0 0 0 0 
0.914098 0.954786 0.955155 0.955543 0.951761 0.949255 0.960441 0.957762 
0.996764 0.998825 0.998842 0.998829 0.998761 0.998708 0.999214 0.998918 
0.999893 0.999969 0.99997 0.999974 0.999968 0.999967 0.999984 0.999973 
0.999997 0.999999 0.999999 0.999999 0.999999 0.999999 1 0.999999 
1 1 1 1 1 1 1 1 
1 1 1 1 1 1 1 1 
1 1 1 1 1 1 1 1 
1 1 1 1 1 1 1 1 
1 1 1 1 1 1 1 1 
1 1 1 1 1 1 1 1 
1 1 1 1 1 1 1 1 
1 1 1 1 1 1 1 1 
1 1 1 1 1 1 1 1 
1 1 1 1 1 1 1 1 
1 1 1 1 1 1 1 1 
1 1 1 1 1 1 1 1 
1 1 1 1 1 1 1 1 
1 1 1 1 1 1 1 1 
1 1 1 1 1 1 1 1 
1 1 1 1 1 1 1 1 
1 1 1 1 1 1 1 1 
1 1 1 1 1 1 1 1 
1 1 1 1 1 1 1 1 
1 1 1 1 1 1 1 1 
1 1 1 1 1 1 1 1 
1 0.999981 0.999997 0.999984 0.999998 1 1 0.999998 
0.999981 0.999287 0.999899 0.999352 0.999934 0.999994 0.999982 0.999947 
0.999287 0.972968 0.997319 0.974267 0.998031 0.999834 0.999307 0.99861 
0.972968 0 0.945921 0 0.947347 0.995984 0.973555 0.972238 
0 0 0.945209 0 0 0.919014 0 0.945295 
0 0 0.97089 0.947568 0 0 0 0.945986 
0 0 0.972145 0.971582 0 0 0 0.945276 
0 0 0.971483 0.971469 0 0 0 0.971549 
0.972949 0 0.945205 0.945205 0 0 0 0.972895 
0.998625 0 0 0 0 0 0 0.972273 
0.999221 0 0 0 0 0 0 0.946688 
0.997968 0 0 0 0 0 0 0 
0.972955 0.9474 0 0 0 0 0 0 
0.946764 0.995984 0.918978 0 0 0 0 0 
0 0.973592 0 0 0 0 0 0 
0 0.973003 0 0 0 0 0 0 
0 0.97297 0 0 0 0 0 0 
0 0.972297 0 0 0 0 0 0 
0 0.946745 0 0 0 0.91665 0 0.917487 
0 0 0 0 0 0.91665 0 0.945132 
0 0 0 0 0.91825 0 0.946649 0.996571 
0.972967 0 0 0 0.970834 0.97224 0.972237 0.99854 
0.99927 0 0 0 0.971547 0.972993 0 0.973622 
0.999303 0 0 0 0.9459 0.970152 0 0.972292 
0.999239 0 0 0 0 0.918222 0 0.946689 
0.998009 0 0 0 0 0 0 0 
0.981494 0 0 0 0 0 0 0 
0.946806 0 0 0 0 0 0 0 
0 0 0 0.917501 0 0 0 0.91828 
0 0.946746 0 0.943723 0 0 0 0.945186 
0 0.972316 0 0.944439 0 0 0.945921 0.996539 
0.972967 0.973645 0 0.945187 0 0 0.945958 0.997902 
0.999255 0.998678 0.973595 0.971583 0 0 0 0.974285 
0.999337 0.999937 0.998699 0.973256 0 0 0.950694 0.998146 
0.999988 0.999982 0.999389 0.977631 0 0.946692 0.997436 0.999888 
0.999996 0.999991 0.999379 0.97449 0 0.972952 0.999257 0.999979 
0.999999 0.999999 0.999955 0.998751 0.974322 0.998678 0.999948 0.999998 
1 1 0.999999 0.999953 0.999355 0.999951 0.999997 1 
1 1 1 0.999998 0.999984 0.999998 1 1 
1 1 1 1 1 1 1 1 
1 1 1 1 1 1 1 1 
1 1 1 1 1 1 1 1 
1 1 1 1 1 1 1 1 
1 1 1 1 1 1 1 1 
1 1 1 1 1 1 1 1 
1 1 1 1 1 1 1 1 
1 1 1 1 1 1 1 1 
1 1 1 1 1 1 1 1 
1 1 1 1 1 1 1 1 
1 1 1 1 1 1 1 1 
1 1 1 1 1 1 1 1 
1 1 1 1 1 1 1 1 
1 1 1 1 1 1 1 1 
1 1 1 1 1 1 1 1 
1 1 1 1 1 1 1 1 
1 1 1 1 1 1 1 1 
1 0.999998 0.999984 0.999998 1 1 1 1 
1 0.999936 0.999354 0.999951 0.999996 0.999984 0.999998 1 
1 0.998074 0.974306 0.998708 0.999904 0.999353 0.999949 0.999983 
0.999998 0.947948 0 0.974218 0.998071 0.974303 0.998646 0.999391 
0.999952 0 0.923544 0.996082 0.973885 0 0.972327 0.975985 
0.99875 0.91909 0 0.972202 0.973575 0 0.945208 0 
0.973046 0 0 0.945231 0.945298 0 0.944475 0 
0.948117 0.946761 0 0 0 0 0.945166 0 
0 0.981682 0 0 0 0.945934 0.97081 0 
0 0.972967 0 0 0 0.972182 0.972197 0 
0 0.972296 0 0 0.945938 0.997199 0.972901 0 
0 0.946745 0 0 0.945939 0.997189 0.97296 0 
0 0 0 0.917445 0 0.971442 0.971078 0.918272 
0 0 0 0.943681 0 0.91826 0 0 
0 0 0 0.944439 0 0 0.917395 0 
0 0 0 0.951749 0 0 0.916707 0 
0 0 0 0.917493 0 0 0 0 
0 0 0.918241 0 0 0 0.91666 0 
0.919096 0 0.97078 0.945935 0 0 0.916652 0 
0 0.972968 0.997878 0.97222 0 0 0 0.917423 
0 0.999287 0.999237 0.972965 0 0 0 0.942932 
0 0.999967 0.999334 0.973644 0 0.91824 0 0.917438 
0 0.999996 0.999933 0.998634 0.972892 0.970794 0 0 
0 0.99995 0.99931 0.998737 0.972919 0.971566 0 0 
0 0.998696 0.973626 0.972282 0 0.946954 0 0.888868 
0 0.974339 0 0.94662 0 0.944574 0.944838 0 
0 0.998802 0.977345 0.995475 0.919262 0 0.944469 0 
0 0.999892 0.998195 0.974214 0 0.944432 0.944434 0 
0 0.998722 0.973938 0.970951 0 0.944412 0 0 
0 0.974285 0 0.918293 0 0.943682 0 0 
0 0.996678 0.919 0 0 0.917445 0 0 
0 0.974266 0 0 0 0 0.918183 0 
0 0.998002 0.94669 0 0 0.918178 0.968657 0 
0 0.999223 0.972273 0 0.917475 0 0.945192 0 
0 0.998625 0.972894 0 0.943686 0 0.944528 0 
0 0.972949 0.971541 0 0.9444 0 0.944444 0 
0 0 0.945187 0 0.94374 0 0.944434 0 
0 0 0.944477 0 0.917454 0 0.944433 0 
0 0 0.945212 0 0 0 0.944454 0 
0 0.972967 0.972203 0 0 0 0.945184 0 
0 0.999271 0.997938 0.946706 0 0.945986 0.971475 0 
0 0.999952 0.999649 0.972959 0 0.972959 0.997291 0.947381 
0 0.999287 0.999903 0.998675 0.97432 0.998682 0.99985 0.997999 
0.972968 0.972968 0.998659 0.999905 0.999353 0.999951 0.999994 0.999932 
0.999287 0 0.973667 0.999723 0.999972 0.999998 1 0.999998 
0.999981 0 0.973662 0.999328 0.999982 1 1 1 
0.999999 0.972973 0.998662 0.99995 0.999998 1 0.999998 0.999983 
0.999981 0.999377 0.999961 0.999998 1 0.999998 0.99995 0.999321 
0.999289 0.999986 0.999999 1 0.999998 0.999951 0.998694 0.973646 
0.972976 1 1 1 0.999984 0.999351 0.97427 0 
0 1 1 1 0.999994 0.999854 0.996714 0.946656 
0.972218 1 1 0.999998 0.999933 0.998019 0.94739 0 
0.972283 1 0.999999 0.999982 0.999319 0.973617 0 0 
0.946794 0.999998 0.999982 0.999962 0.999244 0.972357 0 0 
0 0.99995 0.999321 0.999254 0.997931 0.946698 0 0 
0 0.99868 0.973644 0.972965 0.972201 0 0 0 
0 0.973678 0 0 0.945183 0 0 0 
0 0.972704 0 0 0.943703 0 0 0 
0.946764 0.946782 0 0 0.917445 0 0 0 
0.972955 0 0 0 0 0 0 0.94673 
0.997973 0 0 0 0 0 0 0.972325 
0.999242 0 0 0 0 0 0 0.973526 
0.999327 0.955495 0 0 0 0 0 0.973048 
0.999296 0.972329 0 0 0.945188 0.945203 0 0.972387 
0.999241 0.972971 0 0 0.970799 0.971431 0 0.946694 
0.997431 0.973 0 0 0.945899 0.970789 0 0 
0.948126 0.973056 0 0 0 0.945148 0 0 
0 0.973014 0 0.917467 0 0.943827 0 0 
0 0.973649 0 0.944418 0 0.919407 0 0 
0 0.998125 0.974187 0.970858 0.945167 0 0.917447 0 
0 0.974622 0.97167 0 0.944454 0 0.943693 0 
0 0 0.94444 0 0.944454 0 0.944435 0 
0.946018 0 0.917467 0 0.945185 0 0.945185 0 
0.946018 0 0 0 0.971521 0.972854 0.971521 0 
0 0 0 0 0.972198 0.997824 0.972198 0 
0 0 0 0 0.946629 0.995908 0.94663 0 
0 0 0.91665 0 0 0.945862 0 0.917445 
0 0 0.91665 0 0 0.944492 0 0.943682 
0 0.946732 0 0 0 0.945147 0 0.944415 
0 0.971606 0 0 0.945176 0.970078 0 0.944448 
0 0.946726 0 0 0.944477 0.945146 0 0.944473 
0 0 0 0 0 0 0 0.94483 
0 0 0 0 0 0 0 0.944449 
0 0 0 0 0 0 0 0.943684 
0 0 0 0 0.918228 0 0 0.917445 
0 0 0 0.945896 0.970096 0 0 0 
0 0 0 0.971501 0.972122 0 0 0 
0 0 0 0.971466 0.971482 0.945184 0 0 
0 0.946746 0 0.945183 0 0.944454 0 0 
0 0.972302 0 0.944434 0 0.944429 0 0 
0 0.97297 0 0.943713 0 0.943821 0 0 
0 0.972969 0 0.917781 0 0.917463 0 0 
0 0.972297 0 0 0 0 0 0 
0 0.946745 0 0 0 0 0 0 
0 0 0 0 0 0 0 0 
0 0 0 0 0 0 0 0 
0 0 0 0 0 0 0 0 
0 0 0 0 0 0 0 0 
0 0 0 0 0 0 0 0 
0 0 0 0 0 0 0 0 
0 0 0 0 0 0 0 0 
