0 0 0 0 0 0 0 0 
0 0 0 0 0 0 0 0 
0 0 0 0 0 0 0 0 
0 0 0 0 0 0 0 0 
0 0 0 0 0 0 0 0 
0 0 0 0 0 0 0 0 
0 0 0 0 0 0 0 0 
0 0 0 0 0 0 0 0 
0 0 0 0 0 0 0 0 
0 0 0 0 0 0 0 0 
0 0 0 0 0 0 0 0 
0 0 0 0 0 0 0 0 
0 0 0 0 0 0 0 0 
0 0 0 0 0 0 0 0 
0 0 0 0 0 0 0 0 
0 0 0 0 0 0 0 0 
0 0 0 0 0 0 0 0 
0 0 0 0 0 0 0 0 
0 0 0 0 0 0 0 0 
0 0 0 0 0 0 0 0 
0 0 0 0 0 0 0 0 
0 0 0 0 0 0 0 0 
0 0 0 0 0 0 0 0 
0 0 0 0 0 0 0 0 
0 0 0 0 0 0 0 0 
0 0 0 0 0 0 0 0 
0 0 0 0 0 0 0 0 
0 0 0 0 0 0 0 0 
0 0 0 0 0 0 0 0 
0 0 0 0 0 0 0 0 
0 0 0 0 0 0 0 0 
0 0 0 0 0 0 0 0 
0 0 0 0 0 0 0 0 
0 0 0 0 0 0 0 0 
0 0 0 0 0 0 0 0 
0 0 0 0 0 0 0 0 
0 0 0 0 0 0 0 0 
0 0 0 0 0 0 0 0 
0 0 0 0 0 0 0 0 
0 0 0 0 0 0 0 0 
0 0 0 0 0 0 0 0 
0 0 0 0 0 0 0 0 
0 0 0 0 0 0 0 0 
0 0 0 0 0 0 0 0 
0 0 0 0 0 0 0 0 
0 0 0 0 0 0 0 0 
0 0 0 0 0 0 0 0 
0 0 0 0 0 0 0 0 
0 0 0 0 0 0 0 0 
0 0 0 0 0 0 0 0 
0 0 0 0 0 0 0 0 
0 0 0 0 0 0 0 0 
0 0 0 0 0 0 0 0 
0 0 0 0 0 0 0 0 
0 0 0 0 0 0 0 0 
0 0 0 0 0 0 0 0 
0 0 0 0 0 0 0 0 
0 0 0 0 0 0 0 0 
0 0 0 0 0 0 0 0 
0 0 0 0 0 0 0 0 
0 0 0 0 0 0 0 0 
0 0 0 0 0 0 0 0 
0 0 0 0 0 0 0 0 
0 0 0 0 0 0 0 0 
0 0 0 0 0 0 0 0 
0 0 0 0 0 0 0 0 
0 0 0 0 0 0 0 0 
0 0 0 0 0 0 0 0 
0.0190424 0.969129 0.878049 0.680686 0.220688 0.488943 0.774332 0.65823 
0.202379 0.930894 0.74225 0.342573 0.43169 0.838973 0.950737 0.835386 
0.385981 0.661622 0.49638 0.361882 0.63245 0.923379 0.973967 0.899337 
0.53165 0.53031 0.787943 0.575466 0.522565 0.806864 0.933493 0.778173 
0.319344 0.797044 0.936691 0.865239 0.787521 0.851409 0.950997 0.831674 
0.371631 0.691888 0.793299 0.563649 0.463954 0.749076 0.837625 0.778669 
0.36354 0.200728 0.319691 0.13402 0.0933429 0.275557 0.399049 0.473999 
0.552086 0.0220671 0.0487491 0.0171004 0.0197428 0.0977389 0.357866 0.754984 
0.906156 0.0243861 0.0824883 0.0527532 0.120732 0.321251 0.666216 0.926379 
0.981795 0.190485 0.467814 0.350467 0.374207 0.700137 0.522587 0.759908 
0.906427 0.622882 0.867724 0.805108 0.75395 0.916278 0.713949 0.458357 
0.544211 0.860563 0.957731 0.882703 0.760442 0.898962 0.668302 0.564805 
0.25677 0.63861 0.876544 0.797249 0.728068 0.743401 0.602462 0.281955 
0.0567625 0.498431 0.811563 0.928535 0.918789 0.770177 0.846664 0.516946 
0.132864 0.646396 0.910988 0.975194 0.95205 0.76219 0.580248 0.304438 
0.361177 0.759911 0.785612 0.919547 0.853057 0.516455 0.28706 0.541075 
0.832071 0.811728 0.635488 0.808231 0.892189 0.691715 0.562231 0.85219 
0.968817 0.962614 0.878812 0.905189 0.964666 0.897377 0.749872 0.919339 
0.990364 0.987166 0.960673 0.88966 0.921795 0.911945 0.761049 0.787935 
0.937603 0.965248 0.978512 0.929228 0.916635 0.963709 0.887129 0.626271 
0.745699 0.868141 0.913438 0.778314 0.753251 0.875055 0.675026 0.278312 
0.402827 0.501651 0.618287 0.579036 0.792142 0.695275 0.527334 0.153454 
0.238038 0.110561 0.358684 0.763342 0.936161 0.878689 0.702908 0.381586 
0.662211 0.0166071 0.120855 0.511066 0.858499 0.939402 0.899142 0.625054 
0.531969 0.00451506 0.0209923 0.149458 0.499765 0.753211 0.658007 0.512559 
0.831308 0.0466517 0.014408 0.0256104 0.155195 0.429353 0.223591 0.150396 
0.445772 0.318513 0.134495 0.044675 0.27892 0.701803 0.28181 0.0720795 
0.0721404 0.0542924 0.123422 0.0262717 0.134451 0.363857 0.0799559 0.0323054 
0.00670489 0 0.524396 0 0.364808 0.107157 0.0379234 0.219523 
0 0 0.856904 0 0 0.00634998 0 0.646901 
0 0 0.948772 0.910389 0 0 0 0.520137 
0 0 0.917041 0.93865 0 0 0 0.818793 
0 0 0.753994 0.819061 0 0 0 0.933767 
0.864739 0 0.264502 0.376561 0 0 0 0.850195 
0.731435 0 0 0 0 0 0 0.779725 
0.89536 0 0 0 0 0 0 0.829109 
0.968903 0 0 0 0 0 0 0 
0.867142 0.912021 0 0 0 0 0 0 
0.372267 0.981115 0.862278 0 0 0 0 0 
0 0.929196 0 0 0 0 0 0 
0 0.853109 0 0 0 0 0 0 
0 0.925461 0 0 0 0 0 0 
0 0.75943 0 0 0 0 0 0 
0 0.156249 0 0 0 0.777689 0 0.817516 
0 0 0 0 0 0.469211 0 0.871095 
0 0 0 0 0.798558 0 0.862704 0.964886 
0.877468 0 0 0 0.935322 0.891006 0.782652 0.89266 
0.711932 0 0 0 0.881901 0.922206 0 0.589432 
0.520537 0 0 0 0.569847 0.750491 0 0.578231 
0.861533 0 0 0 0 0.273108 0 0.792638 
0.962024 0 0 0 0 0 0 0 
0.878544 0 0 0 0 0 0 0 
0.487497 0 0 0 0 0 0 0 
0 0 0 0.740487 0 0 0 0.674998 
0 0.199423 0 0.893778 0 0 0 0.896527 
0 0.156953 0 0.748536 0 0 0.828625 0.959606 
0.851832 0.555562 0 0.316449 0 0 0.611623 0.870351 
0.752978 0.906788 0.716628 0.353896 0 0 0 0.759896 
0.915569 0.978621 0.930946 0.698585 0 0 0.58588 0.909133 
0.975885 0.954682 0.966477 0.852556 0 0.545726 0.800546 0.937681 
0.917378 0.942305 0.905593 0.727949 0 0.726124 0.914957 0.851686 
0.64255 0.78973 0.741998 0.840472 0.695068 0.907611 0.972196 0.904796 
0.583092 0.440533 0.770344 0.63959 0.715648 0.828268 0.941573 0.796312 
0.34531 0.106487 0.400561 0.65495 0.905495 0.90443 0.955004 0.835433 
0.382184 0.0223459 0.159717 0.532828 0.841255 0.734795 0.823662 0.545491 
0.15755 0.0594141 0.337588 0.756823 0.928053 0.774111 0.504274 0.217546 
0.234767 0.216853 0.550667 0.517679 0.75619 0.492924 0.307357 0.421694 
0.727382 0.641184 0.855509 0.564171 0.371958 0.396685 0.69082 0.820661 
0.933886 0.838306 0.775032 0.46491 0.333143 0.760595 0.923734 0.928536 
0.817405 0.964156 0.933109 0.789477 0.547366 0.815286 0.930293 0.846723 
0.544351 0.948118 0.975562 0.928883 0.82706 0.941952 0.973745 0.916324 
0.749501 0.938871 0.948112 0.935312 0.763999 0.814988 0.918594 0.858375 
0.912393 0.977735 0.925554 0.802688 0.532188 0.643975 0.827698 0.854041 
0.697306 0.935405 0.926384 0.776533 0.752296 0.853468 0.800454 0.634536 
0.29043 0.931072 0.969152 0.895552 0.717132 0.864063 0.94179 0.828242 
0.425005 0.728473 0.888574 0.733316 0.754628 0.940223 0.981797 0.9384 
0.694844 0.273627 0.53976 0.30191 0.442726 0.830796 0.945556 0.861386 
0.546394 0.159261 0.130858 0.0569078 0.144275 0.495398 0.820528 0.889429 
0.679849 0.579456 0.206836 0.110427 0.247972 0.504206 0.871958 0.962275 
0.912203 0.901138 0.578579 0.50895 0.663434 0.431922 0.67291 0.900873 
0.948019 0.910476 0.631938 0.703588 0.895833 0.658929 0.352506 0.587901 
0.755253 0.618371 0.263646 0.40111 0.730591 0.347915 0.0858216 0.158259 
0.259468 0.18547 0.108387 0.417787 0.280542 0.0677693 0.0181975 0.0598532 
0.126026 0.354182 0.0740354 0.208983 0.0895439 0.0181701 0.08454 0.343592 
0.524721 0.0565835 0 0.554415 0.213421 0.0684802 0.383552 0.795257 
0.902699 0 0.0818553 0.239322 0.0609984 0 0.664379 0.860332 
0.970847 0 0 0.502801 0.167058 0 0.851291 0 
0.883909 0 0 0.140851 0.226157 0 0.915573 0 
0.586211 0.886333 0 0 0 0 0.9029 0 
0 0.955041 0 0 0 0.867118 0.945733 0 
0 0.898424 0 0 0 0.905292 0.911873 0 
0 0.575502 0 0 0.758245 0.949391 0.925392 0 
0 0.0898436 0 0 0.498943 0.810929 0.749343 0 
0 0 0 0.518412 0 0.627006 0.263335 0 
0 0 0 0.822461 0 0.19046 0 0 
0 0 0 0.521169 0 0 0.822387 0 
0 0 0 0.109459 0 0 0.765345 0 
0 0 0 0.0163926 0 0 0 0 
0 0 0.160203 0 0 0 0.86719 0 
0.86298 0 0.656607 0.668292 0 0 0.719848 0 
0 0.921496 0.95646 0.91629 0 0 0 0.886847 
0 0.934779 0.977627 0.941068 0 0 0 0.80197 
0 0.784836 0.915428 0.832975 0 0.796272 0 0.169436 
0 0.260077 0.620075 0.583756 0.808755 0.924031 0 0 
0 0.105524 0.183635 0.27847 0.548632 0.803503 0 0 
0 0.477407 0.219109 0.551243 0 0.432292 0 0.698935 
0 0.865588 0 0.857122 0 0.583529 0.852825 0 
0 0.950836 0.861658 0.960487 0.764052 0 0.843703 0 
0 0.98327 0.89628 0.903473 0 0.597413 0.53299 0 
0 0.970658 0.78602 0.651319 0 0.846345 0 0 
0 0.87889 0 0.157113 0 0.741884 0 0 
0 0.909212 0.729964 0 0 0.292946 0 0 
0 0.898399 0 0 0 0 0.76038 0 
0 0.965692 0.74747 0 0 0.767606 0.917002 0 
0 0.897533 0.747208 0 0.80359 0 0.767558 0 
0 0.716695 0.903304 0 0.908814 0 0.403402 0 
0 0.373076 0.754012 0 0.812418 0 0.401943 0 
0 0 0.688055 0 0.414497 0 0.775613 0 
0 0 0.384475 0 0.0953675 0 0.815857 0 
0 0 0.701958 0 0 0 0.905189 0 
0 0.612502 0.904731 0 0 0 0.791905 0 
0 0.72493 0.904525 0.650292 0 0.674584 0.486057 0 
0 0.932803 0.866385 0.795775 0 0.611033 0.340346 0.407036 
0 0.736639 0.496624 0.56706 0.69242 0.894309 0.720233 0.839741 
0.799401 0.239763 0.422999 0.803895 0.922463 0.972808 0.929499 0.898012 
0.955693 0 0.751589 0.940413 0.952702 0.955012 0.953604 0.879408 
0.895362 0 0.847873 0.941561 0.978464 0.956094 0.97063 0.933736 
0.764136 0.76527 0.945249 0.911196 0.948208 0.850804 0.873335 0.763397 
0.656882 0.960449 0.920844 0.893663 0.950612 0.707807 0.53444 0.294783 
0.180292 0.861534 0.677932 0.754328 0.842445 0.573243 0.205056 0.0523728 
0.0451478 0.531411 0.609002 0.854007 0.700185 0.743628 0.264574 0 
0 0.756782 0.66876 0.934902 0.746621 0.907385 0.526267 0.471395 
0.837554 0.927097 0.633602 0.827858 0.471636 0.711867 0.237829 0 
0.387089 0.746357 0.283848 0.404867 0.114354 0.187294 0 0 
0 0.470677 0.0996571 0.0604821 0.0137789 0.0161096 0 0 
0 0.814609 0.27731 0.0346876 0.0546676 0.00373477 0 0 
0 0.941655 0.509039 0.112798 0.438562 0 0 0 
0 0.803745 0 0 0.870384 0 0 0 
0 0.255341 0 0 0.62551 0 0 0 
0.259557 0.0801291 0 0 0.118808 0 0 0 
0.455292 0 0 0 0 0 0 0.626615 
0.867426 0 0 0 0 0 0 0.906324 
0.975962 0 0 0 0 0 0 0.943121 
0.959865 0.516084 0 0 0 0 0 0.897802 
0.967539 0.942691 0 0 0.891148 0.873006 0 0.738446 
0.844396 0.88986 0 0 0.71114 0.611492 0 0.187139 
0.386494 0.558498 0 0 0.177345 0.369569 0 0 
0.0547442 0.252103 0 0 0 0.803305 0 0 
0 0.656575 0 0.835386 0 0.613105 0 0 
0 0.918121 0 0.660097 0 0.118683 0 0 
0 0.824284 0.930895 0.531665 0.328595 0 0.843941 0 
0 0.351074 0.853983 0 0.654905 0 0.927369 0 
0 0 0.496635 0 0.877508 0 0.911969 0 
0.790829 0 0.0656505 0 0.881754 0 0.928292 0 
0.605248 0 0 0 0.877919 0.911602 0.905302 0 
0 0 0 0 0.561495 0.734884 0.637183 0 
0 0 0 0 0.176392 0.540623 0.233914 0 
0 0 0.805633 0 0 0.832089 0 0.588411 
0 0 0.196527 0 0 0.918547 0 0.865909 
0 0.901888 0 0 0 0.847912 0 0.926222 
0 0.754748 0 0 0.84944 0.721742 0 0.911607 
0 0.232763 0 0 0.478989 0.374184 0 0.92525 
0 0 0 0 0 0 0 0.858619 
0 0 0 0 0 0 0 0.627629 
0 0 0 0 0 0 0 0.74776 
0 0 0 0 0.614475 0 0 0.261349 
0 0 0 0.898427 0.931763 0 0 0 
0 0 0 0.916282 0.886913 0 0 0 
0 0 0 0.943278 0.806546 0.901335 0 0 
0 0.88615 0 0.880435 0 0.891722 0 0 
0 0.644571 0 0.734716 0 0.922155 0 0 
0 0.607132 0 0.83671 0 0.849884 0 0 
0 0.915844 0 0.383389 0 0.434279 0 0 
0 0.681535 0 0 0 0 0 0 
0 0 0 0 0 0 0 0 
0 0 0 0 0 0 0 0 
0 0 0 0 0 0 0 0 
0 0 0 0 0 0 0 0 
0 0 0 0 0 0 0 0 
0 0 0 0 0 0 0 0 
0 0 0 0 0 0 0 0 
0 0 0 0 0 0 0 0 
