0 0 0 0 0 0 0 0 
0 0 0 0 0 0 0 0 
0 0 0 0 0 0 0 0 
0 0 0 0 0 0 0 0 
0 0 0 0 0 0 0 0 
0 0 0 0 0 0 0 0 
0 0 0 0 0 0 0 0 
0 0 0 0 0 0 0 0 
0 0 0 0 0 0 0 0 
0 0 0 0 0 0 0 0 
0 0 0 0 0 0 0 0 
0 0 0 0 0 0 0 0 
0 0 0 0 0 0 0 0 
0 0 0 0 0 0 0 0 
0 0 0 0 0 0 0 0 
0 0 0 0 0 0 0 0 
0 0 0 0 0 0 0 0 
0 0 0 0 0 0 0 0 
0 0 0 0 0 0 0 0 
0 0 0 0 0 0 0 0 
0 0 0 0 0 0 0 0 
0 0 0 0 0 0 0 0 
0 0 0 0 0 0 0 0 
0 0 0 0 0 0 0 0 
0 0 0 0 0 0 0 0 
0 0 0 0 0 0 0 0 
0 0 0 0 0 0 0 0 
0 0 0 0 0 0 0 0 
0 0 0 0 0 0 0 0 
0 0 0 0 0 0 0 0 
0 0 0 0 0 0 0 0 
0 0 0 0 0 0 0 0 
0 0 0 0 0 0 0 0 
0 0 0 0 0 0 0 0 
0 0 0 0 0 0 0 0 
0 0 0 0 0 0 0 0 
0 0 0 0 0 0 0 0 
0 0 0 0 0 0 0 0 
0 0 0 0 0 0 0 0 
0 0 0 0 0 0 0 0 
0 0 0 0 0 0 0 0 
0 0 0 0 0 0 0 0 
0 0 0 0 0 0 0 0 
0 0 0 0 0 0 0 0 
0 0 0 0 0 0 0 0 
0 0 0 0 0 0 0 0 
0 0 0 0 0 0 0 0 
0 0 0 0 0 0 0 0 
0 0 0 0 0 0 0 0 
0 0 0 0 0 0 0 0 
0 0 0 0 0 0 0 0 
0 0 0 0 0 0 0 0 
0 0 0 0 0 0 0 0 
0 0 0 0 0 0 0 0 
0 0 0 0 0 0 0 0 
0 0 0 0 0 0 0 0 
0 0 0 0 0 0 0 0 
0 0 0 0 0 0 0 0 
0 0 0 0 0 0 0 0 
0 0 0 0 0 0 0 0 
0 0 0 0 0 0 0 0 
0 0 0 0 0 0 0 0 
0 0 0 0 0 0 0 0 
0 0 0 0 0 0 0 0 
0 0 0 0 0 0 0 0 
0 0 0 0 0 0 0 0 
0 0 0 0 0 0 0 0 
0 0 0 0 0 0 0 0 
0.782488 0.959043 0.956709 0.963869 0.946147 0.959008 0.961811 0.957116 
0.970088 0.998891 0.996424 0.991333 0.992216 0.997012 0.998161 0.997131 
0.99125 0.99741 0.995461 0.992699 0.9962 0.999029 0.999629 0.998763 
0.994935 0.996043 0.997774 0.996212 0.996211 0.99863 0.999806 0.997834 
0.98978 0.998547 0.999076 0.998343 0.997815 0.998807 0.99937 0.998032 
0.990904 0.996011 0.996956 0.993954 0.992329 0.996661 0.998107 0.997442 
0.991887 0.979687 0.991884 0.966666 0.96072 0.984263 0.992371 0.995015 
0.995705 0.870376 0.920981 0.870962 0.891547 0.964084 0.990174 0.997388 
0.998992 0.87745 0.944807 0.936025 0.962553 0.986626 0.995835 0.998932 
0.999687 0.973798 0.989076 0.992636 0.990603 0.996113 0.996141 0.997888 
0.998975 0.995117 0.998407 0.997895 0.997711 0.998825 0.997459 0.995022 
0.994838 0.998512 0.999427 0.999071 0.998547 0.998975 0.999734 0.993992 
0.982618 0.996998 0.998933 0.998797 0.998319 0.998117 0.996157 0.986394 
0.944735 0.995282 0.998595 0.999397 0.999272 0.998454 0.997778 0.991967 
0.968938 0.996992 0.999661 0.999715 0.999439 0.997922 0.995433 0.990898 
0.990041 0.99822 0.999028 0.999349 0.998821 0.995663 0.991325 0.996216 
0.999867 0.998818 0.999287 0.998882 0.999114 0.997599 0.996109 0.99854 
0.999607 0.999661 0.99927 0.999391 0.999982 0.99913 0.998267 0.999248 
0.999819 0.999876 0.999705 0.999496 0.999543 0.999376 0.998548 0.998565 
0.99949 0.999762 0.999749 0.99949 0.999422 0.999548 0.99876 0.996682 
0.999451 0.999641 0.999101 0.998685 0.998544 0.998813 0.996695 0.989132 
0.992413 0.992397 0.995961 0.996957 0.998377 0.997802 0.994696 0.981615 
0.988115 0.958147 0.98744 0.999432 0.999182 0.998946 0.997207 0.992289 
0.995911 0.833656 0.957262 0.990989 0.997999 0.999193 0.998604 0.99624 
0.995892 0.684526 0.867099 0.965323 0.991685 0.997113 0.996043 0.99415 
0.997569 0.909739 0.853887 0.899586 0.974142 0.991451 0.985049 0.978164 
0.989771 0.977388 0.95888 0.923266 0.980339 0.99352 0.981434 0.947668 
0.940449 0.905363 0.957441 0.869452 0.967579 0.983447 0.950472 0.900461 
0.692604 0 0.938032 0 0.931792 0.94671 0.893405 0.94326 
0 0 0.943925 0 0 0.618869 0 0.939697 
0 0 0.970587 0.945663 0 0 0 0.93986 
0 0 0.971602 0.971106 0 0 0 0.948736 
0 0 0.968753 0.969507 0 0 0 0.971135 
0.972062 0 0.931706 0.935935 0 0 0 0.971929 
0.99717 0 0 0 0 0 0 0.971034 
0.998524 0 0 0 0 0 0 0.955345 
0.997616 0 0 0 0 0 0 0 
0.971653 0.947194 0 0 0 0 0 0 
0.93957 0.995842 0.918539 0 0 0 0 0 
0 0.973313 0 0 0 0 0 0 
0 0.97239 0 0 0 0 0 0 
0 0.972476 0 0 0 0 0 0 
0 0.969102 0 0 0 0 0 0 
0 0.925338 0 0 0 0.914648 0 0.916612 
0 0 0 0 0 0.910322 0 0.94456 
0 0 0 0 0.918749 0 0.945956 0.996165 
0.972099 0 0 0 0.970433 0.971579 0.971045 0.997413 
0.997044 0 0 0 0.970582 0.971499 0 0.970181 
0.995598 0 0 0 0.942263 0.967055 0 0.974638 
0.998013 0 0 0 0 0.903551 0 0.945309 
0.997511 0 0 0 0 0 0 0 
0.971976 0 0 0 0 0 0 0 
0.942234 0 0 0 0 0 0 0 
0 0 0 0.915819 0 0 0 0.915107 
0 0.926283 0 0.94293 0 0 0 0.944526 
0 0.951819 0 0.941862 0 0 0.944779 0.996061 
0.972006 0.968572 0 0.937428 0 0 0.943018 0.99678 
0.997786 0.997659 0.971121 0.963352 0 0 0 0.97294 
0.998717 0.999696 0.997933 0.970284 0 0 0.944604 0.997206 
0.999655 0.999729 0.998946 0.971937 0 0.942656 0.995724 0.999275 
0.999272 0.999517 0.999237 0.972247 0 0.971013 0.998481 0.998941 
0.997219 0.998014 0.998314 0.997325 0.972322 0.99781 0.999574 0.998947 
0.995685 0.991071 0.997021 0.99735 0.997484 0.998919 0.999468 0.998055 
0.990921 0.959161 0.989346 0.996617 0.99959 0.999306 0.999733 0.997763 
0.989801 0.884416 0.974592 0.994508 0.9986 0.998367 0.998409 0.994419 
0.984834 0.937519 0.986171 0.996821 0.998904 0.99773 0.994293 0.986643 
0.984666 0.979921 0.994128 0.995836 0.997146 0.994757 0.99142 0.993045 
0.996656 0.995671 0.99796 0.995655 0.992773 0.993642 0.996765 0.998207 
0.999196 0.998771 0.998232 0.994985 0.993702 0.997357 0.99909 0.999272 
0.998559 0.999725 0.999381 0.998117 0.996309 0.998604 0.999421 0.998863 
0.996326 0.999714 0.999747 0.999376 0.998671 0.999384 0.999682 0.999295 
0.998094 0.999684 0.999689 0.999378 0.998348 0.998745 0.999354 0.99917 
0.999063 0.999817 0.99968 0.998624 0.996688 0.997573 0.998759 0.998644 
0.996944 0.999642 0.999508 0.99871 0.999057 0.998819 0.998621 0.996762 
0.989524 0.999423 0.999627 0.999037 0.998399 0.999113 0.999396 0.998225 
0.992972 0.998063 0.999016 0.997388 0.99782 0.999358 0.999723 0.999223 
0.9969 0.986987 0.992583 0.987449 0.992481 0.998605 0.999428 0.998891 
0.996062 0.978818 0.972993 0.952725 0.976599 0.993931 0.998503 0.999073 
0.997546 0.994052 0.982424 0.97014 0.984821 0.99421 0.998506 0.999541 
0.999262 0.998616 0.99504 0.99325 0.995663 0.994489 0.996796 0.99938 
0.999427 0.998806 0.996161 0.996972 0.998276 0.995545 0.989974 0.994366 
0.997154 0.995089 0.987537 0.993359 0.995672 0.985639 0.959248 0.973815 
0.985686 0.982108 0.9689 0.991813 0.982744 0.942933 0.889742 0.945749 
0.973496 0.985161 0.929558 0.977782 0.963769 0.889678 0.950438 0.993618 
0.993517 0.88763 0 0.964924 0.979489 0.920782 0.985098 0.996185 
0.999663 0 0.859217 0.97538 0.922084 0 0.969052 0.972492 
0.998381 0 0 0.960968 0.944798 0 0.944345 0 
0.972892 0 0 0.915842 0.922272 0 0.94704 0 
0.943792 0.94639 0 0 0 0 0.944973 0 
0 0.972104 0 0 0 0.945396 0.970565 0 
0 0.972079 0 0 0 0.971732 0.971811 0 
0 0.966239 0 0 0.944029 0.996602 0.972319 0 
0 0.909128 0 0 0.941161 0.995201 0.969483 0 
0 0 0 0.912332 0 0.964888 0.933296 0.00346105 
0 0 0 0.94155 0 0.895033 0 0 
0 0 0 0.935901 0 0 0.915705 0 
0 0 0 0.893192 0 0 0.915236 0 
0 0 0 0.707168 0 0 0 0 
0 0 0.890661 0 0 0 0.916893 0 
0.918681 0 0.966151 0.943348 0 0 0.914863 0 
0 0.972614 0.997269 0.971618 0 0 0 0.916901 
0 0.998721 0.998956 0.972622 0 0 0 0.93955 
0 0.997329 0.99822 0.972412 0 0.917182 0 0.891969 
0 0.985482 0.994511 0.994596 0.971141 0.970126 0 0 
0 0.982549 0.98757 0.987892 0.968312 0.969533 0 0 
0 0.991036 0.958201 0.966174 0 0.938948 0 0.886567 
0 0.973075 0 0.945389 0 0.940425 0.943273 0 
0 0.998364 0.973545 0.994828 0.917612 0 0.943154 0 
0 0.999711 0.997426 0.972645 0 0.940813 0.940012 0 
0 0.998492 0.972863 0.966307 0 0.943086 0 0 
0 0.981254 0 0.89009 0 0.940823 0 0 
0 0.996165 0.91726 0 0 0.906836 0 0 
0 0.973843 0 0 0 0 0.916763 0 
0 0.997633 0.945322 0 0 0.916836 0.967989 0 
0 0.998443 0.970773 0 0.916574 0 0.949597 0 
0 0.99628 0.971957 0 0.943195 0 0.936686 0 
0 0.96458 0.976267 0 0.942457 0 0.936564 0 
0 0 0.94212 0 0.932628 0 0.942258 0 
0 0 0.936774 0 0.868701 0 0.943358 0 
0 0 0.942407 0 0 0 0.943914 0 
0 0.969747 0.971206 0 0 0 0.94347 0 
0 0.999053 0.998302 0.944231 0 0.942858 0.966143 0 
0 0.99921 0.99806 0.971385 0 0.970177 0.98986 0.941152 
0 0.996206 0.995513 0.999323 0.972264 0.998648 0.99766 0.997128 
0.971941 0.957925 0.992287 0.998062 0.998642 0.999665 0.999413 0.999327 
0.998891 0 0.971728 0.998702 0.999658 0.999741 0.99967 0.999353 
0.999267 0 0.972788 0.998926 0.999814 0.999972 0.999673 0.999274 
0.998285 0.971528 0.998129 0.99946 0.999613 0.999053 0.998657 0.997254 
0.995916 0.99882 0.999314 0.9993 0.999365 0.997612 0.993928 0.984189 
0.974148 0.998795 0.998129 0.99848 0.998668 0.995404 0.980157 0.910854 
0.884882 0.996209 0.997026 0.99874 0.999731 0.996364 0.961636 0 
0 0.998128 0.997562 0.998988 0.997978 0.998123 0.990557 0.940802 
0.969557 0.998983 0.996559 0.997269 0.992994 0.992596 0.933925 0 
0.939867 0.997155 0.988184 0.986238 0.964438 0.942084 0 0 
0 0.99355 0.969666 0.936751 0.858938 0.789037 0 0 
0 0.997177 0.981888 0.926301 0.910704 0.58846 0 0 
0 0.997525 0.965234 0.93877 0.95779 0 0 0 
0 0.9768 0 0 0.943144 0 0 0 
0 0.957744 0 0 0.940044 0 0 0 
0.933802 0.899912 0 0 0.880088 0 0 0 
0.967181 0 0 0 0 0 0 0.94399 
0.996627 0 0 0 0 0 0 0.971663 
0.998978 0 0 0 0 0 0 0.973145 
0.999668 0.942762 0 0 0 0 0 0.972402 
0.998972 0.971628 0 0 0.944401 0.944262 0 0.971378 
0.997524 0.972094 0 0 0.966866 0.967736 0 0.9274 
0.985873 0.968819 0 0 0.925383 0.970845 0 0 
0.887431 0.962359 0 0 0 0.942622 0 0 
0 0.969845 0 0.916275 0 0.937257 0 0 
0 0.97295 0 0.941529 0 0.87974 0 0 
0 0.998701 0.971813 0.966077 0.935155 0 0.919988 0 
0 0.964055 0.969135 0 0.940918 0 0.943595 0 
0 0 0.934365 0 0.943623 0 0.944215 0 
0.944654 0 0.852875 0 0.944712 0 0.944986 0 
0.943121 0 0 0 0.970467 0.972155 0.970757 0 
0 0 0 0 0.966964 0.995259 0.968264 0 
0 0 0 0 0.926424 0.989607 0.931689 0 
0 0 0.913363 0 0 0.944447 0 0.913755 
0 0 0.894881 0 0 0.9441 0 0.942766 
0 0.94621 0 0 0 0.944241 0 0.944189 
0 0.969 0 0 0.946676 0.967667 0 0.94423 
0 0.932941 0 0 0.938517 0.936684 0 0.944517 
0 0 0 0 0 0 0 0.946037 
0 0 0 0 0 0 0 0.941576 
0 0 0 0 0 0 0 0.940314 
0 0 0 0 0.915014 0 0 0.901834 
0 0 0 0.945526 0.969485 0 0 0 
0 0 0 0.971124 0.971531 0 0 0 
0 0 0 0.971121 0.970545 0.944752 0 0 
0 0.946076 0 0.944564 0 0.944077 0 0 
0 0.969954 0 0.942862 0 0.94412 0 0 
0 0.970318 0 0.94514 0 0.942365 0 0 
0 0.971486 0 0.908663 0 0.910311 0 0 
0 0.944782 0 0 0 0 0 0 
0 0 0 0 0 0 0 0 
0 0 0 0 0 0 0 0 
0 0 0 0 0 0 0 0 
0 0 0 0 0 0 0 0 
0 0 0 0 0 0 0 0 
0 0 0 0 0 0 0 0 
0 0 0 0 0 0 0 0 
0 0 0 0 0 0 0 0 
