0 0 0 0 0 0 0 0 
0 0 0 0 0 0 0 0 
0 0 0 0 0 0 0 0 
0 0 0 0 0 0 0 0 
0 0 0 0 0 0 0 0 
0 0 0 0 0 0 0 0 
0 0 0 0 0 0 0 0 
0 0 0 0 0 0 0 0 
0 0 0 0 0 0 0 0 
0 0 0 0 0 0 0 0 
0 0 0 0 0 0 0 0 
0 0 0 0 0 0 0 0 
0 0 0 0 0 0 0 0 
0 0 0 0 0 0 0 0 
0 0 0 0 0 0 0 0 
0 0 0 0 0 0 0 0 
0 0 0 0 0 0 0 0 
0 0 0 0 0 0 0 0 
0 0 0 0 0 0 0 0 
0 0 0 0 0 0 0 0 
0 0 0 0 0 0 0 0 
0 0 0 0 0 0 0 0 
0 0 0 0 0 0 0 0 
0 0 0 0 0 0 0 0 
0 0 0 0 0 0 0 0 
0 0 0 0 0 0 0 0 
0 0 0 0 0 0 0 0 
0 0 0 0 0 0 0 0 
0 0 0 0 0 0 0 0 
0 0 0 0 0 0 0 0 
0 0 0 0 0 0 0 0 
0 0 0 0 0 0 0 0 
0 0 0 0 0 0 0 0 
0 0 0 0 0 0 0 0 
0 0 0 0 0 0 0 0 
0 0 0 0 0 0 0 0 
0 0 0 0 0 0 0 0 
0 0 0 0 0 0 0 0 
0 0 0 0 0 0 0 0 
0 0 0 0 0 0 0 0 
0 0 0 0 0 0 0 0 
0 0 0 0 0 0 0 0 
0 0 0 0 0 0 0 0 
0 0 0 0 0 0 0 0 
0 0 0 0 0 0 0 0 
0 0 0 0 0 0 0 0 
0 0 0 0 0 0 0 0 
0 0 0 0 0 0 0 0 
0 0 0 0 0 0 0 0 
0 0 0 0 0 0 0 0 
0 0 0 0 0 0 0 0 
0 0 0 0 0 0 0 0 
0 0 0 0 0 0 0 0 
0 0 0 0 0 0 0 0 
0 0 0 0 0 0 0 0 
0 0 0 0 0 0 0 0 
0 0 0 0 0 0 0 0 
0 0 0 0 0 0 0 0 
0 0 0 0 0 0 0 0 
0 0 0 0 0 0 0 0 
0 0 0 0 0 0 0 0 
0 0 0 0 0 0 0 0 
0 0 0 0 0 0 0 0 
0 0 0 0 0 0 0 0 
0 0 0 0 0 0 0 0 
0 0 0 0 0 0 0 0 
0 0 0 0 0 0 0 0 
0 0 0 0 0 0 0 0 
0.215313 0.987351 0.953589 0.915147 0.765659 0.886626 0.945216 0.921551 
0.719309 0.990216 0.963117 0.868561 0.893801 0.975279 0.99179 0.975807 
0.8776 0.955904 0.921922 0.875087 0.943776 0.988706 0.996063 0.985185 
0.916917 0.930117 0.969325 0.937878 0.931693 0.977689 0.991692 0.970524 
0.840718 0.981977 0.989763 0.979937 0.970374 0.982712 0.992632 0.975758 
0.863162 0.951764 0.967142 0.926133 0.901313 0.960727 0.976641 0.96684 
0.872283 0.741663 0.8161 0.649742 0.579593 0.802139 0.882545 0.915147 
0.930874 0.255243 0.399221 0.236002 0.273685 0.59884 0.862409 0.964985 
0.987192 0.2718 0.513215 0.44 0.615891 0.83331 0.946153 0.988141 
0.996862 0.721099 0.884965 0.85108 0.872189 0.951478 0.931556 0.968278 
0.987172 0.939605 0.987407 0.972731 0.96758 0.98665 0.960472 0.913071 
0.925584 0.980849 0.993412 0.986208 0.975146 0.985839 0.956034 0.921134 
0.785286 0.950507 0.984582 0.978502 0.969289 0.968903 0.941433 0.820782 
0.46744 0.919512 0.977649 0.991371 0.989718 0.974121 0.974574 0.903981 
0.643127 0.95103 0.987873 0.996279 0.993139 0.96889 0.932314 0.848181 
0.863177 0.970841 0.983405 0.99029 0.982437 0.925985 0.845602 0.92534 
0.975387 0.979468 0.957324 0.979159 0.986979 0.960443 0.935276 0.979764 
0.995426 0.995268 0.986769 0.989941 0.996596 0.987401 0.970679 0.989684 
0.99816 0.998386 0.995581 0.991008 0.992238 0.990291 0.973913 0.975961 
0.992101 0.996069 0.996961 0.992068 0.990874 0.994648 0.983983 0.947229 
0.966349 0.9829 0.987965 0.978804 0.973276 0.983556 0.952914 0.827828 
0.881007 0.907831 0.942216 0.94411 0.974303 0.962962 0.923127 0.719051 
0.79468 0.597041 0.850746 0.963072 0.990152 0.98512 0.959103 0.878902 
0.944979 0.215842 0.616857 0.904092 0.978461 0.991026 0.983897 0.943629 
0.929998 0.0878779 0.257435 0.667725 0.903541 0.963637 0.947257 0.916949 
0.972347 0.383321 0.207064 0.305099 0.697235 0.885385 0.781014 0.697518 
0.885889 0.799563 0.610854 0.393688 0.788611 0.938134 0.792714 0.496737 
0.513917 0.42304 0.608637 0.288628 0.657528 0.832485 0.528413 0.330877 
0.109296 0 0.863402 0 0.794567 0.582108 0.358476 0.709307 
0 0 0.931989 0 0 0.0987718 0 0.89014 
0 0 0.968874 0.942184 0 0 0 0.875325 
0 0 0.965414 0.966987 0 0 0 0.927636 
0 0 0.939108 0.948882 0 0 0 0.965836 
0.959856 0 0.763719 0.820852 0 0 0 0.95823 
0.969134 0 0 0 0 0 0 0.95095 
0.98788 0 0 0 0 0 0 0.932949 
0.993701 0 0 0 0 0 0 0 
0.957565 0.943949 0 0 0 0 0 0 
0.834959 0.994085 0.912591 0 0 0 0 0 
0 0.969035 0 0 0 0 0 0 
0 0.961595 0 0 0 0 0 0 
0 0.967714 0 0 0 0 0 0 
0 0.938815 0 0 0 0 0 0 
0 0.670877 0 0 0 0.894741 0 0.905276 
0 0 0 0 0 0.832659 0 0.936788 
0 0 0 0 0.903759 0 0.936695 0.991848 
0.961009 0 0 0 0.965789 0.963159 0.951729 0.9837 
0.962632 0 0 0 0.959804 0.964964 0 0.917076 
0.928645 0 0 0 0.890105 0.935503 0 0.916839 
0.980896 0 0 0 0 0.740348 0 0.926452 
0.992675 0 0 0 0 0 0 0 
0.960357 0 0 0 0 0 0 0 
0.873708 0 0 0 0 0 0 0 
0 0 0 0.894557 0 0 0 0.883854 
0 0.695894 0 0.935789 0 0 0 0.938172 
0 0.691059 0 0.913896 0 0 0.930664 0.991007 
0.958545 0.905547 0 0.79434 0 0 0.899511 0.98175 
0.972124 0.986141 0.938602 0.843534 0 0 0 0.950778 
0.989778 0.997111 0.990372 0.935125 0 0 0.903434 0.986454 
0.996546 0.995628 0.994819 0.958036 0 0.884463 0.972957 0.991821 
0.98984 0.993264 0.98825 0.949243 0 0.942333 0.988602 0.983531 
0.952815 0.972728 0.971188 0.97913 0.940331 0.986715 0.995726 0.986759 
0.934368 0.887907 0.965311 0.954473 0.965743 0.981956 0.992717 0.974196 
0.857968 0.589692 0.869953 0.95017 0.986423 0.988788 0.993235 0.974017 
0.86014 0.277541 0.705843 0.923603 0.979891 0.970639 0.982327 0.918193 
0.69736 0.452192 0.838797 0.961648 0.988093 0.968431 0.914075 0.787156 
0.781425 0.754549 0.924961 0.929809 0.962217 0.915291 0.852494 0.891168 
0.958385 0.944003 0.976292 0.931463 0.877169 0.8905 0.954029 0.975948 
0.990516 0.981403 0.972564 0.91238 0.86458 0.963765 0.98912 0.990599 
0.977853 0.996687 0.991656 0.972252 0.934812 0.979013 0.99187 0.982289 
0.934366 0.995038 0.996753 0.99141 0.97938 0.992024 0.996209 0.989855 
0.969076 0.994285 0.994842 0.99153 0.972159 0.979122 0.990435 0.985781 
0.988073 0.997303 0.996136 0.977035 0.935767 0.955685 0.980074 0.980998 
0.956734 0.993807 0.992056 0.97591 0.969214 0.98154 0.977375 0.949347 
0.832491 0.99154 0.995347 0.986474 0.970507 0.985391 0.992198 0.976445 
0.890154 0.960973 0.982938 0.963731 0.967952 0.991623 0.997073 0.990859 
0.955309 0.810822 0.913842 0.832082 0.893875 0.975325 0.992518 0.983565 
0.932482 0.706352 0.66359 0.486191 0.68984 0.912989 0.978306 0.986619 
0.958755 0.926886 0.759085 0.626973 0.790946 0.914035 0.981424 0.994343 
0.989478 0.98468 0.931639 0.91197 0.944685 0.904609 0.952956 0.985769 
0.993091 0.986443 0.944957 0.958164 0.981959 0.943675 0.861735 0.929864 
0.964488 0.937178 0.81459 0.886108 0.956157 0.840655 0.564981 0.686417 
0.799047 0.742178 0.619475 0.863008 0.800198 0.490335 0.261714 0.477071 
0.653964 0.829173 0.510082 0.743942 0.558916 0.263292 0.540202 0.84054 
0.915713 0.424006 0 0.881255 0.724777 0.479083 0.855301 0.966182 
0.986525 0 0.452403 0.766263 0.471153 0 0.928722 0.95911 
0.994636 0 0 0.86222 0.670758 0 0.93291 0 
0.962097 0 0 0.622268 0.69844 0 0.940732 0 
0.896883 0.940754 0 0 0 0 0.940701 0 
0 0.969981 0 0 0 0.937469 0.967572 0 
0 0.962967 0 0 0 0.965153 0.96607 0 
0 0.905059 0 0 0.92024 0.990255 0.966403 0 
0 0.54221 0 0 0.872627 0.972008 0.939159 0 
0 0 0 0.848331 0 0.907234 0.770215 0 
0 0 0 0.922672 0 0.663738 0 0 
0 0 0 0.860511 0 0 0.904423 0 
0 0 0 0.542027 0 0 0.897141 0 
0 0 0 0.162329 0 0 0 0 
0 0 0.628052 0 0 0 0.909514 0 
0.9129 0 0.919653 0.908082 0 0 0.89059 0 
0 0.967519 0.991516 0.964786 0 0 0 0.912741 
0 0.991721 0.996159 0.968781 0 0 0 0.915818 
0 0.96836 0.987002 0.956288 0 0.903331 0 0.643642 
0 0.798825 0.932694 0.936891 0.950745 0.963557 0 0 
0 0.613931 0.733129 0.827838 0.904906 0.948622 0 0 
0 0.899699 0.757699 0.89482 0 0.852969 0 0.86063 
0 0.959378 0 0.933258 0 0.887463 0.931054 0 
0 0.993612 0.962897 0.989873 0.89964 0 0.929563 0 
0 0.997617 0.987494 0.963882 0 0.891793 0.878385 0 
0 0.994788 0.951724 0.919494 0 0.929556 0 0 
0 0.965138 0 0.623704 0 0.911416 0 0 
0 0.987513 0.894223 0 0 0.752778 0 0 
0 0.966922 0 0 0 0 0.898204 0 
0 0.99333 0.92561 0 0 0.899247 0.960576 0 
0 0.98752 0.946686 0 0.90514 0 0.918967 0 
0 0.9609 0.961512 0 0.938494 0 0.834405 0 
0 0.847321 0.940017 0 0.924169 0 0.833953 0 
0 0 0.905431 0 0.825594 0 0.918812 0 
0 0 0.831738 0 0.500222 0 0.929126 0 
0 0 0.909079 0 0 0 0.938522 0 
0 0.920831 0.96085 0 0 0 0.923531 0 
0 0.965994 0.98514 0.907123 0 0.903964 0.888756 0 
0 0.990138 0.98202 0.950796 0 0.924414 0.866993 0.837787 
0 0.960672 0.922423 0.939128 0.938833 0.983553 0.964182 0.975778 
0.955842 0.765356 0.895535 0.973323 0.989672 0.996034 0.991645 0.989385 
0.993824 0 0.946317 0.99144 0.995211 0.995664 0.994971 0.988392 
0.988618 0 0.959875 0.993204 0.99799 0.995309 0.996002 0.990834 
0.971953 0.948984 0.991512 0.991421 0.994274 0.984228 0.98296 0.966129 
0.944714 0.993617 0.990523 0.98866 0.992358 0.962701 0.918993 0.817506 
0.712307 0.982613 0.966763 0.972704 0.980681 0.934177 0.757462 0.43002 
0.355184 0.931859 0.94733 0.980895 0.964968 0.960549 0.791792 0 
0 0.969977 0.958218 0.988702 0.968431 0.982522 0.912433 0.861946 
0.949069 0.988232 0.94818 0.971012 0.907048 0.946509 0.74986 0 
0.840348 0.963108 0.827641 0.857475 0.628621 0.687365 0 0 
0 0.909292 0.615146 0.455261 0.214082 0.193131 0 0 
0 0.970378 0.800733 0.385103 0.41193 0.0705249 0 0 
0 0.987548 0.880774 0.604043 0.84546 0 0 0 
0 0.948087 0 0 0.928744 0 0 0 
0 0.781764 0 0 0.885427 0 0 0 
0.764859 0.490972 0 0 0.560536 0 0 0 
0.883717 0 0 0 0 0 0 0.903525 
0.980298 0 0 0 0 0 0 0.963778 
0.996009 0 0 0 0 0 0 0.978708 
0.995812 0.881667 0 0 0 0 0 0.964139 
0.995218 0.965729 0 0 0.93707 0.934509 0 0.93547 
0.978115 0.961961 0 0 0.927789 0.917784 0 0.700338 
0.863422 0.909397 0 0 0.687977 0.843556 0 0 
0.42221 0.79934 0 0 0 0.919949 0 0 
0 0.927668 0 0.905521 0 0.882239 0 0 
0 0.9652 0 0.903416 0 0.55968 0 0 
0 0.974431 0.963269 0.900212 0.803705 0 0.90898 0 
0 0.838993 0.949218 0 0.899209 0 0.941413 0 
0 0 0.851555 0 0.934939 0 0.941076 0 
0.92643 0 0.428059 0 0.939143 0 0.942884 0 
0.899206 0 0 0 0.958786 0.964457 0.962473 0 
0 0 0 0 0.903632 0.962036 0.920411 0 
0 0 0 0 0.689805 0.914936 0.745186 0 
0 0 0.89231 0 0 0.929501 0 0.866272 
0 0 0.673973 0 0 0.940414 0 0.932826 
0 0.940696 0 0 0 0.933026 0 0.941881 
0 0.940072 0 0 0.928761 0.935832 0 0.941109 
0 0.751541 0 0 0.859826 0.824582 0 0.945553 
0 0 0 0 0 0 0 0.933095 
0 0 0 0 0 0 0 0.900249 
0 0 0 0 0 0 0 0.909412 
0 0 0 0 0.873052 0 0 0.73096 
0 0 0 0.94062 0.963558 0 0 0 
0 0 0 0.965688 0.962885 0 0 0 
0 0 0 0.96727 0.954619 0.939488 0 0 
0 0.938309 0 0.937007 0 0.93881 0 0 
0 0.931209 0 0.918828 0 0.941255 0 0 
0 0.925932 0 0.925026 0 0.930266 0 0 
0 0.962823 0 0.802001 0 0.822492 0 0 
0 0.914186 0 0 0 0 0 0 
0 0 0 0 0 0 0 0 
0 0 0 0 0 0 0 0 
0 0 0 0 0 0 0 0 
0 0 0 0 0 0 0 0 
0 0 0 0 0 0 0 0 
0 0 0 0 0 0 0 0 
0 0 0 0 0 0 0 0 
0 0 0 0 0 0 0 0 
