0 0 0 0 0 0 0 0 
0 0 0 0 0 0 0 0 
0 0 0 0 0 0 0 0 
0 0 0 0 0 0 0 0 
0 0 0 0 0 0 0 0 
0 0 0 0 0 0 0 0 
0 0 0 0 0 0 0 0 
0 0 0 0 0 0 0 0 
0 0 0 0 0 0 0 0 
0 0 0 0 0 0 0 0 
0 0 0 0 0 0 0 0 
0 0 0 0 0 0 0 0 
0 0 0 0 0 0 0 0 
0 0 0 0 0 0 0 0 
0 0 0 0 0 0 0 0 
0 0 0 0 0 0 0 0 
0 0 0 0 0 0 0 0 
0 0 0 0 0 0 0 0 
0 0 0 0 0 0 0 0 
0 0 0 0 0 0 0 0 
0 0 0 0 0 0 0 0 
0 0 0 0 0 0 0 0 
0 0 0 0 0 0 0 0 
0 0 0 0 0 0 0 0 
0 0 0 0 0 0 0 0 
0 0 0 0 0 0 0 0 
0 0 0 0 0 0 0 0 
0 0 0 0 0 0 0 0 
0 0 0 0 0 0 0 0 
0 0 0 0 0 0 0 0 
0 0 0 0 0 0 0 0 
0 0 0 0 0 0 0 0 
0 0 0 0 0 0 0 0 
0 0 0 0 0 0 0 0 
0 0 0 0 0 0 0 0 
0 0 0 0 0 0 0 0 
0 0 0 0 0 0 0 0 
0 0 0 0 0 0 0 0 
0 0 0 0 0 0 0 0 
0 0 0 0 0 0 0 0 
0 0 0 0 0 0 0 0 
0 0 0 0 0 0 0 0 
0 0 0 0 0 0 0 0 
0 0 0 0 0 0 0 0 
0 0 0 0 0 0 0 0 
0 0 0 0 0 0 0 0 
0 0 0 0 0 0 0 0 
0 0 0 0 0 0 0 0 
0 0 0 0 0 0 0 0 
0 0 0 0 0 0 0 0 
0 0 0 0 0 0 0 0 
0 0 0 0 0 0 0 0 
0 0 0 0 0 0 0 0 
0 0 0 0 0 0 0 0 
0 0 0 0 0 0 0 0 
0 0 0 0 0 0 0 0 
0 0 0 0 0 0 0 0 
0 0 0 0 0 0 0 0 
0 0 0 0 0 0 0 0 
0 0 0 0 0 0 0 0 
0 0 0 0 0 0 0 0 
0 0 0 0 0 0 0 0 
0 0 0 0 0 0 0 0 
0 0 0 0 0 0 0 0 
0 0 0 0 0 0 0 0 
0 0 0 0 0 0 0 0 
0 0 0 0 0 0 0 0 
0 0 0 0 0 0 0 0 
0.932281 0.964139 0.963552 0.964105 0.962198 0.958001 0.958109 0.963916 
0.997406 0.999087 0.999081 0.999083 0.99903 0.998956 0.998938 0.9991 
0.999888 0.999968 0.999963 0.999957 0.999963 0.999971 0.999972 0.999971 
0.999977 0.999988 0.99999 0.999987 0.999989 0.999994 0.999997 0.99999 
0.999968 0.999994 0.999995 0.999999 0.999994 1 0.999996 0.99999 
0.99997 0.99999 0.999984 0.999975 0.999966 0.999997 0.999992 0.999989 
0.999974 0.999998 0.999932 0.999965 0.999869 0.999939 0.999991 0.999986 
0.999985 0.99957 0.999716 0.999632 0.999691 0.999877 0.999964 0.999988 
0.999995 0.999586 0.999785 0.999786 0.999857 0.999943 0.999996 0.999994 
0.999998 0.999873 0.999978 0.999957 0.999981 0.999997 0.999997 0.999993 
0.999997 0.999972 0.999991 0.99999 0.999992 0.999994 0.999992 0.999984 
0.999979 0.999992 0.999996 0.999996 0.999995 0.999996 0.999995 0.999974 
0.999938 0.99999 0.999996 0.999996 0.999995 0.999994 0.999995 0.999954 
0.99989 0.999986 0.999995 0.999997 0.999997 0.999994 0.999989 0.999964 
0.999901 0.99999 0.999997 0.999998 0.999997 0.999992 0.999984 0.999972 
0.999961 0.999994 0.999997 0.999997 0.999995 0.999987 0.999978 0.999986 
0.999994 0.999996 0.999997 0.999997 0.999997 0.999992 0.999988 0.999998 
0.999998 0.999999 0.999998 0.999998 0.999999 0.999997 0.999999 0.999997 
0.999999 0.999999 0.999999 0.999998 0.999998 0.999998 0.999996 0.999995 
0.999999 0.999999 0.999999 0.999998 0.999998 0.999998 0.999995 0.999989 
0.999995 0.999999 0.999996 0.999995 0.999996 0.999996 0.999995 0.999974 
0.999976 0.99998 0.999984 0.999991 0.999998 0.999993 0.999986 0.99999 
0.999965 0.999803 0.999943 0.999987 0.999995 0.999995 0.999989 0.99998 
0.999983 0.99935 0.999909 0.999953 0.999986 0.999996 0.999993 0.999986 
0.999986 0.999956 0.999524 0.999848 0.999956 0.999992 0.999995 0.999977 
0.999986 0.999584 0.999552 0.999931 0.999921 0.999993 0.999952 0.999925 
0.999939 0.999147 0.999717 0.999234 0.999909 0.999958 0.999896 0.999775 
0.999208 0.972712 0.997147 0.973933 0.997909 0.999734 0.999111 0.998206 
0.971664 0 0.94587 0 0.947237 0.995629 0.973268 0.972069 
0 0 0.945198 0 0 0.916981 0 0.945165 
0 0 0.970854 0.945918 0 0 0 0.944489 
0 0 0.972791 0.971546 0 0 0 0.945535 
0 0 0.971515 0.971458 0 0 0 0.971607 
0.972946 0 0.945154 0.945165 0 0 0 0.972898 
0.998621 0 0 0 0 0 0 0.972273 
0.999219 0 0 0 0 0 0 0.946716 
0.997973 0 0 0 0 0 0 0 
0.972977 0.947401 0 0 0 0 0 0 
0.946744 0.996028 0.918978 0 0 0 0 0 
0 0.974262 0 0 0 0 0 0 
0 0.973048 0 0 0 0 0 0 
0 0.972968 0 0 0 0 0 0 
0 0.972279 0 0 0 0 0 0 
0 0.946672 0 0 0 0.916694 0 0.917483 
0 0 0 0 0 0.916683 0 0.94513 
0 0 0 0 0.91834 0 0.946646 0.996583 
0.972963 0 0 0 0.975221 0.972269 0.972246 0.999008 
0.999264 0 0 0 0.971573 0.972138 0 0.974691 
0.999353 0 0 0 0.945882 0.970089 0 0.972359 
0.999239 0 0 0 0 0.918254 0 0.946687 
0.997966 0 0 0 0 0 0 0 
0.97295 0 0 0 0 0 0 0 
0.946748 0 0 0 0 0 0 0 
0 0 0 0.917437 0 0 0 0.917476 
0 0.946669 0 0.943677 0 0 0 0.945127 
0 0.972348 0 0.944419 0 0 0.945915 0.996534 
0.972963 0.977512 0 0.945154 0 0 0.945946 0.997892 
0.999252 0.998766 0.97358 0.971532 0 0 0 0.974282 
0.999354 0.999932 0.998642 0.972905 0 0 0.948376 0.998101 
0.999937 0.999984 0.999384 0.973077 0 0.946677 0.997388 0.999886 
0.999997 0.999983 0.999425 0.976274 0 0.972946 0.999254 0.999975 
0.999991 0.999989 0.999953 0.998801 0.974553 0.998695 0.999947 0.999993 
0.999984 0.999956 0.999982 0.999946 0.99937 0.999949 0.999995 0.999991 
0.999973 0.99984 0.999948 0.999983 0.999981 0.999996 0.999997 0.999991 
0.999994 0.999652 0.999895 0.999975 0.999993 0.999995 0.999993 0.99998 
0.999954 0.999959 0.99995 0.999984 1 0.999992 0.999994 0.999994 
0.999954 0.999936 0.999998 0.999986 0.999995 0.999985 0.999998 0.999981 
0.999985 0.999979 0.999989 0.999985 0.99998 0.999982 0.999989 0.999992 
0.999997 0.999994 0.999993 0.999986 0.999982 0.99999 0.999995 0.999996 
0.999995 0.999999 0.999997 0.999993 0.999989 0.999995 0.999999 0.999996 
0.99999 0.999999 0.999999 0.999997 0.999995 0.999997 0.999998 0.999997 
0.999993 0.999999 0.999999 0.999998 0.999995 0.999996 0.999997 0.999997 
0.999995 0.999999 0.999999 1 0.999992 0.999993 0.999995 0.999994 
0.999988 0.999999 0.999998 0.999997 0.999996 0.999996 0.999995 0.999989 
0.999999 0.999999 0.999998 0.999996 0.999998 0.999997 0.999997 0.999992 
0.999977 0.99999 0.999992 0.999989 1 0.999997 1 0.999996 
0.999988 0.999963 0.999967 0.999964 0.999998 0.999992 0.999998 0.999996 
0.999988 0.99999 0.999931 0.999979 0.99994 0.999977 0.999993 0.999996 
0.999992 0.999997 0.999946 0.999998 0.999951 0.999978 0.999993 0.999997 
0.999997 0.999993 0.99998 0.999995 0.999981 0.999983 0.999996 0.999995 
0.999998 0.999993 0.999985 0.999987 0.999989 0.999978 0.999964 0.999979 
0.999993 0.999978 0.999983 0.999975 0.999973 0.999933 0.999891 0.999954 
0.999953 0.999891 0.999267 0.999906 0.99992 0.999787 0.999722 0.999993 
0.999926 0.99808 0.974172 0.998628 0.999795 0.999178 0.99983 0.999945 
0.999986 0.947254 0 0.974215 0.998548 0.976521 0.998696 0.99929 
0.999946 0 0.918713 0.998383 0.973392 0 0.972224 0.973617 
0.99866 0 0 0.97227 0.971447 0 0.945202 0 
0.972971 0 0 0.945277 0.945117 0 0.944483 0 
0.946754 0.946744 0 0 0 0 0.945168 0 
0 0.972296 0 0 0 0.945935 0.970837 0 
0 0.972982 0 0 0 0.972207 0.972494 0 
0 0.97271 0 0 0.94603 0.997197 0.972903 0 
0 0.946654 0 0 0.94984 0.997244 0.972557 0 
0 0 0 0.920703 0 0.971096 0.964123 0.810079 
0 0 0 0.943815 0 0.918136 0 0 
0 0 0 0.944363 0 0 0.916753 0 
0 0 0 0.943335 0 0 0.920168 0 
0 0 0 0.916175 0 0 0 0 
0 0 0.918109 0 0 0 0.91665 0 
0.919094 0 0.97075 0.94594 0 0 0.916642 0 
0 0.972966 0.997886 0.972361 0 0 0 0.917417 
0 0.999284 0.999235 0.972979 0 0 0 0.942908 
0 0.999954 0.999313 0.97365 0 0.918235 0 0.917353 
0 0.999954 0.999923 0.998982 0.972896 0.970788 0 0 
0 0.999907 0.999367 0.998568 0.972892 0.971483 0 0 
0 0.998802 0.977127 0.972409 0 0.945284 0 0.888854 
0 0.974689 0 0.946618 0 0.945677 0.944498 0 
0 0.998736 0.974196 0.995308 0.918952 0 0.944428 0 
0 0.999886 0.998021 0.973461 0 0.944417 0.944415 0 
0 0.998693 0.97355 0.970834 0 0.944406 0 0 
0 0.974301 0 0.918108 0 0.943747 0 0 
0 0.996683 0.918991 0 0 0.917519 0 0 
0 0.974298 0 0 0 0 0.918171 0 
0 0.998003 0.946684 0 0 0.918171 0.968644 0 
0 0.999219 0.972268 0 0.917442 0 0.945116 0 
0 0.998616 0.972892 0 0.943714 0 0.944423 0 
0 0.97292 0.971547 0 0.944793 0 0.944401 0 
0 0 0.945174 0 0.943647 0 0.94442 0 
0 0 0.944446 0 0.917205 0 0.944428 0 
0 0 0.945191 0 0 0 0.94445 0 
0 0.972956 0.972198 0 0 0 0.945178 0 
0 0.99927 0.997944 0.9467 0 0.947413 0.97155 0 
0 0.999943 0.999273 0.97296 0 0.972965 0.997712 0.947379 
0 0.999272 0.999897 0.998978 0.974325 0.998673 0.999862 0.997994 
0.972964 0.972915 0.998639 0.999905 0.99935 0.999949 0.999994 0.99993 
0.999286 0 0.973653 0.999318 0.999965 0.999997 1 0.999996 
0.999978 0 0.973659 0.999321 0.999997 1 0.999998 0.999997 
0.999992 0.972963 0.998666 0.999949 0.999997 0.999996 0.999991 0.999967 
0.999957 0.999285 0.999947 0.999995 0.999997 0.999988 0.999923 0.999252 
0.999178 0.999977 0.999993 0.999995 0.999993 0.999976 0.998624 0.973424 
0.972634 0.999989 0.999999 0.999995 0.99998 0.999338 0.974223 0 
0 0.999993 0.999993 0.999997 0.999986 0.99984 0.996666 0.946608 
0.971497 0.999995 0.999993 0.999983 0.999909 0.997976 0.947313 0 
0.9467 0.999988 0.999958 0.999931 0.999315 0.973412 0 0 
0 0.99999 0.999898 0.999927 0.9997 0.971414 0 0 
0 0.999945 0.999244 0.999027 0.997451 0.944669 0 0 
0 0.998672 0.973597 0.972831 0.972092 0 0 0 
0 0.973644 0 0 0.945166 0 0 0 
0 0.972257 0 0 0.943703 0 0 0 
0.946817 0.946579 0 0 0.917272 0 0 0 
0.976642 0 0 0 0 0 0 0.946751 
0.998071 0 0 0 0 0 0 0.972288 
0.999444 0 0 0 0 0 0 0.972951 
0.999297 0.946761 0 0 0 0 0 0.972985 
0.999318 0.972576 0 0 0.945192 0.945245 0 0.972695 
0.999247 0.972991 0 0 0.970799 0.971428 0 0.946637 
0.997274 0.972973 0 0 0.945829 0.970787 0 0 
0.947225 0.972959 0 0 0 0.945221 0 0 
0 0.972992 0 0.91746 0 0.943666 0 0 
0 0.973641 0 0.944427 0 0.917263 0 0 
0 0.997981 0.972938 0.970988 0.945157 0 0.917933 0 
0 0.972902 0.973561 0 0.944475 0 0.94888 0 
0 0 0.944446 0 0.944455 0 0.944583 0 
0.946012 0 0.917146 0 0.945184 0 0.945186 0 
0.946008 0 0 0 0.971545 0.972851 0.971516 0 
0 0 0 0 0.972547 0.997842 0.972181 0 
0 0 0 0 0.955446 0.995954 0.946576 0 
0 0 0.917999 0 0 0.946495 0 0.917427 
0 0 0.916625 0 0 0.944546 0 0.943676 
0 0.946725 0 0 0 0.945195 0 0.94441 
0 0.981501 0 0 0.945146 0.97007 0 0.944431 
0 0.946682 0 0 0.944448 0.945113 0 0.944434 
0 0 0 0 0 0 0 0.944437 
0 0 0 0 0 0 0 0.944435 
0 0 0 0 0 0 0 0.944047 
0 0 0 0 0.918206 0 0 0.917408 
0 0 0 0.945983 0.970111 0 0 0 
0 0 0 0.973459 0.972338 0 0 0 
0 0 0 0.97155 0.971498 0.945183 0 0 
0 0.946742 0 0.945182 0 0.944451 0 0 
0 0.972289 0 0.944427 0 0.94441 0 0 
0 0.972943 0 0.943681 0 0.943673 0 0 
0 0.972292 0 0.917405 0 0.917411 0 0 
0 0.946738 0 0 0 0 0 0 
0 0 0 0 0 0 0 0 
0 0 0 0 0 0 0 0 
0 0 0 0 0 0 0 0 
0 0 0 0 0 0 0 0 
0 0 0 0 0 0 0 0 
0 0 0 0 0 0 0 0 
0 0 0 0 0 0 0 0 
0 0 0 0 0 0 0 0 
